0.02 0.5 0.08 0.44 0.08 0.02 0.5 0.5 0.5 0.02 0.38 0.02 0.5 0.38 0.5 0.26 0.5 0.5 0.5 0.02 0.47 0.44 0.08 0.5 0.02 0.44 0.5 0.5 0.5 0.08 
0.02 0.5 0.08 0.44 0.08 0.02 0.5 0.5 0.5 0.02 0.38 0.02 0.5 0.38 0.5 0.26 0.5 0.5 0.5 0.02 0.5 0.44 0.08 0.5 0.02 0.44 0.5 0.5 0.5 0.08 
0.02 0.5 0.11 0.44 0.08 0.02 0.5 0.5 0.5 0.02 0.38 0.02 0.5 0.38 0.5 0.26 0.5 0.5 0.5 0.02 0.5 0.44 0.08 0.5 0.02 0.44 0.5 0.5 0.5 0.08 
0.02 0.5 0.14 0.44 0.08 0.02 0.5 0.5 0.5 0.02 0.38 0.02 0.5 0.38 0.5 0.26 0.5 0.5 0.5 0.02 0.5 0.44 0.08 0.5 0.02 0.44 0.5 0.5 0.5 0.08 
0.02 0.5 0.14 0.44 0.08 0.02 0.5 0.5 0.5 0.02 0.38 0.02 0.5 0.38 0.5 0.26 0.5 0.5 0.5 0.05 0.5 0.44 0.08 0.5 0.02 0.44 0.5 0.5 0.5 0.08 
0.02 0.5 0.14 0.44 0.08 0.02 0.5 0.5 0.5 0.02 0.38 0.02 0.5 0.38 0.5 0.26 0.5 0.5 0.5 0.08 0.5 0.44 0.08 0.5 0.02 0.44 0.5 0.5 0.5 0.08 
0.02 0.5 0.14 0.44 0.08 0.02 0.5 0.5 0.5 0.02 0.41 0.02 0.5 0.38 0.5 0.26 0.5 0.5 0.5 0.08 0.5 0.44 0.08 0.5 0.02 0.44 0.5 0.5 0.5 0.08 
0.02 0.5 0.14 0.44 0.08 0.02 0.5 0.5 0.5 0.02 0.44 0.02 0.5 0.38 0.5 0.26 0.5 0.5 0.5 0.08 0.5 0.44 0.08 0.5 0.02 0.44 0.5 0.5 0.5 0.08 
0.02 0.5 0.14 0.44 0.08 0.02 0.5 0.5 0.5 0.02 0.44 0.02 0.5 0.38 0.5 0.26 0.5 0.5 0.5 0.11 0.5 0.44 0.08 0.5 0.02 0.44 0.5 0.5 0.5 0.08 
0.02 0.5 0.14 0.44 0.08 0.02 0.5 0.5 0.5 0.02 0.44 0.02 0.5 0.38 0.5 0.26 0.5 0.5 0.5 0.14 0.5 0.44 0.08 0.5 0.02 0.44 0.5 0.5 0.5 0.08 
0.02 0.5 0.14 0.44 0.08 0.02 0.5 0.5 0.5 0.02 0.44 0.02 0.5 0.38 0.5 0.26 0.5 0.5 0.5 0.17 0.5 0.44 0.08 0.5 0.02 0.44 0.5 0.5 0.5 0.08 
0.02 0.5 0.14 0.44 0.08 0.02 0.5 0.5 0.5 0.02 0.44 0.02 0.5 0.38 0.5 0.26 0.5 0.5 0.5 0.2 0.5 0.44 0.08 0.5 0.02 0.44 0.5 0.5 0.5 0.08 
0.02 0.5 0.14 0.44 0.08 0.02 0.5 0.5 0.5 0.02 0.44 0.02 0.5 0.38 0.5 0.26 0.5 0.5 0.5 0.23 0.5 0.44 0.08 0.5 0.02 0.44 0.5 0.5 0.5 0.08 
0.02 0.5 0.14 0.44 0.08 0.02 0.5 0.5 0.5 0.02 0.44 0.02 0.5 0.38 0.5 0.26 0.5 0.5 0.5 0.26 0.5 0.44 0.08 0.5 0.02 0.44 0.5 0.5 0.5 0.08 
0.02 0.5 0.14 0.44 0.08 0.02 0.5 0.5 0.5 0.02 0.47 0.02 0.5 0.38 0.5 0.26 0.5 0.5 0.5 0.26 0.5 0.44 0.08 0.5 0.02 0.44 0.5 0.5 0.5 0.08 
0.02 0.5 0.14 0.44 0.08 0.02 0.5 0.5 0.5 0.02 0.5 0.02 0.5 0.38 0.5 0.26 0.5 0.5 0.5 0.26 0.5 0.44 0.08 0.5 0.02 0.44 0.5 0.5 0.5 0.08 
0.02 0.5 0.14 0.44 0.11 0.02 0.5 0.5 0.5 0.02 0.5 0.02 0.5 0.38 0.5 0.26 0.5 0.5 0.5 0.26 0.5 0.44 0.08 0.5 0.02 0.44 0.5 0.5 0.5 0.08 
0.02 0.5 0.14 0.44 0.14 0.02 0.5 0.5 0.5 0.02 0.5 0.02 0.5 0.38 0.5 0.26 0.5 0.5 0.5 0.26 0.5 0.44 0.08 0.5 0.02 0.44 0.5 0.5 0.5 0.08 
0.02 0.5 0.14 0.44 0.14 0.02 0.5 0.5 0.5 0.02 0.5 0.02 0.5 0.38 0.5 0.26 0.5 0.5 0.5 0.29 0.5 0.44 0.08 0.5 0.02 0.44 0.5 0.5 0.5 0.08 
0.02 0.5 0.14 0.44 0.14 0.02 0.5 0.5 0.5 0.02 0.5 0.02 0.5 0.38 0.5 0.26 0.5 0.5 0.5 0.32 0.5 0.44 0.08 0.5 0.02 0.44 0.5 0.5 0.5 0.08 
0.02 0.5 0.14 0.44 0.14 0.02 0.5 0.5 0.5 0.05 0.5 0.02 0.5 0.38 0.5 0.26 0.5 0.5 0.5 0.32 0.5 0.44 0.08 0.5 0.02 0.44 0.5 0.5 0.5 0.08 
0.02 0.5 0.14 0.44 0.14 0.02 0.5 0.5 0.5 0.08 0.5 0.02 0.5 0.38 0.5 0.26 0.5 0.5 0.5 0.32 0.5 0.44 0.08 0.5 0.02 0.44 0.5 0.5 0.5 0.08 
0.02 0.5 0.14 0.44 0.14 0.02 0.5 0.5 0.5 0.08 0.5 0.02 0.5 0.38 0.5 0.26 0.5 0.5 0.5 0.32 0.5 0.44 0.08 0.5 0.02 0.47 0.5 0.5 0.5 0.08 
0.02 0.5 0.14 0.44 0.14 0.02 0.5 0.5 0.5 0.08 0.5 0.02 0.5 0.38 0.5 0.26 0.5 0.5 0.5 0.32 0.5 0.44 0.08 0.5 0.02 0.5 0.5 0.5 0.5 0.08 
0.02 0.5 0.14 0.44 0.14 0.02 0.5 0.5 0.5 0.11 0.5 0.02 0.5 0.38 0.5 0.26 0.5 0.5 0.5 0.32 0.5 0.44 0.08 0.5 0.02 0.5 0.5 0.5 0.5 0.08 
0.02 0.5 0.14 0.44 0.14 0.02 0.5 0.5 0.5 0.14 0.5 0.02 0.5 0.38 0.5 0.26 0.5 0.5 0.5 0.32 0.5 0.44 0.08 0.5 0.02 0.5 0.5 0.5 0.5 0.08 
0.02 0.5 0.14 0.44 0.14 0.02 0.5 0.5 0.5 0.17 0.5 0.02 0.5 0.38 0.5 0.26 0.5 0.5 0.5 0.32 0.5 0.44 0.08 0.5 0.02 0.5 0.5 0.5 0.5 0.08 
0.02 0.5 0.14 0.44 0.14 0.02 0.5 0.5 0.5 0.2 0.5 0.02 0.5 0.38 0.5 0.26 0.5 0.5 0.5 0.32 0.5 0.44 0.08 0.5 0.02 0.5 0.5 0.5 0.5 0.08 
0.02 0.5 0.14 0.44 0.14 0.02 0.5 0.5 0.5 0.23 0.5 0.02 0.5 0.38 0.5 0.26 0.5 0.5 0.5 0.32 0.5 0.44 0.08 0.5 0.02 0.5 0.5 0.5 0.5 0.08 
0.02 0.5 0.14 0.44 0.14 0.02 0.5 0.5 0.5 0.26 0.5 0.02 0.5 0.38 0.5 0.26 0.5 0.5 0.5 0.32 0.5 0.44 0.08 0.5 0.02 0.5 0.5 0.5 0.5 0.08 
0.02 0.5 0.14 0.44 0.14 0.02 0.5 0.5 0.5 0.29 0.5 0.02 0.5 0.38 0.5 0.26 0.5 0.5 0.5 0.32 0.5 0.44 0.08 0.5 0.02 0.5 0.5 0.5 0.5 0.08 
0.02 0.5 0.14 0.44 0.14 0.02 0.5 0.5 0.5 0.32 0.5 0.02 0.5 0.38 0.5 0.26 0.5 0.5 0.5 0.32 0.5 0.44 0.08 0.5 0.02 0.5 0.5 0.5 0.5 0.08 
0.02 0.5 0.14 0.44 0.14 0.02 0.5 0.5 0.5 0.35 0.5 0.02 0.5 0.38 0.5 0.26 0.5 0.5 0.5 0.32 0.5 0.44 0.08 0.5 0.02 0.5 0.5 0.5 0.5 0.08 
0.02 0.5 0.14 0.44 0.14 0.02 0.5 0.5 0.5 0.38 0.5 0.02 0.5 0.38 0.5 0.26 0.5 0.5 0.5 0.32 0.5 0.44 0.08 0.5 0.02 0.5 0.5 0.5 0.5 0.08 
0.02 0.5 0.14 0.44 0.14 0.02 0.5 0.5 0.5 0.41 0.5 0.02 0.5 0.38 0.5 0.26 0.5 0.5 0.5 0.32 0.5 0.44 0.08 0.5 0.02 0.5 0.5 0.5 0.5 0.08 
0.02 0.5 0.14 0.44 0.14 0.02 0.5 0.5 0.5 0.44 0.5 0.02 0.5 0.38 0.5 0.26 0.5 0.5 0.5 0.32 0.5 0.44 0.08 0.5 0.02 0.5 0.5 0.5 0.5 0.08 
0.02 0.5 0.14 0.44 0.14 0.02 0.5 0.5 0.5 0.47 0.5 0.02 0.5 0.38 0.5 0.26 0.5 0.5 0.5 0.32 0.5 0.44 0.08 0.5 0.02 0.5 0.5 0.5 0.5 0.08 
0.02 0.5 0.14 0.44 0.14 0.02 0.5 0.5 0.5 0.5 0.5 0.02 0.5 0.38 0.5 0.26 0.5 0.5 0.5 0.32 0.5 0.44 0.08 0.5 0.02 0.5 0.5 0.5 0.5 0.08 
0.02 0.5 0.14 0.44 0.17 0.02 0.5 0.5 0.5 0.5 0.5 0.02 0.5 0.38 0.5 0.26 0.5 0.5 0.5 0.32 0.5 0.44 0.08 0.5 0.02 0.5 0.5 0.5 0.5 0.08 
0.02 0.5 0.14 0.44 0.2 0.02 0.5 0.5 0.5 0.5 0.5 0.02 0.5 0.38 0.5 0.26 0.5 0.5 0.5 0.32 0.5 0.44 0.08 0.5 0.02 0.5 0.5 0.5 0.5 0.08 
0.02 0.5 0.14 0.44 0.23 0.02 0.5 0.5 0.5 0.5 0.5 0.02 0.5 0.38 0.5 0.26 0.5 0.5 0.5 0.32 0.5 0.44 0.08 0.5 0.02 0.5 0.5 0.5 0.5 0.08 
0.02 0.5 0.14 0.44 0.26 0.02 0.5 0.5 0.5 0.5 0.5 0.02 0.5 0.38 0.5 0.26 0.5 0.5 0.5 0.32 0.5 0.44 0.08 0.5 0.02 0.5 0.5 0.5 0.5 0.08 
0.02 0.5 0.14 0.44 0.29 0.02 0.5 0.5 0.5 0.5 0.5 0.02 0.5 0.38 0.5 0.26 0.5 0.5 0.5 0.32 0.5 0.44 0.08 0.5 0.02 0.5 0.5 0.5 0.5 0.08 
0.02 0.5 0.14 0.44 0.32 0.02 0.5 0.5 0.5 0.5 0.5 0.02 0.5 0.38 0.5 0.26 0.5 0.5 0.5 0.32 0.5 0.44 0.08 0.5 0.02 0.5 0.5 0.5 0.5 0.08 
0.02 0.5 0.14 0.44 0.35 0.02 0.5 0.5 0.5 0.5 0.5 0.02 0.5 0.38 0.5 0.26 0.5 0.5 0.5 0.32 0.5 0.44 0.08 0.5 0.02 0.5 0.5 0.5 0.5 0.08 
0.02 0.5 0.14 0.44 0.38 0.02 0.5 0.5 0.5 0.5 0.5 0.02 0.5 0.38 0.5 0.26 0.5 0.5 0.5 0.32 0.5 0.44 0.08 0.5 0.02 0.5 0.5 0.5 0.5 0.08 
0.02 0.5 0.14 0.44 0.41 0.02 0.5 0.5 0.5 0.5 0.5 0.02 0.5 0.38 0.5 0.26 0.5 0.5 0.5 0.32 0.5 0.44 0.08 0.5 0.02 0.5 0.5 0.5 0.5 0.08 
0.02 0.5 0.14 0.44 0.44 0.02 0.5 0.5 0.5 0.5 0.5 0.02 0.5 0.38 0.5 0.26 0.5 0.5 0.5 0.32 0.5 0.44 0.08 0.5 0.02 0.5 0.5 0.5 0.5 0.08 
0.02 0.5 0.14 0.44 0.44 0.02 0.5 0.5 0.5 0.5 0.5 0.02 0.5 0.38 0.5 0.26 0.5 0.5 0.5 0.32 0.5 0.44 0.08 0.5 0.05 0.5 0.5 0.5 0.5 0.08 
0.02 0.5 0.14 0.44 0.44 0.02 0.5 0.5 0.5 0.5 0.5 0.02 0.5 0.38 0.5 0.26 0.5 0.5 0.5 0.32 0.5 0.44 0.08 0.5 0.08 0.5 0.5 0.5 0.5 0.08 
0.02 0.5 0.14 0.44 0.44 0.02 0.5 0.5 0.5 0.5 0.5 0.02 0.5 0.38 0.5 0.26 0.5 0.5 0.5 0.32 0.5 0.44 0.08 0.5 0.11 0.5 0.5 0.5 0.5 0.08 
0.02 0.5 0.14 0.44 0.44 0.02 0.5 0.5 0.5 0.5 0.5 0.02 0.5 0.38 0.5 0.26 0.5 0.5 0.5 0.32 0.5 0.44 0.08 0.5 0.14 0.5 0.5 0.5 0.5 0.08 
0.02 0.5 0.14 0.44 0.44 0.02 0.5 0.5 0.5 0.5 0.5 0.02 0.5 0.38 0.5 0.26 0.5 0.5 0.5 0.32 0.5 0.44 0.11 0.5 0.14 0.5 0.5 0.5 0.5 0.08 
0.02 0.5 0.14 0.44 0.44 0.02 0.5 0.5 0.5 0.5 0.5 0.02 0.5 0.38 0.5 0.26 0.5 0.5 0.5 0.32 0.5 0.44 0.14 0.5 0.14 0.5 0.5 0.5 0.5 0.08 
0.02 0.5 0.14 0.44 0.44 0.02 0.5 0.5 0.5 0.5 0.5 0.02 0.5 0.38 0.5 0.26 0.5 0.5 0.5 0.32 0.5 0.44 0.17 0.5 0.14 0.5 0.5 0.5 0.5 0.08 
0.02 0.5 0.14 0.44 0.44 0.02 0.5 0.5 0.5 0.5 0.5 0.02 0.5 0.38 0.5 0.26 0.5 0.5 0.5 0.32 0.5 0.44 0.2 0.5 0.14 0.5 0.5 0.5 0.5 0.08 
0.02 0.5 0.14 0.44 0.44 0.02 0.5 0.5 0.5 0.5 0.5 0.02 0.5 0.38 0.5 0.26 0.5 0.5 0.5 0.32 0.5 0.44 0.2 0.5 0.17 0.5 0.5 0.5 0.5 0.08 
0.02 0.5 0.14 0.44 0.44 0.02 0.5 0.5 0.5 0.5 0.5 0.02 0.5 0.38 0.5 0.26 0.5 0.5 0.5 0.32 0.5 0.44 0.2 0.5 0.2 0.5 0.5 0.5 0.5 0.08 
0.02 0.5 0.14 0.44 0.44 0.02 0.5 0.5 0.5 0.5 0.5 0.02 0.5 0.38 0.5 0.26 0.5 0.5 0.5 0.32 0.5 0.44 0.2 0.5 0.23 0.5 0.5 0.5 0.5 0.08 
0.02 0.5 0.14 0.44 0.44 0.02 0.5 0.5 0.5 0.5 0.5 0.02 0.5 0.38 0.5 0.26 0.5 0.5 0.5 0.32 0.5 0.44 0.2 0.5 0.26 0.5 0.5 0.5 0.5 0.08 
0.02 0.5 0.14 0.44 0.44 0.02 0.5 0.5 0.5 0.5 0.5 0.02 0.5 0.38 0.5 0.26 0.5 0.5 0.5 0.32 0.5 0.44 0.2 0.5 0.29 0.5 0.5 0.5 0.5 0.08 
0.02 0.5 0.14 0.44 0.44 0.02 0.5 0.5 0.5 0.5 0.5 0.02 0.5 0.38 0.5 0.26 0.5 0.5 0.5 0.32 0.5 0.44 0.2 0.5 0.32 0.5 0.5 0.5 0.5 0.08 
0.02 0.5 0.14 0.44 0.44 0.02 0.5 0.5 0.5 0.5 0.5 0.02 0.5 0.38 0.5 0.26 0.5 0.5 0.5 0.32 0.5 0.44 0.2 0.5 0.35 0.5 0.5 0.5 0.5 0.08 
0.02 0.5 0.14 0.44 0.44 0.02 0.5 0.5 0.5 0.5 0.5 0.02 0.5 0.38 0.5 0.26 0.5 0.5 0.5 0.32 0.5 0.44 0.2 0.5 0.38 0.5 0.5 0.5 0.5 0.08 
0.02 0.5 0.14 0.44 0.44 0.02 0.5 0.5 0.5 0.5 0.5 0.02 0.5 0.38 0.5 0.26 0.5 0.5 0.5 0.32 0.5 0.44 0.2 0.5 0.41 0.5 0.5 0.5 0.5 0.08 
0.02 0.5 0.14 0.44 0.44 0.02 0.5 0.5 0.5 0.5 0.5 0.02 0.5 0.38 0.5 0.26 0.5 0.5 0.5 0.32 0.5 0.44 0.2 0.5 0.44 0.5 0.5 0.5 0.5 0.08 
0.02 0.5 0.14 0.44 0.44 0.02 0.5 0.5 0.5 0.5 0.5 0.02 0.5 0.38 0.5 0.26 0.5 0.5 0.5 0.32 0.5 0.44 0.2 0.5 0.47 0.5 0.5 0.5 0.5 0.08 
0.02 0.5 0.14 0.44 0.44 0.02 0.5 0.5 0.5 0.5 0.5 0.02 0.5 0.38 0.5 0.26 0.5 0.5 0.5 0.32 0.5 0.44 0.2 0.5 0.5 0.5 0.5 0.5 0.5 0.08 
0.02 0.5 0.14 0.44 0.44 0.02 0.5 0.5 0.5 0.5 0.5 0.05 0.5 0.38 0.5 0.26 0.5 0.5 0.5 0.32 0.5 0.44 0.2 0.5 0.5 0.5 0.5 0.5 0.5 0.08 
0.02 0.5 0.14 0.44 0.44 0.02 0.5 0.5 0.5 0.5 0.5 0.08 0.5 0.38 0.5 0.26 0.5 0.5 0.5 0.32 0.5 0.44 0.2 0.5 0.5 0.5 0.5 0.5 0.5 0.08 
0.02 0.5 0.14 0.44 0.44 0.02 0.5 0.5 0.5 0.5 0.5 0.08 0.5 0.38 0.5 0.26 0.5 0.5 0.5 0.32 0.5 0.44 0.23 0.5 0.5 0.5 0.5 0.5 0.5 0.08 
0.02 0.5 0.14 0.44 0.44 0.02 0.5 0.5 0.5 0.5 0.5 0.08 0.5 0.38 0.5 0.26 0.5 0.5 0.5 0.32 0.5 0.44 0.26 0.5 0.5 0.5 0.5 0.5 0.5 0.08 
0.02 0.5 0.14 0.44 0.44 0.02 0.5 0.5 0.5 0.5 0.5 0.11 0.5 0.38 0.5 0.26 0.5 0.5 0.5 0.32 0.5 0.44 0.26 0.5 0.5 0.5 0.5 0.5 0.5 0.08 
0.02 0.5 0.14 0.44 0.44 0.02 0.5 0.5 0.5 0.5 0.5 0.14 0.5 0.38 0.5 0.26 0.5 0.5 0.5 0.32 0.5 0.44 0.26 0.5 0.5 0.5 0.5 0.5 0.5 0.08 
0.02 0.5 0.14 0.44 0.44 0.02 0.5 0.5 0.5 0.5 0.5 0.14 0.5 0.38 0.5 0.29 0.5 0.5 0.5 0.32 0.5 0.44 0.26 0.5 0.5 0.5 0.5 0.5 0.5 0.08 
0.02 0.5 0.14 0.44 0.44 0.02 0.5 0.5 0.5 0.5 0.5 0.14 0.5 0.38 0.5 0.32 0.5 0.5 0.5 0.32 0.5 0.44 0.26 0.5 0.5 0.5 0.5 0.5 0.5 0.08 
0.02 0.5 0.14 0.44 0.44 0.02 0.5 0.5 0.5 0.5 0.5 0.17 0.5 0.38 0.5 0.32 0.5 0.5 0.5 0.32 0.5 0.44 0.26 0.5 0.5 0.5 0.5 0.5 0.5 0.08 
0.02 0.5 0.14 0.44 0.44 0.02 0.5 0.5 0.5 0.5 0.5 0.2 0.5 0.38 0.5 0.32 0.5 0.5 0.5 0.32 0.5 0.44 0.26 0.5 0.5 0.5 0.5 0.5 0.5 0.08 
0.02 0.5 0.14 0.44 0.44 0.02 0.5 0.5 0.5 0.5 0.5 0.23 0.5 0.38 0.5 0.32 0.5 0.5 0.5 0.32 0.5 0.44 0.26 0.5 0.5 0.5 0.5 0.5 0.5 0.08 
0.02 0.5 0.14 0.44 0.44 0.02 0.5 0.5 0.5 0.5 0.5 0.26 0.5 0.38 0.5 0.32 0.5 0.5 0.5 0.32 0.5 0.44 0.26 0.5 0.5 0.5 0.5 0.5 0.5 0.08 
0.02 0.5 0.14 0.44 0.44 0.02 0.5 0.5 0.5 0.5 0.5 0.26 0.5 0.38 0.5 0.35 0.5 0.5 0.5 0.32 0.5 0.44 0.26 0.5 0.5 0.5 0.5 0.5 0.5 0.08 
0.02 0.5 0.14 0.44 0.44 0.02 0.5 0.5 0.5 0.5 0.5 0.26 0.5 0.38 0.5 0.38 0.5 0.5 0.5 0.32 0.5 0.44 0.26 0.5 0.5 0.5 0.5 0.5 0.5 0.08 
0.02 0.5 0.14 0.44 0.44 0.02 0.5 0.5 0.5 0.5 0.5 0.29 0.5 0.38 0.5 0.38 0.5 0.5 0.5 0.32 0.5 0.44 0.26 0.5 0.5 0.5 0.5 0.5 0.5 0.08 
0.02 0.5 0.14 0.44 0.44 0.02 0.5 0.5 0.5 0.5 0.5 0.32 0.5 0.38 0.5 0.38 0.5 0.5 0.5 0.32 0.5 0.44 0.26 0.5 0.5 0.5 0.5 0.5 0.5 0.08 
0.02 0.5 0.14 0.44 0.44 0.02 0.5 0.5 0.5 0.5 0.5 0.35 0.5 0.38 0.5 0.38 0.5 0.5 0.5 0.32 0.5 0.44 0.26 0.5 0.5 0.5 0.5 0.5 0.5 0.08 
0.02 0.5 0.14 0.44 0.44 0.02 0.5 0.5 0.5 0.5 0.5 0.38 0.5 0.38 0.5 0.38 0.5 0.5 0.5 0.32 0.5 0.44 0.26 0.5 0.5 0.5 0.5 0.5 0.5 0.08 
0.02 0.5 0.14 0.44 0.44 0.02 0.5 0.5 0.5 0.5 0.5 0.41 0.5 0.38 0.5 0.38 0.5 0.5 0.5 0.32 0.5 0.44 0.26 0.5 0.5 0.5 0.5 0.5 0.5 0.08 
0.02 0.5 0.14 0.44 0.44 0.02 0.5 0.5 0.5 0.5 0.5 0.44 0.5 0.38 0.5 0.38 0.5 0.5 0.5 0.32 0.5 0.44 0.26 0.5 0.5 0.5 0.5 0.5 0.5 0.08 
0.02 0.5 0.14 0.44 0.44 0.02 0.5 0.5 0.5 0.5 0.5 0.44 0.5 0.38 0.5 0.38 0.5 0.5 0.5 0.32 0.5 0.44 0.29 0.5 0.5 0.5 0.5 0.5 0.5 0.08 
0.02 0.5 0.14 0.44 0.44 0.02 0.5 0.5 0.5 0.5 0.5 0.44 0.5 0.38 0.5 0.38 0.5 0.5 0.5 0.32 0.5 0.44 0.32 0.5 0.5 0.5 0.5 0.5 0.5 0.08 
0.02 0.5 0.14 0.44 0.44 0.02 0.5 0.5 0.5 0.5 0.5 0.44 0.5 0.38 0.5 0.38 0.5 0.5 0.5 0.32 0.5 0.44 0.35 0.5 0.5 0.5 0.5 0.5 0.5 0.08 
0.02 0.5 0.14 0.44 0.44 0.02 0.5 0.5 0.5 0.5 0.5 0.44 0.5 0.38 0.5 0.38 0.5 0.5 0.5 0.32 0.5 0.44 0.38 0.5 0.5 0.5 0.5 0.5 0.5 0.08 
0.05 0.5 0.14 0.44 0.44 0.02 0.5 0.5 0.5 0.5 0.5 0.44 0.5 0.38 0.5 0.38 0.5 0.5 0.5 0.32 0.5 0.44 0.38 0.5 0.5 0.5 0.5 0.5 0.5 0.08 
0.08 0.5 0.14 0.44 0.44 0.02 0.5 0.5 0.5 0.5 0.5 0.44 0.5 0.38 0.5 0.38 0.5 0.5 0.5 0.32 0.5 0.44 0.38 0.5 0.5 0.5 0.5 0.5 0.5 0.08 
0.08 0.5 0.14 0.44 0.44 0.02 0.5 0.5 0.5 0.5 0.5 0.44 0.5 0.38 0.5 0.38 0.5 0.5 0.5 0.35 0.5 0.44 0.38 0.5 0.5 0.5 0.5 0.5 0.5 0.08 
0.08 0.5 0.14 0.44 0.44 0.02 0.5 0.5 0.5 0.5 0.5 0.44 0.5 0.38 0.5 0.38 0.5 0.5 0.5 0.38 0.5 0.44 0.38 0.5 0.5 0.5 0.5 0.5 0.5 0.08 
0.08 0.5 0.14 0.44 0.44 0.02 0.5 0.5 0.5 0.5 0.5 0.44 0.5 0.38 0.5 0.38 0.5 0.5 0.5 0.41 0.5 0.44 0.38 0.5 0.5 0.5 0.5 0.5 0.5 0.08 
0.08 0.5 0.14 0.44 0.44 0.02 0.5 0.5 0.5 0.5 0.5 0.44 0.5 0.38 0.5 0.38 0.5 0.5 0.5 0.44 0.5 0.44 0.38 0.5 0.5 0.5 0.5 0.5 0.5 0.08 
0.08 0.5 0.14 0.44 0.44 0.02 0.5 0.5 0.5 0.5 0.5 0.44 0.5 0.38 0.5 0.38 0.5 0.5 0.5 0.47 0.5 0.44 0.38 0.5 0.5 0.5 0.5 0.5 0.5 0.08 
0.08 0.5 0.14 0.44 0.44 0.02 0.5 0.5 0.5 0.5 0.5 0.44 0.5 0.38 0.5 0.38 0.5 0.5 0.5 0.5 0.5 0.44 0.38 0.5 0.5 0.5 0.5 0.5 0.5 0.08 
0.08 0.5 0.17 0.44 0.44 0.02 0.5 0.5 0.5 0.5 0.5 0.44 0.5 0.38 0.5 0.38 0.5 0.5 0.5 0.5 0.5 0.44 0.38 0.5 0.5 0.5 0.5 0.5 0.5 0.08 
0.08 0.5 0.2 0.44 0.44 0.02 0.5 0.5 0.5 0.5 0.5 0.44 0.5 0.38 0.5 0.38 0.5 0.5 0.5 0.5 0.5 0.44 0.38 0.5 0.5 0.5 0.5 0.5 0.5 0.08 
0.08 0.5 0.23 0.44 0.44 0.02 0.5 0.5 0.5 0.5 0.5 0.44 0.5 0.38 0.5 0.38 0.5 0.5 0.5 0.5 0.5 0.44 0.38 0.5 0.5 0.5 0.5 0.5 0.5 0.08 
0.08 0.5 0.26 0.44 0.44 0.02 0.5 0.5 0.5 0.5 0.5 0.44 0.5 0.38 0.5 0.38 0.5 0.5 0.5 0.5 0.5 0.44 0.38 0.5 0.5 0.5 0.5 0.5 0.5 0.08 
0.08 0.5 0.29 0.44 0.44 0.02 0.5 0.5 0.5 0.5 0.5 0.44 0.5 0.38 0.5 0.38 0.5 0.5 0.5 0.5 0.5 0.44 0.38 0.5 0.5 0.5 0.5 0.5 0.5 0.08 
0.08 0.5 0.32 0.44 0.44 0.02 0.5 0.5 0.5 0.5 0.5 0.44 0.5 0.38 0.5 0.38 0.5 0.5 0.5 0.5 0.5 0.44 0.38 0.5 0.5 0.5 0.5 0.5 0.5 0.08 
0.08 0.5 0.35 0.44 0.44 0.02 0.5 0.5 0.5 0.5 0.5 0.44 0.5 0.38 0.5 0.38 0.5 0.5 0.5 0.5 0.5 0.44 0.38 0.5 0.5 0.5 0.5 0.5 0.5 0.08 
0.08 0.5 0.38 0.44 0.44 0.02 0.5 0.5 0.5 0.5 0.5 0.44 0.5 0.38 0.5 0.38 0.5 0.5 0.5 0.5 0.5 0.44 0.38 0.5 0.5 0.5 0.5 0.5 0.5 0.08 
0.08 0.5 0.41 0.44 0.44 0.02 0.5 0.5 0.5 0.5 0.5 0.44 0.5 0.38 0.5 0.38 0.5 0.5 0.5 0.5 0.5 0.44 0.38 0.5 0.5 0.5 0.5 0.5 0.5 0.08 
0.08 0.5 0.44 0.44 0.44 0.02 0.5 0.5 0.5 0.5 0.5 0.44 0.5 0.38 0.5 0.38 0.5 0.5 0.5 0.5 0.5 0.44 0.38 0.5 0.5 0.5 0.5 0.5 0.5 0.08 
0.08 0.5 0.44 0.44 0.44 0.02 0.5 0.5 0.5 0.5 0.5 0.44 0.5 0.38 0.5 0.38 0.5 0.5 0.5 0.5 0.5 0.44 0.41 0.5 0.5 0.5 0.5 0.5 0.5 0.08 
0.08 0.5 0.44 0.44 0.44 0.02 0.5 0.5 0.5 0.5 0.5 0.44 0.5 0.38 0.5 0.38 0.5 0.5 0.5 0.5 0.5 0.44 0.44 0.5 0.5 0.5 0.5 0.5 0.5 0.08 
0.08 0.5 0.44 0.44 0.44 0.02 0.5 0.5 0.5 0.5 0.5 0.44 0.5 0.38 0.5 0.38 0.5 0.5 0.5 0.5 0.5 0.44 0.47 0.5 0.5 0.5 0.5 0.5 0.5 0.08 
0.08 0.5 0.44 0.44 0.44 0.02 0.5 0.5 0.5 0.5 0.5 0.44 0.5 0.38 0.5 0.38 0.5 0.5 0.5 0.5 0.5 0.44 0.5 0.5 0.5 0.5 0.5 0.5 0.5 0.08 
0.08 0.5 0.44 0.44 0.44 0.02 0.5 0.5 0.5 0.5 0.5 0.44 0.5 0.41 0.5 0.38 0.5 0.5 0.5 0.5 0.5 0.44 0.5 0.5 0.5 0.5 0.5 0.5 0.5 0.08 
0.08 0.5 0.44 0.44 0.44 0.02 0.5 0.5 0.5 0.5 0.5 0.44 0.5 0.44 0.5 0.38 0.5 0.5 0.5 0.5 0.5 0.44 0.5 0.5 0.5 0.5 0.5 0.5 0.5 0.08 
0.08 0.5 0.44 0.44 0.44 0.02 0.5 0.5 0.5 0.5 0.5 0.44 0.5 0.47 0.5 0.38 0.5 0.5 0.5 0.5 0.5 0.44 0.5 0.5 0.5 0.5 0.5 0.5 0.5 0.08 
0.08 0.5 0.44 0.44 0.44 0.02 0.5 0.5 0.5 0.5 0.5 0.44 0.5 0.5 0.5 0.38 0.5 0.5 0.5 0.5 0.5 0.44 0.5 0.5 0.5 0.5 0.5 0.5 0.5 0.08 
0.08 0.5 0.44 0.47 0.44 0.02 0.5 0.5 0.5 0.5 0.5 0.44 0.5 0.5 0.5 0.38 0.5 0.5 0.5 0.5 0.5 0.44 0.5 0.5 0.5 0.5 0.5 0.5 0.5 0.08 
0.08 0.5 0.44 0.5 0.44 0.02 0.5 0.5 0.5 0.5 0.5 0.44 0.5 0.5 0.5 0.38 0.5 0.5 0.5 0.5 0.5 0.44 0.5 0.5 0.5 0.5 0.5 0.5 0.5 0.08 
0.11 0.5 0.44 0.5 0.44 0.02 0.5 0.5 0.5 0.5 0.5 0.44 0.5 0.5 0.5 0.38 0.5 0.5 0.5 0.5 0.5 0.44 0.5 0.5 0.5 0.5 0.5 0.5 0.5 0.08 
0.14 0.5 0.44 0.5 0.44 0.02 0.5 0.5 0.5 0.5 0.5 0.44 0.5 0.5 0.5 0.38 0.5 0.5 0.5 0.5 0.5 0.44 0.5 0.5 0.5 0.5 0.5 0.5 0.5 0.08 
0.17 0.5 0.44 0.5 0.44 0.02 0.5 0.5 0.5 0.5 0.5 0.44 0.5 0.5 0.5 0.38 0.5 0.5 0.5 0.5 0.5 0.44 0.5 0.5 0.5 0.5 0.5 0.5 0.5 0.08 
0.2 0.5 0.44 0.5 0.44 0.02 0.5 0.5 0.5 0.5 0.5 0.44 0.5 0.5 0.5 0.38 0.5 0.5 0.5 0.5 0.5 0.44 0.5 0.5 0.5 0.5 0.5 0.5 0.5 0.08 
0.23 0.5 0.44 0.5 0.44 0.02 0.5 0.5 0.5 0.5 0.5 0.44 0.5 0.5 0.5 0.38 0.5 0.5 0.5 0.5 0.5 0.44 0.5 0.5 0.5 0.5 0.5 0.5 0.5 0.08 
0.26 0.5 0.44 0.5 0.44 0.02 0.5 0.5 0.5 0.5 0.5 0.44 0.5 0.5 0.5 0.38 0.5 0.5 0.5 0.5 0.5 0.44 0.5 0.5 0.5 0.5 0.5 0.5 0.5 0.08 
0.29 0.5 0.44 0.5 0.44 0.02 0.5 0.5 0.5 0.5 0.5 0.44 0.5 0.5 0.5 0.38 0.5 0.5 0.5 0.5 0.5 0.44 0.5 0.5 0.5 0.5 0.5 0.5 0.5 0.08 
0.32 0.5 0.44 0.5 0.44 0.02 0.5 0.5 0.5 0.5 0.5 0.44 0.5 0.5 0.5 0.38 0.5 0.5 0.5 0.5 0.5 0.44 0.5 0.5 0.5 0.5 0.5 0.5 0.5 0.08 
0.35 0.5 0.44 0.5 0.44 0.02 0.5 0.5 0.5 0.5 0.5 0.44 0.5 0.5 0.5 0.38 0.5 0.5 0.5 0.5 0.5 0.44 0.5 0.5 0.5 0.5 0.5 0.5 0.5 0.08 
0.38 0.5 0.44 0.5 0.44 0.02 0.5 0.5 0.5 0.5 0.5 0.44 0.5 0.5 0.5 0.38 0.5 0.5 0.5 0.5 0.5 0.44 0.5 0.5 0.5 0.5 0.5 0.5 0.5 0.08 
0.41 0.5 0.44 0.5 0.44 0.02 0.5 0.5 0.5 0.5 0.5 0.44 0.5 0.5 0.5 0.38 0.5 0.5 0.5 0.5 0.5 0.44 0.5 0.5 0.5 0.5 0.5 0.5 0.5 0.08 
0.44 0.5 0.44 0.5 0.44 0.02 0.5 0.5 0.5 0.5 0.5 0.44 0.5 0.5 0.5 0.38 0.5 0.5 0.5 0.5 0.5 0.44 0.5 0.5 0.5 0.5 0.5 0.5 0.5 0.08 
0.47 0.5 0.44 0.5 0.44 0.02 0.5 0.5 0.5 0.5 0.5 0.44 0.5 0.5 0.5 0.38 0.5 0.5 0.5 0.5 0.5 0.44 0.5 0.5 0.5 0.5 0.5 0.5 0.5 0.08 
0.5 0.5 0.44 0.5 0.44 0.02 0.5 0.5 0.5 0.5 0.5 0.44 0.5 0.5 0.5 0.38 0.5 0.5 0.5 0.5 0.5 0.44 0.5 0.5 0.5 0.5 0.5 0.5 0.5 0.08 
0.5 0.5 0.44 0.5 0.44 0.02 0.5 0.5 0.5 0.5 0.5 0.44 0.5 0.5 0.5 0.38 0.5 0.5 0.5 0.5 0.5 0.47 0.5 0.5 0.5 0.5 0.5 0.5 0.5 0.08 
0.5 0.5 0.44 0.5 0.44 0.02 0.5 0.5 0.5 0.5 0.5 0.44 0.5 0.5 0.5 0.38 0.5 0.5 0.5 0.5 0.5 0.5 0.5 0.5 0.5 0.5 0.5 0.5 0.5 0.08 
0.5 0.5 0.44 0.5 0.44 0.02 0.5 0.5 0.5 0.5 0.5 0.44 0.5 0.5 0.5 0.38 0.5 0.5 0.5 0.5 0.5 0.5 0.5 0.5 0.5 0.5 0.5 0.5 0.5 0.11 
0.5 0.5 0.44 0.5 0.44 0.02 0.5 0.5 0.5 0.5 0.5 0.44 0.5 0.5 0.5 0.38 0.5 0.5 0.5 0.5 0.5 0.5 0.5 0.5 0.5 0.5 0.5 0.5 0.5 0.14 
0.5 0.5 0.44 0.5 0.44 0.02 0.5 0.5 0.5 0.5 0.5 0.44 0.5 0.5 0.5 0.38 0.5 0.5 0.5 0.5 0.5 0.5 0.5 0.5 0.5 0.5 0.5 0.5 0.5 0.17 
0.5 0.5 0.44 0.5 0.44 0.02 0.5 0.5 0.5 0.5 0.5 0.44 0.5 0.5 0.5 0.38 0.5 0.5 0.5 0.5 0.5 0.5 0.5 0.5 0.5 0.5 0.5 0.5 0.5 0.2 
0.5 0.5 0.44 0.5 0.44 0.02 0.5 0.5 0.5 0.5 0.5 0.44 0.5 0.5 0.5 0.38 0.5 0.5 0.5 0.5 0.5 0.5 0.5 0.5 0.5 0.5 0.5 0.5 0.5 0.23 
0.5 0.5 0.44 0.5 0.44 0.02 0.5 0.5 0.5 0.5 0.5 0.44 0.5 0.5 0.5 0.38 0.5 0.5 0.5 0.5 0.5 0.5 0.5 0.5 0.5 0.5 0.5 0.5 0.5 0.26 
0.5 0.5 0.44 0.5 0.44 0.02 0.5 0.5 0.5 0.5 0.5 0.44 0.5 0.5 0.5 0.38 0.5 0.5 0.5 0.5 0.5 0.5 0.5 0.5 0.5 0.5 0.5 0.5 0.5 0.29 
0.5 0.5 0.44 0.5 0.44 0.02 0.5 0.5 0.5 0.5 0.5 0.44 0.5 0.5 0.5 0.38 0.5 0.5 0.5 0.5 0.5 0.5 0.5 0.5 0.5 0.5 0.5 0.5 0.5 0.32 
0.5 0.5 0.44 0.5 0.44 0.02 0.5 0.5 0.5 0.5 0.5 0.44 0.5 0.5 0.5 0.38 0.5 0.5 0.5 0.5 0.5 0.5 0.5 0.5 0.5 0.5 0.5 0.5 0.5 0.35 
0.5 0.5 0.44 0.5 0.44 0.02 0.5 0.5 0.5 0.5 0.5 0.44 0.5 0.5 0.5 0.38 0.5 0.5 0.5 0.5 0.5 0.5 0.5 0.5 0.5 0.5 0.5 0.5 0.5 0.38 
0.5 0.5 0.44 0.5 0.44 0.02 0.5 0.5 0.5 0.5 0.5 0.44 0.5 0.5 0.5 0.38 0.5 0.5 0.5 0.5 0.5 0.5 0.5 0.5 0.5 0.5 0.5 0.5 0.5 0.41 
0.5 0.5 0.44 0.5 0.44 0.02 0.5 0.5 0.5 0.5 0.5 0.44 0.5 0.5 0.5 0.38 0.5 0.5 0.5 0.5 0.5 0.5 0.5 0.5 0.5 0.5 0.5 0.5 0.5 0.44 
0.5 0.5 0.44 0.5 0.44 0.02 0.5 0.5 0.5 0.5 0.5 0.44 0.5 0.5 0.5 0.38 0.5 0.5 0.5 0.5 0.5 0.5 0.5 0.5 0.5 0.5 0.5 0.5 0.5 0.47 
0.5 0.5 0.44 0.5 0.44 0.02 0.5 0.5 0.5 0.5 0.5 0.44 0.5 0.5 0.5 0.38 0.5 0.5 0.5 0.5 0.5 0.5 0.5 0.5 0.5 0.5 0.5 0.5 0.5 0.5 
0.5 0.5 0.44 0.5 0.44 0.05 0.5 0.5 0.5 0.5 0.5 0.44 0.5 0.5 0.5 0.38 0.5 0.5 0.5 0.5 0.5 0.5 0.5 0.5 0.5 0.5 0.5 0.5 0.5 0.5 
0.5 0.5 0.44 0.5 0.44 0.08 0.5 0.5 0.5 0.5 0.5 0.44 0.5 0.5 0.5 0.38 0.5 0.5 0.5 0.5 0.5 0.5 0.5 0.5 0.5 0.5 0.5 0.5 0.5 0.5 
0.5 0.5 0.47 0.5 0.44 0.08 0.5 0.5 0.5 0.5 0.5 0.44 0.5 0.5 0.5 0.38 0.5 0.5 0.5 0.5 0.5 0.5 0.5 0.5 0.5 0.5 0.5 0.5 0.5 0.5 
0.5 0.5 0.5 0.5 0.44 0.08 0.5 0.5 0.5 0.5 0.5 0.44 0.5 0.5 0.5 0.38 0.5 0.5 0.5 0.5 0.5 0.5 0.5 0.5 0.5 0.5 0.5 0.5 0.5 0.5 
0.5 0.5 0.5 0.5 0.44 0.11 0.5 0.5 0.5 0.5 0.5 0.44 0.5 0.5 0.5 0.38 0.5 0.5 0.5 0.5 0.5 0.5 0.5 0.5 0.5 0.5 0.5 0.5 0.5 0.5 
0.5 0.5 0.5 0.5 0.44 0.14 0.5 0.5 0.5 0.5 0.5 0.44 0.5 0.5 0.5 0.38 0.5 0.5 0.5 0.5 0.5 0.5 0.5 0.5 0.5 0.5 0.5 0.5 0.5 0.5 
0.5 0.5 0.5 0.5 0.44 0.17 0.5 0.5 0.5 0.5 0.5 0.44 0.5 0.5 0.5 0.38 0.5 0.5 0.5 0.5 0.5 0.5 0.5 0.5 0.5 0.5 0.5 0.5 0.5 0.5 
0.5 0.5 0.5 0.5 0.44 0.2 0.5 0.5 0.5 0.5 0.5 0.44 0.5 0.5 0.5 0.38 0.5 0.5 0.5 0.5 0.5 0.5 0.5 0.5 0.5 0.5 0.5 0.5 0.5 0.5 
0.5 0.5 0.5 0.5 0.44 0.23 0.5 0.5 0.5 0.5 0.5 0.44 0.5 0.5 0.5 0.38 0.5 0.5 0.5 0.5 0.5 0.5 0.5 0.5 0.5 0.5 0.5 0.5 0.5 0.5 
0.5 0.5 0.5 0.5 0.44 0.26 0.5 0.5 0.5 0.5 0.5 0.44 0.5 0.5 0.5 0.38 0.5 0.5 0.5 0.5 0.5 0.5 0.5 0.5 0.5 0.5 0.5 0.5 0.5 0.5 
0.5 0.5 0.5 0.5 0.44 0.29 0.5 0.5 0.5 0.5 0.5 0.44 0.5 0.5 0.5 0.38 0.5 0.5 0.5 0.5 0.5 0.5 0.5 0.5 0.5 0.5 0.5 0.5 0.5 0.5 
0.5 0.5 0.5 0.5 0.44 0.32 0.5 0.5 0.5 0.5 0.5 0.44 0.5 0.5 0.5 0.38 0.5 0.5 0.5 0.5 0.5 0.5 0.5 0.5 0.5 0.5 0.5 0.5 0.5 0.5 
0.5 0.5 0.5 0.5 0.44 0.35 0.5 0.5 0.5 0.5 0.5 0.44 0.5 0.5 0.5 0.38 0.5 0.5 0.5 0.5 0.5 0.5 0.5 0.5 0.5 0.5 0.5 0.5 0.5 0.5 
0.5 0.5 0.5 0.5 0.44 0.38 0.5 0.5 0.5 0.5 0.5 0.44 0.5 0.5 0.5 0.38 0.5 0.5 0.5 0.5 0.5 0.5 0.5 0.5 0.5 0.5 0.5 0.5 0.5 0.5 
0.5 0.5 0.5 0.5 0.44 0.41 0.5 0.5 0.5 0.5 0.5 0.44 0.5 0.5 0.5 0.38 0.5 0.5 0.5 0.5 0.5 0.5 0.5 0.5 0.5 0.5 0.5 0.5 0.5 0.5 
0.5 0.5 0.5 0.5 0.44 0.44 0.5 0.5 0.5 0.5 0.5 0.44 0.5 0.5 0.5 0.38 0.5 0.5 0.5 0.5 0.5 0.5 0.5 0.5 0.5 0.5 0.5 0.5 0.5 0.5 
0.5 0.5 0.5 0.5 0.44 0.47 0.5 0.5 0.5 0.5 0.5 0.44 0.5 0.5 0.5 0.38 0.5 0.5 0.5 0.5 0.5 0.5 0.5 0.5 0.5 0.5 0.5 0.5 0.5 0.5 
0.5 0.5 0.5 0.5 0.44 0.5 0.5 0.5 0.5 0.5 0.5 0.44 0.5 0.5 0.5 0.38 0.5 0.5 0.5 0.5 0.5 0.5 0.5 0.5 0.5 0.5 0.5 0.5 0.5 0.5 
0.5 0.5 0.5 0.5 0.44 0.5 0.5 0.5 0.5 0.5 0.5 0.47 0.5 0.5 0.5 0.38 0.5 0.5 0.5 0.5 0.5 0.5 0.5 0.5 0.5 0.5 0.5 0.5 0.5 0.5 
0.5 0.5 0.5 0.5 0.44 0.5 0.5 0.5 0.5 0.5 0.5 0.5 0.5 0.5 0.5 0.38 0.5 0.5 0.5 0.5 0.5 0.5 0.5 0.5 0.5 0.5 0.5 0.5 0.5 0.5 
0.5 0.5 0.5 0.5 0.44 0.5 0.5 0.5 0.5 0.5 0.5 0.5 0.5 0.5 0.5 0.41 0.5 0.5 0.5 0.5 0.5 0.5 0.5 0.5 0.5 0.5 0.5 0.5 0.5 0.5 
0.5 0.5 0.5 0.5 0.44 0.5 0.5 0.5 0.5 0.5 0.5 0.5 0.5 0.5 0.5 0.44 0.5 0.5 0.5 0.5 0.5 0.5 0.5 0.5 0.5 0.5 0.5 0.5 0.5 0.5 
0.5 0.5 0.5 0.5 0.44 0.5 0.5 0.5 0.5 0.5 0.5 0.5 0.5 0.5 0.5 0.47 0.5 0.5 0.5 0.5 0.5 0.5 0.5 0.5 0.5 0.5 0.5 0.5 0.5 0.5 
0.5 0.5 0.5 0.5 0.44 0.5 0.5 0.5 0.5 0.5 0.5 0.5 0.5 0.5 0.5 0.5 0.5 0.5 0.5 0.5 0.5 0.5 0.5 0.5 0.5 0.5 0.5 0.5 0.5 0.5 
0.5 0.5 0.5 0.5 0.47 0.5 0.5 0.5 0.5 0.5 0.5 0.5 0.5 0.5 0.5 0.5 0.5 0.5 0.5 0.5 0.5 0.5 0.5 0.5 0.5 0.5 0.5 0.5 0.5 0.5 
