0.02 0.47 0.14 0.44 0.14 0.02 0.5 0.5 0.5 0.08 0.5 0.02 0.5 0.38 0.5 0.26 0.5 0.5 0.5 0.32 0.5 0.44 0.08 0.5 0.02 0.5 0.5 0.5 0.5 0.08 	0.02 4.22439 	
0.02 0.47 0.14 0.44 0.44 0.02 0.5 0.5 0.5 0.5 0.5 0.08 0.5 0.38 0.5 0.26 0.5 0.5 0.5 0.32 0.5 0.44 0.2 0.5 0.5 0.5 0.5 0.5 0.5 0.08 	0.02 4.65267 	
0.02 0.47 0.14 0.44 0.44 0.02 0.5 0.5 0.5 0.5 0.5 0.14 0.5 0.38 0.5 0.26 0.5 0.5 0.5 0.32 0.5 0.44 0.26 0.5 0.5 0.5 0.5 0.5 0.5 0.08 	0.02 4.68991 	
0.02 0.47 0.14 0.44 0.44 0.02 0.5 0.5 0.5 0.5 0.5 0.14 0.5 0.38 0.5 0.32 0.5 0.5 0.5 0.32 0.5 0.44 0.26 0.5 0.5 0.5 0.5 0.5 0.5 0.08 	0.02 4.70854 	
0.02 0.47 0.14 0.44 0.44 0.02 0.5 0.5 0.5 0.5 0.5 0.2 0.5 0.38 0.5 0.32 0.5 0.5 0.5 0.32 0.5 0.44 0.26 0.5 0.5 0.5 0.5 0.5 0.5 0.08 	0.02 4.72716 	
0.02 0.47 0.14 0.44 0.44 0.02 0.5 0.5 0.5 0.5 0.5 0.26 0.5 0.38 0.5 0.32 0.5 0.5 0.5 0.32 0.5 0.44 0.26 0.5 0.5 0.5 0.5 0.5 0.5 0.08 	0.02 4.74578 	
0.02 0.47 0.14 0.44 0.44 0.02 0.5 0.5 0.5 0.5 0.5 0.26 0.5 0.38 0.5 0.38 0.5 0.5 0.5 0.32 0.5 0.44 0.26 0.5 0.5 0.5 0.5 0.5 0.5 0.08 	0.02 4.7644 	
0.02 0.47 0.14 0.44 0.44 0.02 0.5 0.5 0.5 0.5 0.5 0.32 0.5 0.38 0.5 0.38 0.5 0.5 0.5 0.32 0.5 0.44 0.26 0.5 0.5 0.5 0.5 0.5 0.5 0.08 	0.02 4.78302 	
0.02 0.47 0.14 0.44 0.44 0.02 0.5 0.5 0.5 0.5 0.5 0.38 0.5 0.38 0.5 0.38 0.5 0.5 0.5 0.32 0.5 0.44 0.26 0.5 0.5 0.5 0.5 0.5 0.5 0.08 	0.02 4.80164 	
0.02 0.47 0.14 0.44 0.44 0.02 0.5 0.5 0.5 0.5 0.5 0.44 0.5 0.38 0.5 0.38 0.5 0.5 0.5 0.32 0.5 0.44 0.26 0.5 0.5 0.5 0.5 0.5 0.5 0.08 	0.02 4.82026 	
0.02 0.5 0.08 0.44 0.05 0.02 0.5 0.5 0.5 0.02 0.38 0.02 0.5 0.38 0.5 0.26 0.5 0.5 0.5 0.02 0.5 0.44 0.08 0.5 0.02 0.44 0.5 0.5 0.5 0.08 	0.02 4.01956 	
0.02 0.5 0.08 0.44 0.08 0.02 0.5 0.5 0.5 0.02 0.35 0.02 0.5 0.38 0.5 0.26 0.5 0.5 0.5 0.02 0.5 0.44 0.08 0.5 0.02 0.44 0.5 0.5 0.5 0.08 	0.02 4.01956 	
0.02 0.5 0.08 0.44 0.08 0.02 0.5 0.5 0.5 0.02 0.38 0.02 0.5 0.38 0.5 0.26 0.5 0.5 0.5 0.02 0.47 0.44 0.08 0.5 0.02 0.44 0.5 0.5 0.5 0.08 	0.02 4.01956 	
0.02 0.5 0.08 0.44 0.08 0.02 0.5 0.5 0.5 0.02 0.38 0.02 0.5 0.38 0.5 0.26 0.5 0.5 0.5 0.02 0.5 0.44 0.08 0.5 0.02 0.44 0.5 0.5 0.5 0.08 	0.02 4.02887 	
0.02 0.5 0.08 0.44 0.08 0.02 0.5 0.5 0.5 0.02 0.38 0.02 0.5 0.38 0.5 0.26 0.5 0.5 0.5 0.02 0.5 0.44 0.08 0.5 0.02 0.44 0.53 0.5 0.5 0.08 	0.02 4.03818 	
0.02 0.5 0.08 0.44 0.08 0.02 0.5 0.5 0.5 0.02 0.38 0.02 0.5 0.38 0.5 0.26 0.5 0.5 0.5 0.05 0.5 0.44 0.08 0.5 0.02 0.44 0.5 0.5 0.5 0.08 	0.02 4.03818 	
0.02 0.5 0.08 0.44 0.08 0.02 0.5 0.5 0.5 0.02 0.38 0.02 0.5 0.38 0.53 0.26 0.5 0.5 0.5 0.02 0.5 0.44 0.08 0.5 0.02 0.44 0.5 0.5 0.5 0.08 	0.02 4.03818 	
0.02 0.5 0.11 0.44 0.08 0.02 0.5 0.5 0.5 0.02 0.38 0.02 0.5 0.38 0.5 0.26 0.5 0.5 0.5 0.02 0.5 0.44 0.08 0.5 0.02 0.44 0.5 0.5 0.5 0.08 	0.02 4.03818 	
0.02 0.5 0.11 0.44 0.44 0.02 0.5 0.5 0.5 0.5 0.5 0.02 0.5 0.38 0.5 0.26 0.5 0.5 0.5 0.32 0.5 0.44 0.2 0.5 0.2 0.5 0.5 0.5 0.5 0.08 	0.02 4.54095 	
0.02 0.5 0.11 0.44 0.44 0.02 0.5 0.5 0.5 0.5 0.5 0.02 0.5 0.38 0.5 0.26 0.5 0.5 0.5 0.32 0.5 0.44 0.2 0.5 0.26 0.5 0.5 0.5 0.5 0.08 	0.02 4.55957 	
0.02 0.5 0.11 0.44 0.44 0.02 0.5 0.5 0.5 0.5 0.5 0.02 0.5 0.38 0.5 0.26 0.5 0.5 0.5 0.32 0.5 0.44 0.2 0.5 0.32 0.5 0.5 0.5 0.5 0.08 	0.02 4.57819 	
0.02 0.5 0.11 0.44 0.44 0.02 0.5 0.5 0.5 0.5 0.5 0.02 0.5 0.38 0.5 0.26 0.5 0.5 0.5 0.32 0.5 0.44 0.2 0.5 0.38 0.5 0.5 0.5 0.5 0.08 	0.02 4.59681 	
0.02 0.5 0.11 0.44 0.44 0.02 0.5 0.5 0.5 0.5 0.5 0.02 0.5 0.38 0.5 0.26 0.5 0.5 0.5 0.32 0.5 0.44 0.2 0.5 0.44 0.5 0.5 0.5 0.5 0.08 	0.02 4.61543 	
0.02 0.5 0.11 0.44 0.44 0.02 0.5 0.5 0.5 0.5 0.5 0.02 0.5 0.38 0.5 0.26 0.5 0.5 0.5 0.32 0.5 0.44 0.2 0.5 0.5 0.5 0.5 0.5 0.5 0.08 	0.02 4.63405 	
0.02 0.5 0.14 0.41 0.44 0.02 0.5 0.5 0.5 0.5 0.5 0.02 0.5 0.38 0.5 0.26 0.5 0.5 0.5 0.32 0.5 0.44 0.2 0.5 0.2 0.5 0.5 0.5 0.5 0.08 	0.02 4.54095 	
0.02 0.5 0.14 0.41 0.44 0.02 0.5 0.5 0.5 0.5 0.5 0.02 0.5 0.38 0.5 0.26 0.5 0.5 0.5 0.32 0.5 0.44 0.2 0.5 0.26 0.5 0.5 0.5 0.5 0.08 	0.02 4.55957 	
0.02 0.5 0.14 0.41 0.44 0.02 0.5 0.5 0.5 0.5 0.5 0.02 0.5 0.38 0.5 0.26 0.5 0.5 0.5 0.32 0.5 0.44 0.2 0.5 0.32 0.5 0.5 0.5 0.5 0.08 	0.02 4.57819 	
0.02 0.5 0.14 0.41 0.44 0.02 0.5 0.5 0.5 0.5 0.5 0.02 0.5 0.38 0.5 0.26 0.5 0.5 0.5 0.32 0.5 0.44 0.2 0.5 0.38 0.5 0.5 0.5 0.5 0.08 	0.02 4.59681 	
0.02 0.5 0.14 0.41 0.44 0.02 0.5 0.5 0.5 0.5 0.5 0.02 0.5 0.38 0.5 0.26 0.5 0.5 0.5 0.32 0.5 0.44 0.2 0.5 0.44 0.5 0.5 0.5 0.5 0.08 	0.02 4.61543 	
0.02 0.5 0.14 0.41 0.44 0.02 0.5 0.5 0.5 0.5 0.5 0.02 0.5 0.38 0.5 0.26 0.5 0.5 0.5 0.32 0.5 0.44 0.2 0.5 0.5 0.5 0.5 0.5 0.5 0.08 	0.02 4.63405 	
0.02 0.5 0.14 0.41 0.44 0.02 0.5 0.5 0.5 0.5 0.5 0.44 0.5 0.38 0.5 0.38 0.5 0.5 0.5 0.32 0.5 0.44 0.32 0.5 0.5 0.5 0.5 0.5 0.5 0.08 	0.02 4.83888 	
0.02 0.5 0.14 0.41 0.44 0.02 0.5 0.5 0.5 0.5 0.5 0.44 0.5 0.38 0.5 0.38 0.5 0.5 0.5 0.32 0.5 0.44 0.38 0.5 0.5 0.5 0.5 0.5 0.5 0.08 	0.02 4.8575 	
0.02 0.5 0.14 0.44 0.05 0.02 0.5 0.5 0.5 0.02 0.38 0.02 0.5 0.38 0.5 0.26 0.5 0.5 0.5 0.08 0.5 0.44 0.08 0.5 0.02 0.44 0.5 0.5 0.5 0.08 	0.02 4.0568 	
0.02 0.5 0.14 0.44 0.05 0.02 0.5 0.5 0.5 0.02 0.44 0.02 0.5 0.38 0.5 0.26 0.5 0.5 0.5 0.14 0.5 0.44 0.08 0.5 0.02 0.44 0.5 0.5 0.5 0.08 	0.02 4.09404 	
0.02 0.5 0.14 0.44 0.05 0.02 0.5 0.5 0.5 0.02 0.44 0.02 0.5 0.38 0.5 0.26 0.5 0.5 0.5 0.2 0.5 0.44 0.08 0.5 0.02 0.44 0.5 0.5 0.5 0.08 	0.02 4.11266 	
0.02 0.5 0.14 0.44 0.05 0.02 0.5 0.5 0.5 0.02 0.44 0.02 0.5 0.38 0.5 0.26 0.5 0.5 0.5 0.26 0.5 0.44 0.08 0.5 0.02 0.44 0.5 0.5 0.5 0.08 	0.02 4.13128 	
0.02 0.5 0.14 0.44 0.08 0.02 0.5 0.5 0.5 0.02 0.35 0.02 0.5 0.38 0.5 0.26 0.5 0.5 0.5 0.08 0.5 0.44 0.08 0.5 0.02 0.44 0.5 0.5 0.5 0.08 	0.02 4.0568 	
0.02 0.5 0.14 0.44 0.08 0.02 0.5 0.5 0.5 0.02 0.38 0.02 0.5 0.38 0.5 0.26 0.5 0.5 0.5 0.02 0.5 0.44 0.08 0.5 0.02 0.44 0.5 0.5 0.5 0.08 	0.02 4.04749 	
0.02 0.5 0.14 0.44 0.08 0.02 0.5 0.5 0.5 0.02 0.38 0.02 0.5 0.38 0.5 0.26 0.5 0.5 0.5 0.02 0.5 0.44 0.08 0.5 0.02 0.47 0.5 0.5 0.5 0.08 	0.02 4.0568 	
0.02 0.5 0.14 0.44 0.08 0.02 0.5 0.5 0.5 0.02 0.38 0.02 0.5 0.38 0.5 0.26 0.5 0.5 0.5 0.05 0.5 0.44 0.08 0.5 0.02 0.44 0.5 0.5 0.5 0.08 	0.02 4.0568 	
0.02 0.5 0.14 0.44 0.08 0.02 0.5 0.5 0.5 0.02 0.38 0.02 0.5 0.38 0.5 0.26 0.5 0.5 0.5 0.08 0.5 0.44 0.08 0.5 0.02 0.44 0.5 0.5 0.5 0.08 	0.02 4.06611 	
0.02 0.5 0.14 0.44 0.08 0.02 0.5 0.5 0.5 0.02 0.38 0.02 0.5 0.38 0.5 0.26 0.5 0.5 0.5 0.08 0.5 0.44 0.08 0.5 0.02 0.44 0.5 0.53 0.5 0.08 	0.02 4.07542 	
0.02 0.5 0.14 0.44 0.08 0.02 0.5 0.5 0.5 0.02 0.38 0.02 0.5 0.38 0.5 0.26 0.5 0.5 0.5 0.08 0.53 0.44 0.08 0.5 0.02 0.44 0.5 0.5 0.5 0.08 	0.02 4.07542 	
0.02 0.5 0.14 0.44 0.08 0.02 0.5 0.5 0.5 0.02 0.38 0.02 0.5 0.38 0.5 0.29 0.5 0.5 0.5 0.08 0.5 0.44 0.08 0.5 0.02 0.44 0.5 0.5 0.5 0.08 	0.02 4.07542 	
0.02 0.5 0.14 0.44 0.08 0.02 0.5 0.5 0.5 0.02 0.38 0.05 0.5 0.38 0.5 0.26 0.5 0.5 0.5 0.02 0.5 0.44 0.08 0.5 0.02 0.44 0.5 0.5 0.5 0.08 	0.02 4.0568 	
0.02 0.5 0.14 0.44 0.08 0.02 0.5 0.5 0.5 0.02 0.41 0.02 0.5 0.38 0.5 0.26 0.5 0.5 0.5 0.08 0.5 0.44 0.08 0.5 0.02 0.44 0.5 0.5 0.5 0.08 	0.02 4.07542 	
0.02 0.5 0.14 0.44 0.08 0.02 0.5 0.5 0.5 0.02 0.41 0.02 0.5 0.38 0.5 0.26 0.5 0.5 0.5 0.14 0.5 0.44 0.08 0.5 0.02 0.44 0.5 0.5 0.5 0.08 	0.02 4.09404 	
0.02 0.5 0.14 0.44 0.08 0.02 0.5 0.5 0.5 0.02 0.41 0.02 0.5 0.38 0.5 0.26 0.5 0.5 0.5 0.2 0.5 0.44 0.08 0.5 0.02 0.44 0.5 0.5 0.5 0.08 	0.02 4.11266 	
0.02 0.5 0.14 0.44 0.08 0.02 0.5 0.5 0.5 0.02 0.41 0.02 0.5 0.38 0.5 0.26 0.5 0.5 0.5 0.26 0.5 0.44 0.08 0.5 0.02 0.44 0.5 0.5 0.5 0.08 	0.02 4.13128 	
0.02 0.5 0.14 0.44 0.08 0.02 0.5 0.5 0.5 0.02 0.44 0.02 0.5 0.38 0.5 0.26 0.5 0.5 0.5 0.08 0.5 0.44 0.08 0.5 0.02 0.44 0.5 0.5 0.5 0.08 	0.02 4.08473 	
0.02 0.5 0.14 0.44 0.08 0.02 0.5 0.5 0.5 0.02 0.44 0.02 0.5 0.38 0.5 0.26 0.5 0.5 0.5 0.11 0.5 0.44 0.08 0.5 0.02 0.44 0.5 0.5 0.5 0.08 	0.02 4.09404 	
0.02 0.5 0.14 0.44 0.08 0.02 0.5 0.5 0.5 0.02 0.44 0.02 0.5 0.38 0.5 0.26 0.5 0.5 0.5 0.14 0.5 0.44 0.08 0.5 0.02 0.44 0.5 0.5 0.5 0.08 	0.02 4.10335 	
0.02 0.5 0.14 0.44 0.08 0.02 0.5 0.5 0.5 0.02 0.44 0.02 0.5 0.38 0.5 0.26 0.5 0.5 0.5 0.14 0.5 0.44 0.08 0.5 0.02 0.44 0.5 0.53 0.5 0.08 	0.02 4.11266 	
0.02 0.5 0.14 0.44 0.08 0.02 0.5 0.5 0.5 0.02 0.44 0.02 0.5 0.38 0.5 0.26 0.5 0.5 0.5 0.14 0.53 0.44 0.08 0.5 0.02 0.44 0.5 0.5 0.5 0.08 	0.02 4.11266 	
0.02 0.5 0.14 0.44 0.08 0.02 0.5 0.5 0.5 0.02 0.44 0.02 0.5 0.38 0.5 0.26 0.5 0.5 0.5 0.17 0.5 0.44 0.08 0.5 0.02 0.44 0.5 0.5 0.5 0.08 	0.02 4.11266 	
0.02 0.5 0.14 0.44 0.08 0.02 0.5 0.5 0.5 0.02 0.44 0.02 0.5 0.38 0.5 0.26 0.5 0.5 0.5 0.2 0.5 0.44 0.08 0.5 0.02 0.44 0.5 0.5 0.5 0.08 	0.02 4.12197 	
0.02 0.5 0.14 0.44 0.08 0.02 0.5 0.5 0.5 0.02 0.44 0.02 0.5 0.38 0.5 0.26 0.5 0.5 0.5 0.2 0.5 0.44 0.08 0.5 0.02 0.44 0.5 0.53 0.5 0.08 	0.02 4.13128 	
0.02 0.5 0.14 0.44 0.08 0.02 0.5 0.5 0.5 0.02 0.44 0.02 0.5 0.38 0.5 0.26 0.5 0.5 0.5 0.2 0.53 0.44 0.08 0.5 0.02 0.44 0.5 0.5 0.5 0.08 	0.02 4.13128 	
0.02 0.5 0.14 0.44 0.08 0.02 0.5 0.5 0.5 0.02 0.44 0.02 0.5 0.38 0.5 0.26 0.5 0.5 0.5 0.23 0.5 0.44 0.08 0.5 0.02 0.44 0.5 0.5 0.5 0.08 	0.02 4.13128 	
0.02 0.5 0.14 0.44 0.08 0.02 0.5 0.5 0.5 0.02 0.44 0.02 0.5 0.38 0.5 0.26 0.5 0.5 0.5 0.26 0.5 0.44 0.08 0.5 0.02 0.44 0.5 0.5 0.5 0.08 	0.02 4.14059 	
0.02 0.5 0.14 0.44 0.08 0.02 0.5 0.5 0.5 0.02 0.44 0.02 0.5 0.38 0.5 0.26 0.5 0.5 0.5 0.26 0.5 0.44 0.08 0.5 0.02 0.44 0.5 0.53 0.5 0.08 	0.02 4.1499 	
0.02 0.5 0.14 0.44 0.08 0.02 0.5 0.5 0.5 0.02 0.44 0.02 0.5 0.38 0.5 0.26 0.5 0.5 0.5 0.26 0.53 0.44 0.08 0.5 0.02 0.44 0.5 0.5 0.5 0.08 	0.02 4.1499 	
0.02 0.5 0.14 0.44 0.08 0.02 0.5 0.5 0.5 0.02 0.44 0.02 0.5 0.38 0.5 0.26 0.5 0.53 0.5 0.08 0.5 0.44 0.08 0.5 0.02 0.44 0.5 0.5 0.5 0.08 	0.02 4.09404 	
0.02 0.5 0.14 0.44 0.08 0.02 0.5 0.5 0.5 0.02 0.44 0.02 0.5 0.38 0.5 0.29 0.5 0.5 0.5 0.26 0.5 0.44 0.08 0.5 0.02 0.44 0.5 0.5 0.5 0.08 	0.02 4.1499 	
0.02 0.5 0.14 0.44 0.08 0.02 0.5 0.5 0.5 0.02 0.44 0.02 0.5 0.38 0.53 0.26 0.5 0.5 0.5 0.14 0.5 0.44 0.08 0.5 0.02 0.44 0.5 0.5 0.5 0.08 	0.02 4.11266 	
0.02 0.5 0.14 0.44 0.08 0.02 0.5 0.5 0.5 0.02 0.44 0.02 0.5 0.38 0.53 0.26 0.5 0.5 0.5 0.2 0.5 0.44 0.08 0.5 0.02 0.44 0.5 0.5 0.5 0.08 	0.02 4.13128 	
0.02 0.5 0.14 0.44 0.08 0.02 0.5 0.5 0.5 0.02 0.44 0.02 0.5 0.41 0.5 0.26 0.5 0.5 0.5 0.08 0.5 0.44 0.08 0.5 0.02 0.44 0.5 0.5 0.5 0.08 	0.02 4.09404 	
0.02 0.5 0.14 0.44 0.08 0.02 0.5 0.5 0.5 0.02 0.47 0.02 0.5 0.38 0.5 0.26 0.5 0.5 0.5 0.26 0.5 0.44 0.08 0.5 0.02 0.44 0.5 0.5 0.5 0.08 	0.02 4.1499 	
0.02 0.5 0.14 0.44 0.08 0.02 0.5 0.5 0.5 0.02 0.5 0.02 0.5 0.38 0.5 0.26 0.5 0.5 0.5 0.26 0.5 0.44 0.08 0.5 0.02 0.44 0.5 0.5 0.5 0.08 	0.02 4.15921 	
0.02 0.5 0.14 0.44 0.08 0.02 0.5 0.5 0.5 0.02 0.5 0.02 0.5 0.38 0.5 0.26 0.5 0.53 0.5 0.26 0.5 0.44 0.08 0.5 0.02 0.44 0.5 0.5 0.5 0.08 	0.02 4.16852 	
0.02 0.5 0.14 0.44 0.08 0.02 0.5 0.5 0.5 0.02 0.5 0.02 0.5 0.41 0.5 0.26 0.5 0.5 0.5 0.26 0.5 0.44 0.08 0.5 0.02 0.44 0.5 0.5 0.5 0.08 	0.02 4.16852 	
0.02 0.5 0.14 0.44 0.08 0.02 0.5 0.5 0.53 0.02 0.38 0.02 0.5 0.38 0.5 0.26 0.5 0.5 0.5 0.02 0.5 0.44 0.08 0.5 0.02 0.44 0.5 0.5 0.5 0.08 	0.02 4.0568 	
0.02 0.5 0.14 0.44 0.08 0.05 0.5 0.5 0.5 0.02 0.44 0.02 0.5 0.38 0.5 0.26 0.5 0.5 0.5 0.08 0.5 0.44 0.08 0.5 0.02 0.44 0.5 0.5 0.5 0.08 	0.02 4.09404 	
0.02 0.5 0.14 0.44 0.08 0.05 0.5 0.5 0.5 0.02 0.5 0.02 0.5 0.38 0.5 0.26 0.5 0.5 0.5 0.26 0.5 0.44 0.08 0.5 0.02 0.44 0.5 0.5 0.5 0.08 	0.02 4.16852 	
0.02 0.5 0.14 0.44 0.11 0.02 0.5 0.5 0.5 0.02 0.5 0.02 0.5 0.38 0.5 0.26 0.5 0.5 0.5 0.26 0.5 0.44 0.08 0.5 0.02 0.44 0.5 0.5 0.5 0.08 	0.02 4.16852 	
0.02 0.5 0.14 0.44 0.11 0.02 0.5 0.5 0.5 0.02 0.5 0.02 0.5 0.38 0.5 0.26 0.5 0.5 0.5 0.32 0.5 0.44 0.08 0.5 0.02 0.44 0.5 0.5 0.5 0.08 	0.02 4.18715 	
0.02 0.5 0.14 0.44 0.14 0.02 0.5 0.5 0.5 0.02 0.47 0.02 0.5 0.38 0.5 0.26 0.5 0.5 0.5 0.26 0.5 0.44 0.08 0.5 0.02 0.44 0.5 0.5 0.5 0.08 	0.02 4.16852 	
0.02 0.5 0.14 0.44 0.14 0.02 0.5 0.5 0.5 0.02 0.47 0.02 0.5 0.38 0.5 0.26 0.5 0.5 0.5 0.32 0.5 0.44 0.08 0.5 0.02 0.44 0.5 0.5 0.5 0.08 	0.02 4.18715 	
0.02 0.5 0.14 0.44 0.14 0.02 0.5 0.5 0.5 0.02 0.5 0.02 0.5 0.38 0.5 0.26 0.5 0.5 0.5 0.23 0.5 0.44 0.08 0.5 0.02 0.44 0.5 0.5 0.5 0.08 	0.02 4.16852 	
0.02 0.5 0.14 0.44 0.14 0.02 0.5 0.5 0.5 0.02 0.5 0.02 0.5 0.38 0.5 0.26 0.5 0.5 0.5 0.26 0.5 0.44 0.08 0.5 0.02 0.44 0.5 0.5 0.5 0.08 	0.02 4.17784 	
0.02 0.5 0.14 0.44 0.14 0.02 0.5 0.5 0.5 0.02 0.5 0.02 0.5 0.38 0.5 0.26 0.5 0.5 0.5 0.26 0.5 0.44 0.08 0.5 0.02 0.44 0.5 0.53 0.5 0.08 	0.02 4.18715 	
0.02 0.5 0.14 0.44 0.14 0.02 0.5 0.5 0.5 0.02 0.5 0.02 0.5 0.38 0.5 0.26 0.5 0.5 0.5 0.26 0.53 0.44 0.08 0.5 0.02 0.44 0.5 0.5 0.5 0.08 	0.02 4.18715 	
0.02 0.5 0.14 0.44 0.14 0.02 0.5 0.5 0.5 0.02 0.5 0.02 0.5 0.38 0.5 0.26 0.5 0.5 0.5 0.29 0.5 0.44 0.08 0.5 0.02 0.44 0.5 0.5 0.5 0.08 	0.02 4.18715 	
0.02 0.5 0.14 0.44 0.14 0.02 0.5 0.5 0.5 0.02 0.5 0.02 0.5 0.38 0.5 0.26 0.5 0.5 0.5 0.32 0.5 0.44 0.08 0.5 0.02 0.44 0.5 0.5 0.5 0.08 	0.02 4.19646 	
0.02 0.5 0.14 0.44 0.14 0.02 0.5 0.5 0.5 0.02 0.5 0.02 0.5 0.38 0.5 0.26 0.5 0.5 0.5 0.32 0.5 0.44 0.08 0.5 0.02 0.44 0.5 0.53 0.5 0.08 	0.02 4.20577 	
0.02 0.5 0.14 0.44 0.14 0.02 0.5 0.5 0.5 0.02 0.5 0.02 0.5 0.38 0.5 0.26 0.5 0.5 0.5 0.32 0.53 0.44 0.08 0.5 0.02 0.44 0.5 0.5 0.5 0.08 	0.02 4.20577 	
0.02 0.5 0.14 0.44 0.14 0.02 0.5 0.5 0.5 0.02 0.5 0.02 0.5 0.38 0.5 0.29 0.5 0.5 0.5 0.32 0.5 0.44 0.08 0.5 0.02 0.44 0.5 0.5 0.5 0.08 	0.02 4.20577 	
0.02 0.5 0.14 0.44 0.14 0.02 0.5 0.5 0.5 0.02 0.5 0.02 0.5 0.38 0.53 0.26 0.5 0.5 0.5 0.26 0.5 0.44 0.08 0.5 0.02 0.44 0.5 0.5 0.5 0.08 	0.02 4.18715 	
0.02 0.5 0.14 0.44 0.14 0.02 0.5 0.5 0.5 0.05 0.5 0.02 0.5 0.38 0.5 0.26 0.5 0.5 0.5 0.32 0.5 0.44 0.08 0.5 0.02 0.44 0.5 0.5 0.5 0.08 	0.02 4.20577 	
0.02 0.5 0.14 0.44 0.14 0.02 0.5 0.5 0.5 0.08 0.5 0.02 0.5 0.38 0.5 0.26 0.5 0.5 0.5 0.32 0.5 0.44 0.08 0.47 0.02 0.5 0.5 0.5 0.5 0.08 	0.02 4.22439 	
0.02 0.5 0.14 0.44 0.14 0.02 0.5 0.5 0.5 0.08 0.5 0.02 0.5 0.38 0.5 0.26 0.5 0.5 0.5 0.32 0.5 0.44 0.08 0.5 0.02 0.44 0.5 0.5 0.5 0.08 	0.02 4.21508 	
0.02 0.5 0.14 0.44 0.14 0.02 0.5 0.5 0.5 0.08 0.5 0.02 0.5 0.38 0.5 0.26 0.5 0.5 0.5 0.32 0.5 0.44 0.08 0.5 0.02 0.47 0.5 0.5 0.5 0.08 	0.02 4.22439 	
0.02 0.5 0.14 0.44 0.14 0.02 0.5 0.5 0.5 0.08 0.5 0.02 0.5 0.38 0.5 0.26 0.5 0.5 0.5 0.32 0.5 0.44 0.08 0.5 0.02 0.5 0.5 0.5 0.5 0.08 	0.02 4.2337 	
0.02 0.5 0.14 0.44 0.14 0.02 0.5 0.5 0.5 0.08 0.5 0.02 0.5 0.38 0.5 0.26 0.5 0.53 0.5 0.32 0.5 0.44 0.08 0.5 0.02 0.44 0.5 0.5 0.5 0.08 	0.02 4.22439 	
0.02 0.5 0.14 0.44 0.14 0.02 0.5 0.5 0.5 0.08 0.5 0.02 0.5 0.38 0.5 0.29 0.5 0.5 0.5 0.32 0.5 0.44 0.08 0.5 0.02 0.5 0.5 0.5 0.5 0.08 	0.02 4.24301 	
0.02 0.5 0.14 0.44 0.14 0.02 0.5 0.5 0.5 0.08 0.5 0.02 0.5 0.41 0.5 0.26 0.5 0.5 0.5 0.32 0.5 0.44 0.08 0.5 0.02 0.44 0.5 0.5 0.5 0.08 	0.02 4.22439 	
0.02 0.5 0.14 0.44 0.14 0.02 0.5 0.5 0.5 0.08 0.5 0.05 0.5 0.38 0.5 0.26 0.5 0.5 0.5 0.32 0.5 0.44 0.08 0.5 0.02 0.5 0.5 0.5 0.5 0.08 	0.02 4.24301 	
0.02 0.5 0.14 0.44 0.14 0.02 0.5 0.5 0.5 0.11 0.5 0.02 0.5 0.38 0.5 0.26 0.5 0.5 0.5 0.32 0.5 0.44 0.08 0.5 0.02 0.5 0.5 0.5 0.5 0.08 	0.02 4.24301 	
0.02 0.5 0.14 0.44 0.14 0.02 0.5 0.5 0.5 0.14 0.5 0.02 0.5 0.38 0.5 0.26 0.5 0.5 0.5 0.32 0.5 0.44 0.08 0.5 0.02 0.5 0.5 0.5 0.5 0.08 	0.02 4.25232 	
0.02 0.5 0.14 0.44 0.14 0.02 0.5 0.5 0.5 0.14 0.5 0.02 0.5 0.38 0.5 0.26 0.5 0.5 0.53 0.32 0.5 0.44 0.08 0.5 0.02 0.5 0.5 0.5 0.5 0.08 	0.02 4.26163 	
0.02 0.5 0.14 0.44 0.14 0.02 0.5 0.5 0.5 0.14 0.5 0.02 0.5 0.38 0.53 0.26 0.5 0.5 0.5 0.32 0.5 0.44 0.08 0.5 0.02 0.5 0.5 0.5 0.5 0.08 	0.02 4.26163 	
0.02 0.5 0.14 0.44 0.14 0.02 0.5 0.5 0.5 0.17 0.5 0.02 0.5 0.38 0.5 0.26 0.5 0.5 0.5 0.32 0.5 0.44 0.08 0.5 0.02 0.5 0.5 0.5 0.5 0.08 	0.02 4.26163 	
0.02 0.5 0.14 0.44 0.14 0.02 0.5 0.5 0.5 0.2 0.5 0.02 0.5 0.38 0.5 0.26 0.5 0.5 0.5 0.32 0.5 0.44 0.08 0.5 0.02 0.5 0.5 0.5 0.5 0.08 	0.02 4.27094 	
0.02 0.5 0.14 0.44 0.14 0.02 0.5 0.5 0.5 0.2 0.5 0.02 0.5 0.38 0.5 0.26 0.5 0.5 0.53 0.32 0.5 0.44 0.08 0.5 0.02 0.5 0.5 0.5 0.5 0.08 	0.02 4.28025 	
0.02 0.5 0.14 0.44 0.14 0.02 0.5 0.5 0.5 0.2 0.5 0.02 0.5 0.38 0.53 0.26 0.5 0.5 0.5 0.32 0.5 0.44 0.08 0.5 0.02 0.5 0.5 0.5 0.5 0.08 	0.02 4.28025 	
0.02 0.5 0.14 0.44 0.14 0.02 0.5 0.5 0.5 0.23 0.5 0.02 0.5 0.38 0.5 0.26 0.5 0.5 0.5 0.32 0.5 0.44 0.08 0.5 0.02 0.5 0.5 0.5 0.5 0.08 	0.02 4.28025 	
0.02 0.5 0.14 0.44 0.14 0.02 0.5 0.5 0.5 0.26 0.5 0.02 0.5 0.38 0.5 0.26 0.5 0.5 0.5 0.32 0.5 0.44 0.08 0.5 0.02 0.5 0.5 0.5 0.5 0.08 	0.02 4.28956 	
0.02 0.5 0.14 0.44 0.14 0.02 0.5 0.5 0.5 0.26 0.5 0.02 0.5 0.38 0.5 0.26 0.5 0.5 0.53 0.32 0.5 0.44 0.08 0.5 0.02 0.5 0.5 0.5 0.5 0.08 	0.02 4.29887 	
0.02 0.5 0.14 0.44 0.14 0.02 0.5 0.5 0.5 0.26 0.5 0.02 0.5 0.38 0.53 0.26 0.5 0.5 0.5 0.32 0.5 0.44 0.08 0.5 0.02 0.5 0.5 0.5 0.5 0.08 	0.02 4.29887 	
0.02 0.5 0.14 0.44 0.14 0.02 0.5 0.5 0.5 0.29 0.5 0.02 0.5 0.38 0.5 0.26 0.5 0.5 0.5 0.32 0.5 0.44 0.08 0.5 0.02 0.5 0.5 0.5 0.5 0.08 	0.02 4.29887 	
0.02 0.5 0.14 0.44 0.14 0.02 0.5 0.5 0.5 0.32 0.5 0.02 0.5 0.38 0.5 0.26 0.5 0.5 0.5 0.32 0.5 0.44 0.08 0.5 0.02 0.5 0.5 0.5 0.5 0.08 	0.02 4.30818 	
0.02 0.5 0.14 0.44 0.14 0.02 0.5 0.5 0.5 0.32 0.5 0.02 0.5 0.38 0.5 0.26 0.5 0.5 0.53 0.32 0.5 0.44 0.08 0.5 0.02 0.5 0.5 0.5 0.5 0.08 	0.02 4.31749 	
0.02 0.5 0.14 0.44 0.14 0.02 0.5 0.5 0.5 0.32 0.5 0.02 0.5 0.38 0.53 0.26 0.5 0.5 0.5 0.32 0.5 0.44 0.08 0.5 0.02 0.5 0.5 0.5 0.5 0.08 	0.02 4.31749 	
0.02 0.5 0.14 0.44 0.14 0.02 0.5 0.5 0.5 0.35 0.5 0.02 0.5 0.38 0.5 0.26 0.5 0.5 0.5 0.32 0.5 0.44 0.08 0.5 0.02 0.5 0.5 0.5 0.5 0.08 	0.02 4.31749 	
0.02 0.5 0.14 0.44 0.14 0.02 0.5 0.5 0.5 0.38 0.5 0.02 0.5 0.38 0.5 0.26 0.5 0.5 0.5 0.32 0.5 0.44 0.08 0.5 0.02 0.5 0.5 0.5 0.5 0.08 	0.02 4.3268 	
0.02 0.5 0.14 0.44 0.14 0.02 0.5 0.5 0.5 0.38 0.5 0.02 0.5 0.38 0.5 0.26 0.5 0.5 0.53 0.32 0.5 0.44 0.08 0.5 0.02 0.5 0.5 0.5 0.5 0.08 	0.02 4.33611 	
0.02 0.5 0.14 0.44 0.14 0.02 0.5 0.5 0.5 0.38 0.5 0.02 0.5 0.38 0.53 0.26 0.5 0.5 0.5 0.32 0.5 0.44 0.08 0.5 0.02 0.5 0.5 0.5 0.5 0.08 	0.02 4.33611 	
0.02 0.5 0.14 0.44 0.14 0.02 0.5 0.5 0.5 0.41 0.5 0.02 0.5 0.38 0.5 0.26 0.5 0.5 0.5 0.32 0.5 0.44 0.08 0.5 0.02 0.5 0.5 0.5 0.5 0.08 	0.02 4.33611 	
0.02 0.5 0.14 0.44 0.14 0.02 0.5 0.5 0.5 0.44 0.5 0.02 0.5 0.38 0.5 0.26 0.5 0.5 0.5 0.32 0.5 0.44 0.08 0.5 0.02 0.5 0.5 0.5 0.5 0.08 	0.02 4.34543 	
0.02 0.5 0.14 0.44 0.14 0.02 0.5 0.5 0.5 0.44 0.5 0.02 0.5 0.38 0.5 0.26 0.5 0.5 0.53 0.32 0.5 0.44 0.08 0.5 0.02 0.5 0.5 0.5 0.5 0.08 	0.02 4.35474 	
0.02 0.5 0.14 0.44 0.14 0.02 0.5 0.5 0.5 0.44 0.5 0.02 0.5 0.38 0.53 0.26 0.5 0.5 0.5 0.32 0.5 0.44 0.08 0.5 0.02 0.5 0.5 0.5 0.5 0.08 	0.02 4.35474 	
0.02 0.5 0.14 0.44 0.14 0.02 0.5 0.5 0.5 0.47 0.5 0.02 0.5 0.38 0.5 0.26 0.5 0.5 0.5 0.32 0.5 0.44 0.08 0.5 0.02 0.5 0.5 0.5 0.5 0.08 	0.02 4.35474 	
0.02 0.5 0.14 0.44 0.14 0.02 0.5 0.5 0.5 0.5 0.5 0.02 0.5 0.38 0.5 0.26 0.5 0.5 0.5 0.32 0.5 0.44 0.08 0.5 0.02 0.5 0.5 0.5 0.5 0.08 	0.02 4.36405 	
0.02 0.5 0.14 0.44 0.14 0.02 0.5 0.5 0.5 0.5 0.5 0.02 0.5 0.38 0.5 0.26 0.5 0.5 0.53 0.32 0.5 0.44 0.08 0.5 0.02 0.5 0.5 0.5 0.5 0.08 	0.02 4.37336 	
0.02 0.5 0.14 0.44 0.14 0.02 0.5 0.5 0.5 0.5 0.5 0.02 0.5 0.38 0.53 0.26 0.5 0.5 0.5 0.32 0.5 0.44 0.08 0.5 0.02 0.5 0.5 0.5 0.5 0.08 	0.02 4.37336 	
0.02 0.5 0.14 0.44 0.14 0.02 0.5 0.5 0.53 0.08 0.5 0.02 0.5 0.38 0.5 0.26 0.5 0.5 0.5 0.32 0.5 0.44 0.08 0.5 0.02 0.5 0.5 0.5 0.5 0.08 	0.02 4.24301 	
0.02 0.5 0.14 0.44 0.14 0.02 0.53 0.5 0.5 0.5 0.5 0.02 0.5 0.38 0.5 0.26 0.5 0.5 0.5 0.32 0.5 0.44 0.08 0.5 0.02 0.5 0.5 0.5 0.5 0.08 	0.02 4.37336 	
0.02 0.5 0.14 0.44 0.14 0.05 0.5 0.5 0.5 0.08 0.5 0.02 0.5 0.38 0.5 0.26 0.5 0.5 0.5 0.32 0.5 0.44 0.08 0.5 0.02 0.44 0.5 0.5 0.5 0.08 	0.02 4.22439 	
0.02 0.5 0.14 0.44 0.14 0.05 0.5 0.5 0.5 0.14 0.5 0.02 0.5 0.38 0.5 0.26 0.5 0.5 0.5 0.32 0.5 0.44 0.08 0.5 0.02 0.5 0.5 0.5 0.5 0.08 	0.02 4.26163 	
0.02 0.5 0.14 0.44 0.14 0.05 0.5 0.5 0.5 0.2 0.5 0.02 0.5 0.38 0.5 0.26 0.5 0.5 0.5 0.32 0.5 0.44 0.08 0.5 0.02 0.5 0.5 0.5 0.5 0.08 	0.02 4.28025 	
0.02 0.5 0.14 0.44 0.14 0.05 0.5 0.5 0.5 0.26 0.5 0.02 0.5 0.38 0.5 0.26 0.5 0.5 0.5 0.32 0.5 0.44 0.08 0.5 0.02 0.5 0.5 0.5 0.5 0.08 	0.02 4.29887 	
0.02 0.5 0.14 0.44 0.14 0.05 0.5 0.5 0.5 0.32 0.5 0.02 0.5 0.38 0.5 0.26 0.5 0.5 0.5 0.32 0.5 0.44 0.08 0.5 0.02 0.5 0.5 0.5 0.5 0.08 	0.02 4.31749 	
0.02 0.5 0.14 0.44 0.14 0.05 0.5 0.5 0.5 0.38 0.5 0.02 0.5 0.38 0.5 0.26 0.5 0.5 0.5 0.32 0.5 0.44 0.08 0.5 0.02 0.5 0.5 0.5 0.5 0.08 	0.02 4.33611 	
0.02 0.5 0.14 0.44 0.14 0.05 0.5 0.5 0.5 0.44 0.5 0.02 0.5 0.38 0.5 0.26 0.5 0.5 0.5 0.32 0.5 0.44 0.08 0.5 0.02 0.5 0.5 0.5 0.5 0.08 	0.02 4.35474 	
0.02 0.5 0.14 0.44 0.17 0.02 0.5 0.5 0.5 0.5 0.5 0.02 0.5 0.38 0.5 0.26 0.5 0.5 0.5 0.32 0.5 0.44 0.08 0.5 0.02 0.5 0.5 0.5 0.5 0.08 	0.02 4.37336 	
0.02 0.5 0.14 0.44 0.2 0.02 0.5 0.5 0.5 0.5 0.5 0.02 0.5 0.35 0.5 0.26 0.5 0.5 0.5 0.32 0.5 0.44 0.08 0.5 0.02 0.5 0.5 0.5 0.5 0.08 	0.02 4.37336 	
0.02 0.5 0.14 0.44 0.2 0.02 0.5 0.5 0.5 0.5 0.5 0.02 0.5 0.38 0.5 0.26 0.5 0.5 0.47 0.32 0.5 0.44 0.08 0.5 0.02 0.5 0.5 0.5 0.5 0.08 	0.02 4.37336 	
0.02 0.5 0.14 0.44 0.2 0.02 0.5 0.5 0.5 0.5 0.5 0.02 0.5 0.38 0.5 0.26 0.5 0.5 0.5 0.32 0.5 0.44 0.08 0.5 0.02 0.5 0.5 0.5 0.5 0.08 	0.02 4.38267 	
0.02 0.5 0.14 0.44 0.2 0.02 0.5 0.5 0.5 0.5 0.5 0.02 0.5 0.38 0.5 0.26 0.5 0.5 0.5 0.32 0.5 0.44 0.08 0.5 0.02 0.5 0.5 0.5 0.53 0.08 	0.02 4.39198 	
0.02 0.5 0.14 0.44 0.2 0.02 0.5 0.5 0.5 0.5 0.5 0.02 0.5 0.38 0.5 0.26 0.5 0.53 0.5 0.32 0.5 0.44 0.08 0.5 0.02 0.5 0.5 0.5 0.5 0.08 	0.02 4.39198 	
0.02 0.5 0.14 0.44 0.2 0.02 0.5 0.5 0.5 0.5 0.5 0.02 0.53 0.38 0.5 0.26 0.5 0.5 0.5 0.32 0.5 0.44 0.08 0.5 0.02 0.5 0.5 0.5 0.5 0.08 	0.02 4.39198 	
0.02 0.5 0.14 0.44 0.23 0.02 0.5 0.5 0.5 0.5 0.5 0.02 0.5 0.38 0.5 0.26 0.5 0.5 0.5 0.32 0.5 0.44 0.08 0.5 0.02 0.5 0.5 0.5 0.5 0.08 	0.02 4.39198 	
0.02 0.5 0.14 0.44 0.26 0.02 0.5 0.5 0.5 0.5 0.5 0.02 0.5 0.35 0.5 0.26 0.5 0.5 0.5 0.32 0.5 0.44 0.08 0.5 0.02 0.5 0.5 0.5 0.5 0.08 	0.02 4.39198 	
0.02 0.5 0.14 0.44 0.26 0.02 0.5 0.5 0.5 0.5 0.5 0.02 0.5 0.38 0.5 0.26 0.5 0.5 0.47 0.32 0.5 0.44 0.08 0.5 0.02 0.5 0.5 0.5 0.5 0.08 	0.02 4.39198 	
0.02 0.5 0.14 0.44 0.26 0.02 0.5 0.5 0.5 0.5 0.5 0.02 0.5 0.38 0.5 0.26 0.5 0.5 0.5 0.32 0.5 0.44 0.08 0.5 0.02 0.5 0.5 0.5 0.5 0.08 	0.02 4.40129 	
0.02 0.5 0.14 0.44 0.26 0.02 0.5 0.5 0.5 0.5 0.5 0.02 0.5 0.38 0.5 0.26 0.5 0.5 0.5 0.32 0.5 0.44 0.08 0.5 0.02 0.5 0.5 0.5 0.53 0.08 	0.02 4.4106 	
0.02 0.5 0.14 0.44 0.26 0.02 0.5 0.5 0.5 0.5 0.5 0.02 0.5 0.38 0.5 0.26 0.5 0.53 0.5 0.32 0.5 0.44 0.08 0.5 0.02 0.5 0.5 0.5 0.5 0.08 	0.02 4.4106 	
0.02 0.5 0.14 0.44 0.26 0.02 0.5 0.5 0.5 0.5 0.5 0.02 0.53 0.38 0.5 0.26 0.5 0.5 0.5 0.32 0.5 0.44 0.08 0.5 0.02 0.5 0.5 0.5 0.5 0.08 	0.02 4.4106 	
0.02 0.5 0.14 0.44 0.29 0.02 0.5 0.5 0.5 0.5 0.5 0.02 0.5 0.38 0.5 0.26 0.5 0.5 0.5 0.32 0.5 0.44 0.08 0.5 0.02 0.5 0.5 0.5 0.5 0.08 	0.02 4.4106 	
0.02 0.5 0.14 0.44 0.32 0.02 0.5 0.5 0.5 0.5 0.5 0.02 0.5 0.35 0.5 0.26 0.5 0.5 0.5 0.32 0.5 0.44 0.08 0.5 0.02 0.5 0.5 0.5 0.5 0.08 	0.02 4.4106 	
0.02 0.5 0.14 0.44 0.32 0.02 0.5 0.5 0.5 0.5 0.5 0.02 0.5 0.38 0.5 0.26 0.5 0.5 0.47 0.32 0.5 0.44 0.08 0.5 0.02 0.5 0.5 0.5 0.5 0.08 	0.02 4.4106 	
0.02 0.5 0.14 0.44 0.32 0.02 0.5 0.5 0.5 0.5 0.5 0.02 0.5 0.38 0.5 0.26 0.5 0.5 0.5 0.32 0.5 0.44 0.08 0.5 0.02 0.5 0.5 0.5 0.5 0.08 	0.02 4.41991 	
0.02 0.5 0.14 0.44 0.32 0.02 0.5 0.5 0.5 0.5 0.5 0.02 0.5 0.38 0.5 0.26 0.5 0.5 0.5 0.32 0.5 0.44 0.08 0.5 0.02 0.5 0.5 0.5 0.53 0.08 	0.02 4.42922 	
0.02 0.5 0.14 0.44 0.32 0.02 0.5 0.5 0.5 0.5 0.5 0.02 0.5 0.38 0.5 0.26 0.5 0.53 0.5 0.32 0.5 0.44 0.08 0.5 0.02 0.5 0.5 0.5 0.5 0.08 	0.02 4.42922 	
0.02 0.5 0.14 0.44 0.32 0.02 0.5 0.5 0.5 0.5 0.5 0.02 0.53 0.38 0.5 0.26 0.5 0.5 0.5 0.32 0.5 0.44 0.08 0.5 0.02 0.5 0.5 0.5 0.5 0.08 	0.02 4.42922 	
0.02 0.5 0.14 0.44 0.35 0.02 0.5 0.5 0.5 0.5 0.5 0.02 0.5 0.38 0.5 0.26 0.5 0.5 0.5 0.32 0.5 0.44 0.08 0.5 0.02 0.5 0.5 0.5 0.5 0.08 	0.02 4.42922 	
0.02 0.5 0.14 0.44 0.38 0.02 0.5 0.5 0.5 0.5 0.5 0.02 0.5 0.35 0.5 0.26 0.5 0.5 0.5 0.32 0.5 0.44 0.08 0.5 0.02 0.5 0.5 0.5 0.5 0.08 	0.02 4.42922 	
0.02 0.5 0.14 0.44 0.38 0.02 0.5 0.5 0.5 0.5 0.5 0.02 0.5 0.38 0.5 0.26 0.5 0.5 0.47 0.32 0.5 0.44 0.08 0.5 0.02 0.5 0.5 0.5 0.5 0.08 	0.02 4.42922 	
0.02 0.5 0.14 0.44 0.38 0.02 0.5 0.5 0.5 0.5 0.5 0.02 0.5 0.38 0.5 0.26 0.5 0.5 0.5 0.32 0.5 0.44 0.08 0.5 0.02 0.5 0.5 0.5 0.5 0.08 	0.02 4.43853 	
0.02 0.5 0.14 0.44 0.38 0.02 0.5 0.5 0.5 0.5 0.5 0.02 0.5 0.38 0.5 0.26 0.5 0.5 0.5 0.32 0.5 0.44 0.08 0.5 0.02 0.5 0.5 0.5 0.53 0.08 	0.02 4.44784 	
0.02 0.5 0.14 0.44 0.38 0.02 0.5 0.5 0.5 0.5 0.5 0.02 0.5 0.38 0.5 0.26 0.5 0.53 0.5 0.32 0.5 0.44 0.08 0.5 0.02 0.5 0.5 0.5 0.5 0.08 	0.02 4.44784 	
0.02 0.5 0.14 0.44 0.38 0.02 0.5 0.5 0.5 0.5 0.5 0.02 0.53 0.38 0.5 0.26 0.5 0.5 0.5 0.32 0.5 0.44 0.08 0.5 0.02 0.5 0.5 0.5 0.5 0.08 	0.02 4.44784 	
0.02 0.5 0.14 0.44 0.41 0.02 0.5 0.5 0.5 0.5 0.5 0.02 0.5 0.38 0.5 0.26 0.5 0.5 0.5 0.32 0.5 0.44 0.08 0.5 0.02 0.5 0.5 0.5 0.5 0.08 	0.02 4.44784 	
0.02 0.5 0.14 0.44 0.44 0.02 0.5 0.47 0.5 0.5 0.5 0.02 0.5 0.38 0.5 0.26 0.5 0.5 0.5 0.32 0.5 0.44 0.14 0.5 0.14 0.5 0.5 0.5 0.5 0.08 	0.02 4.5037 	
0.02 0.5 0.14 0.44 0.44 0.02 0.5 0.47 0.5 0.5 0.5 0.02 0.5 0.38 0.5 0.26 0.5 0.5 0.5 0.32 0.5 0.44 0.2 0.5 0.14 0.5 0.5 0.5 0.5 0.08 	0.02 4.52233 	
0.02 0.5 0.14 0.44 0.44 0.02 0.5 0.5 0.47 0.5 0.5 0.02 0.5 0.38 0.5 0.26 0.5 0.5 0.5 0.32 0.5 0.44 0.08 0.5 0.08 0.5 0.5 0.5 0.5 0.08 	0.02 4.46646 	
0.02 0.5 0.14 0.44 0.44 0.02 0.5 0.5 0.47 0.5 0.5 0.02 0.5 0.38 0.5 0.26 0.5 0.5 0.5 0.32 0.5 0.44 0.08 0.5 0.14 0.5 0.5 0.5 0.5 0.08 	0.02 4.48508 	
0.02 0.5 0.14 0.44 0.44 0.02 0.5 0.5 0.5 0.47 0.5 0.02 0.5 0.38 0.5 0.26 0.5 0.5 0.5 0.32 0.5 0.44 0.08 0.5 0.08 0.5 0.5 0.5 0.5 0.08 	0.02 4.46646 	
0.02 0.5 0.14 0.44 0.44 0.02 0.5 0.5 0.5 0.47 0.5 0.02 0.5 0.38 0.5 0.26 0.5 0.5 0.5 0.32 0.5 0.44 0.08 0.5 0.14 0.5 0.5 0.5 0.5 0.08 	0.02 4.48508 	
0.02 0.5 0.14 0.44 0.44 0.02 0.5 0.5 0.5 0.5 0.47 0.02 0.5 0.38 0.5 0.26 0.5 0.5 0.5 0.32 0.5 0.44 0.08 0.5 0.08 0.5 0.5 0.5 0.5 0.08 	0.02 4.46646 	
0.02 0.5 0.14 0.44 0.44 0.02 0.5 0.5 0.5 0.5 0.47 0.02 0.5 0.38 0.5 0.26 0.5 0.5 0.5 0.32 0.5 0.44 0.08 0.5 0.14 0.5 0.5 0.5 0.5 0.08 	0.02 4.48508 	
0.02 0.5 0.14 0.44 0.44 0.02 0.5 0.5 0.5 0.5 0.5 0.02 0.5 0.35 0.5 0.26 0.5 0.5 0.5 0.32 0.5 0.44 0.08 0.5 0.02 0.5 0.5 0.5 0.5 0.08 	0.02 4.44784 	
0.02 0.5 0.14 0.44 0.44 0.02 0.5 0.5 0.5 0.5 0.5 0.02 0.5 0.38 0.5 0.26 0.47 0.5 0.5 0.32 0.5 0.44 0.14 0.5 0.14 0.5 0.5 0.5 0.5 0.08 	0.02 4.5037 	
0.02 0.5 0.14 0.44 0.44 0.02 0.5 0.5 0.5 0.5 0.5 0.02 0.5 0.38 0.5 0.26 0.47 0.5 0.5 0.32 0.5 0.44 0.2 0.5 0.14 0.5 0.5 0.5 0.5 0.08 	0.02 4.52233 	
0.02 0.5 0.14 0.44 0.44 0.02 0.5 0.5 0.5 0.5 0.5 0.02 0.5 0.38 0.5 0.26 0.5 0.47 0.5 0.32 0.5 0.44 0.14 0.5 0.14 0.5 0.5 0.5 0.5 0.08 	0.02 4.5037 	
0.02 0.5 0.14 0.44 0.44 0.02 0.5 0.5 0.5 0.5 0.5 0.02 0.5 0.38 0.5 0.26 0.5 0.47 0.5 0.32 0.5 0.44 0.2 0.5 0.14 0.5 0.5 0.5 0.5 0.08 	0.02 4.52233 	
0.02 0.5 0.14 0.44 0.44 0.02 0.5 0.5 0.5 0.5 0.5 0.02 0.5 0.38 0.5 0.26 0.5 0.5 0.47 0.32 0.5 0.44 0.08 0.5 0.02 0.5 0.5 0.5 0.5 0.08 	0.02 4.44784 	
0.02 0.5 0.14 0.44 0.44 0.02 0.5 0.5 0.5 0.5 0.5 0.02 0.5 0.38 0.5 0.26 0.5 0.5 0.5 0.32 0.5 0.44 0.08 0.5 0.02 0.5 0.5 0.5 0.5 0.08 	0.02 4.45715 	
0.02 0.5 0.14 0.44 0.44 0.02 0.5 0.5 0.5 0.5 0.5 0.02 0.5 0.38 0.5 0.26 0.5 0.5 0.5 0.32 0.5 0.44 0.08 0.5 0.02 0.5 0.5 0.5 0.53 0.08 	0.02 4.46646 	
0.02 0.5 0.14 0.44 0.44 0.02 0.5 0.5 0.5 0.5 0.5 0.02 0.5 0.38 0.5 0.26 0.5 0.5 0.5 0.32 0.5 0.44 0.08 0.5 0.05 0.5 0.5 0.5 0.5 0.08 	0.02 4.46646 	
0.02 0.5 0.14 0.44 0.44 0.02 0.5 0.5 0.5 0.5 0.5 0.02 0.5 0.38 0.5 0.26 0.5 0.5 0.5 0.32 0.5 0.44 0.08 0.5 0.08 0.5 0.5 0.5 0.5 0.08 	0.02 4.47577 	
0.02 0.5 0.14 0.44 0.44 0.02 0.5 0.5 0.5 0.5 0.5 0.02 0.5 0.38 0.5 0.26 0.5 0.5 0.5 0.32 0.5 0.44 0.08 0.5 0.11 0.5 0.5 0.5 0.5 0.08 	0.02 4.48508 	
0.02 0.5 0.14 0.44 0.44 0.02 0.5 0.5 0.5 0.5 0.5 0.02 0.5 0.38 0.5 0.26 0.5 0.5 0.5 0.32 0.5 0.44 0.08 0.5 0.14 0.5 0.5 0.5 0.5 0.08 	0.02 4.49439 	
0.02 0.5 0.14 0.44 0.44 0.02 0.5 0.5 0.5 0.5 0.5 0.02 0.5 0.38 0.5 0.26 0.5 0.5 0.5 0.32 0.5 0.44 0.11 0.5 0.14 0.5 0.5 0.5 0.5 0.08 	0.02 4.5037 	
0.02 0.5 0.14 0.44 0.44 0.02 0.5 0.5 0.5 0.5 0.5 0.02 0.5 0.38 0.5 0.26 0.5 0.5 0.5 0.32 0.5 0.44 0.14 0.5 0.14 0.5 0.5 0.5 0.5 0.08 	0.02 4.51301 	
0.02 0.5 0.14 0.44 0.44 0.02 0.5 0.5 0.5 0.5 0.5 0.02 0.5 0.38 0.5 0.26 0.5 0.5 0.5 0.32 0.5 0.44 0.17 0.5 0.14 0.5 0.5 0.5 0.5 0.08 	0.02 4.52233 	
0.02 0.5 0.14 0.44 0.44 0.02 0.5 0.5 0.5 0.5 0.5 0.02 0.5 0.38 0.5 0.26 0.5 0.5 0.5 0.32 0.5 0.44 0.2 0.47 0.2 0.5 0.5 0.5 0.5 0.08 	0.02 4.54095 	
0.02 0.5 0.14 0.44 0.44 0.02 0.5 0.5 0.5 0.5 0.5 0.02 0.5 0.38 0.5 0.26 0.5 0.5 0.5 0.32 0.5 0.44 0.2 0.47 0.26 0.5 0.5 0.5 0.5 0.08 	0.02 4.55957 	
0.02 0.5 0.14 0.44 0.44 0.02 0.5 0.5 0.5 0.5 0.5 0.02 0.5 0.38 0.5 0.26 0.5 0.5 0.5 0.32 0.5 0.44 0.2 0.47 0.32 0.5 0.5 0.5 0.5 0.08 	0.02 4.57819 	
0.02 0.5 0.14 0.44 0.44 0.02 0.5 0.5 0.5 0.5 0.5 0.02 0.5 0.38 0.5 0.26 0.5 0.5 0.5 0.32 0.5 0.44 0.2 0.47 0.38 0.5 0.5 0.5 0.5 0.08 	0.02 4.59681 	
0.02 0.5 0.14 0.44 0.44 0.02 0.5 0.5 0.5 0.5 0.5 0.02 0.5 0.38 0.5 0.26 0.5 0.5 0.5 0.32 0.5 0.44 0.2 0.47 0.44 0.5 0.5 0.5 0.5 0.08 	0.02 4.61543 	
0.02 0.5 0.14 0.44 0.44 0.02 0.5 0.5 0.5 0.5 0.5 0.02 0.5 0.38 0.5 0.26 0.5 0.5 0.5 0.32 0.5 0.44 0.2 0.47 0.5 0.5 0.5 0.5 0.5 0.08 	0.02 4.63405 	
0.02 0.5 0.14 0.44 0.44 0.02 0.5 0.5 0.5 0.5 0.5 0.02 0.5 0.38 0.5 0.26 0.5 0.5 0.5 0.32 0.5 0.44 0.2 0.5 0.14 0.5 0.5 0.5 0.5 0.08 	0.02 4.53164 	
0.02 0.5 0.14 0.44 0.44 0.02 0.5 0.5 0.5 0.5 0.5 0.02 0.5 0.38 0.5 0.26 0.5 0.5 0.5 0.32 0.5 0.44 0.2 0.5 0.17 0.5 0.5 0.5 0.5 0.08 	0.02 4.54095 	
0.02 0.5 0.14 0.44 0.44 0.02 0.5 0.5 0.5 0.5 0.5 0.02 0.5 0.38 0.5 0.26 0.5 0.5 0.5 0.32 0.5 0.44 0.2 0.5 0.2 0.5 0.5 0.5 0.5 0.08 	0.02 4.55026 	
0.02 0.5 0.14 0.44 0.44 0.02 0.5 0.5 0.5 0.5 0.5 0.02 0.5 0.38 0.5 0.26 0.5 0.5 0.5 0.32 0.5 0.44 0.2 0.5 0.2 0.53 0.5 0.5 0.5 0.08 	0.02 4.55957 	
0.02 0.5 0.14 0.44 0.44 0.02 0.5 0.5 0.5 0.5 0.5 0.02 0.5 0.38 0.5 0.26 0.5 0.5 0.5 0.32 0.5 0.44 0.2 0.5 0.23 0.5 0.5 0.5 0.5 0.08 	0.02 4.55957 	
0.02 0.5 0.14 0.44 0.44 0.02 0.5 0.5 0.5 0.5 0.5 0.02 0.5 0.38 0.5 0.26 0.5 0.5 0.5 0.32 0.5 0.44 0.2 0.5 0.26 0.5 0.5 0.5 0.5 0.08 	0.02 4.56888 	
0.02 0.5 0.14 0.44 0.44 0.02 0.5 0.5 0.5 0.5 0.5 0.02 0.5 0.38 0.5 0.26 0.5 0.5 0.5 0.32 0.5 0.44 0.2 0.5 0.26 0.53 0.5 0.5 0.5 0.08 	0.02 4.57819 	
0.02 0.5 0.14 0.44 0.44 0.02 0.5 0.5 0.5 0.5 0.5 0.02 0.5 0.38 0.5 0.26 0.5 0.5 0.5 0.32 0.5 0.44 0.2 0.5 0.29 0.5 0.5 0.5 0.5 0.08 	0.02 4.57819 	
0.02 0.5 0.14 0.44 0.44 0.02 0.5 0.5 0.5 0.5 0.5 0.02 0.5 0.38 0.5 0.26 0.5 0.5 0.5 0.32 0.5 0.44 0.2 0.5 0.32 0.5 0.5 0.5 0.5 0.08 	0.02 4.5875 	
0.02 0.5 0.14 0.44 0.44 0.02 0.5 0.5 0.5 0.5 0.5 0.02 0.5 0.38 0.5 0.26 0.5 0.5 0.5 0.32 0.5 0.44 0.2 0.5 0.32 0.53 0.5 0.5 0.5 0.08 	0.02 4.59681 	
0.02 0.5 0.14 0.44 0.44 0.02 0.5 0.5 0.5 0.5 0.5 0.02 0.5 0.38 0.5 0.26 0.5 0.5 0.5 0.32 0.5 0.44 0.2 0.5 0.35 0.5 0.5 0.5 0.5 0.08 	0.02 4.59681 	
0.02 0.5 0.14 0.44 0.44 0.02 0.5 0.5 0.5 0.5 0.5 0.02 0.5 0.38 0.5 0.26 0.5 0.5 0.5 0.32 0.5 0.44 0.2 0.5 0.38 0.5 0.5 0.5 0.5 0.08 	0.02 4.60612 	
0.02 0.5 0.14 0.44 0.44 0.02 0.5 0.5 0.5 0.5 0.5 0.02 0.5 0.38 0.5 0.26 0.5 0.5 0.5 0.32 0.5 0.44 0.2 0.5 0.38 0.53 0.5 0.5 0.5 0.08 	0.02 4.61543 	
0.02 0.5 0.14 0.44 0.44 0.02 0.5 0.5 0.5 0.5 0.5 0.02 0.5 0.38 0.5 0.26 0.5 0.5 0.5 0.32 0.5 0.44 0.2 0.5 0.41 0.5 0.5 0.5 0.5 0.08 	0.02 4.61543 	
0.02 0.5 0.14 0.44 0.44 0.02 0.5 0.5 0.5 0.5 0.5 0.02 0.5 0.38 0.5 0.26 0.5 0.5 0.5 0.32 0.5 0.44 0.2 0.5 0.44 0.5 0.5 0.5 0.5 0.08 	0.02 4.62474 	
0.02 0.5 0.14 0.44 0.44 0.02 0.5 0.5 0.5 0.5 0.5 0.02 0.5 0.38 0.5 0.26 0.5 0.5 0.5 0.32 0.5 0.44 0.2 0.5 0.44 0.53 0.5 0.5 0.5 0.08 	0.02 4.63405 	
0.02 0.5 0.14 0.44 0.44 0.02 0.5 0.5 0.5 0.5 0.5 0.02 0.5 0.38 0.5 0.26 0.5 0.5 0.5 0.32 0.5 0.44 0.2 0.5 0.47 0.5 0.5 0.5 0.5 0.08 	0.02 4.63405 	
0.02 0.5 0.14 0.44 0.44 0.02 0.5 0.5 0.5 0.5 0.5 0.02 0.5 0.38 0.5 0.26 0.5 0.5 0.5 0.32 0.5 0.44 0.2 0.5 0.5 0.5 0.5 0.5 0.5 0.08 	0.02 4.64336 	
0.02 0.5 0.14 0.44 0.44 0.02 0.5 0.5 0.5 0.5 0.5 0.02 0.5 0.38 0.5 0.26 0.5 0.5 0.5 0.32 0.5 0.44 0.2 0.5 0.5 0.53 0.5 0.5 0.5 0.08 	0.02 4.65267 	
0.02 0.5 0.14 0.44 0.44 0.02 0.5 0.5 0.5 0.5 0.5 0.02 0.5 0.38 0.5 0.26 0.5 0.5 0.5 0.32 0.53 0.44 0.08 0.5 0.08 0.5 0.5 0.5 0.5 0.08 	0.02 4.48508 	
0.02 0.5 0.14 0.44 0.44 0.02 0.5 0.5 0.5 0.5 0.5 0.02 0.5 0.38 0.5 0.26 0.5 0.5 0.5 0.32 0.53 0.44 0.08 0.5 0.14 0.5 0.5 0.5 0.5 0.08 	0.02 4.5037 	
0.02 0.5 0.14 0.44 0.44 0.02 0.5 0.5 0.5 0.5 0.5 0.02 0.5 0.38 0.5 0.26 0.53 0.5 0.5 0.32 0.5 0.44 0.08 0.5 0.02 0.5 0.5 0.5 0.5 0.08 	0.02 4.46646 	
0.02 0.5 0.14 0.44 0.44 0.02 0.5 0.5 0.5 0.5 0.5 0.02 0.53 0.38 0.5 0.26 0.5 0.5 0.5 0.32 0.5 0.44 0.08 0.5 0.08 0.5 0.5 0.5 0.5 0.08 	0.02 4.48508 	
0.02 0.5 0.14 0.44 0.44 0.02 0.5 0.5 0.5 0.5 0.5 0.02 0.53 0.38 0.5 0.26 0.5 0.5 0.5 0.32 0.5 0.44 0.08 0.5 0.14 0.5 0.5 0.5 0.5 0.08 	0.02 4.5037 	
0.02 0.5 0.14 0.44 0.44 0.02 0.5 0.5 0.5 0.5 0.5 0.05 0.5 0.38 0.5 0.26 0.5 0.5 0.5 0.32 0.5 0.44 0.08 0.5 0.02 0.5 0.5 0.5 0.5 0.08 	0.02 4.46646 	
0.02 0.5 0.14 0.44 0.44 0.02 0.5 0.5 0.5 0.5 0.5 0.05 0.5 0.38 0.5 0.26 0.5 0.5 0.5 0.32 0.5 0.44 0.2 0.5 0.5 0.5 0.5 0.5 0.5 0.08 	0.02 4.65267 	
0.02 0.5 0.14 0.44 0.44 0.02 0.5 0.5 0.5 0.5 0.5 0.08 0.5 0.38 0.5 0.23 0.5 0.5 0.5 0.32 0.5 0.44 0.2 0.5 0.5 0.5 0.5 0.5 0.5 0.08 	0.02 4.65267 	
0.02 0.5 0.14 0.44 0.44 0.02 0.5 0.5 0.5 0.5 0.5 0.08 0.5 0.38 0.5 0.26 0.47 0.5 0.5 0.32 0.5 0.44 0.2 0.5 0.5 0.5 0.5 0.5 0.5 0.08 	0.02 4.65267 	
0.02 0.5 0.14 0.44 0.44 0.02 0.5 0.5 0.5 0.5 0.5 0.08 0.5 0.38 0.5 0.26 0.5 0.47 0.5 0.32 0.5 0.44 0.26 0.5 0.5 0.5 0.5 0.5 0.5 0.08 	0.02 4.67129 	
0.02 0.5 0.14 0.44 0.44 0.02 0.5 0.5 0.5 0.5 0.5 0.08 0.5 0.38 0.5 0.26 0.5 0.5 0.5 0.32 0.5 0.44 0.2 0.5 0.5 0.5 0.5 0.5 0.5 0.08 	0.02 4.66198 	
0.02 0.5 0.14 0.44 0.44 0.02 0.5 0.5 0.5 0.5 0.5 0.08 0.5 0.38 0.5 0.26 0.5 0.5 0.5 0.32 0.5 0.44 0.2 0.5 0.5 0.5 0.53 0.5 0.5 0.08 	0.02 4.67129 	
0.02 0.5 0.14 0.44 0.44 0.02 0.5 0.5 0.5 0.5 0.5 0.08 0.5 0.38 0.5 0.26 0.5 0.5 0.5 0.32 0.5 0.44 0.23 0.5 0.5 0.5 0.5 0.5 0.5 0.08 	0.02 4.67129 	
0.02 0.5 0.14 0.44 0.44 0.02 0.5 0.5 0.5 0.5 0.5 0.08 0.5 0.38 0.5 0.26 0.5 0.5 0.5 0.32 0.5 0.44 0.26 0.5 0.5 0.5 0.5 0.5 0.5 0.08 	0.02 4.6806 	
0.02 0.5 0.14 0.44 0.44 0.02 0.5 0.5 0.5 0.5 0.5 0.08 0.5 0.38 0.5 0.26 0.5 0.5 0.53 0.32 0.5 0.44 0.26 0.5 0.5 0.5 0.5 0.5 0.5 0.08 	0.02 4.68991 	
0.02 0.5 0.14 0.44 0.44 0.02 0.5 0.5 0.5 0.5 0.5 0.08 0.5 0.38 0.53 0.26 0.5 0.5 0.5 0.32 0.5 0.44 0.26 0.5 0.5 0.5 0.5 0.5 0.5 0.08 	0.02 4.68991 	
0.02 0.5 0.14 0.44 0.44 0.02 0.5 0.5 0.5 0.5 0.5 0.11 0.5 0.38 0.5 0.26 0.5 0.5 0.5 0.32 0.5 0.44 0.26 0.5 0.5 0.5 0.5 0.5 0.5 0.08 	0.02 4.68991 	
0.02 0.5 0.14 0.44 0.44 0.02 0.5 0.5 0.5 0.5 0.5 0.11 0.5 0.38 0.5 0.32 0.5 0.5 0.5 0.32 0.5 0.44 0.26 0.5 0.5 0.5 0.5 0.5 0.5 0.08 	0.02 4.70854 	
0.02 0.5 0.14 0.44 0.44 0.02 0.5 0.5 0.5 0.5 0.5 0.14 0.5 0.38 0.5 0.23 0.5 0.5 0.5 0.32 0.5 0.44 0.26 0.5 0.5 0.5 0.5 0.5 0.5 0.08 	0.02 4.68991 	
0.02 0.5 0.14 0.44 0.44 0.02 0.5 0.5 0.5 0.5 0.5 0.14 0.5 0.38 0.5 0.26 0.47 0.5 0.5 0.32 0.5 0.44 0.26 0.5 0.5 0.5 0.5 0.5 0.5 0.08 	0.02 4.68991 	
0.02 0.5 0.14 0.44 0.44 0.02 0.5 0.5 0.5 0.5 0.5 0.14 0.5 0.38 0.5 0.26 0.5 0.5 0.5 0.32 0.5 0.44 0.26 0.5 0.5 0.5 0.5 0.5 0.5 0.08 	0.02 4.69923 	
0.02 0.5 0.14 0.44 0.44 0.02 0.5 0.5 0.5 0.5 0.5 0.14 0.5 0.38 0.5 0.26 0.5 0.5 0.5 0.32 0.5 0.44 0.26 0.5 0.5 0.5 0.53 0.5 0.5 0.08 	0.02 4.70854 	
0.02 0.5 0.14 0.44 0.44 0.02 0.5 0.5 0.5 0.5 0.5 0.14 0.5 0.38 0.5 0.29 0.5 0.5 0.5 0.32 0.5 0.44 0.26 0.5 0.5 0.5 0.5 0.5 0.5 0.08 	0.02 4.70854 	
0.02 0.5 0.14 0.44 0.44 0.02 0.5 0.5 0.5 0.5 0.5 0.14 0.5 0.38 0.5 0.32 0.47 0.5 0.5 0.32 0.5 0.44 0.26 0.5 0.5 0.5 0.5 0.5 0.5 0.08 	0.02 4.70854 	
0.02 0.5 0.14 0.44 0.44 0.02 0.5 0.5 0.5 0.5 0.5 0.14 0.5 0.38 0.5 0.32 0.5 0.5 0.5 0.32 0.5 0.44 0.26 0.5 0.5 0.5 0.5 0.5 0.5 0.08 	0.02 4.71785 	
0.02 0.5 0.14 0.44 0.44 0.02 0.5 0.5 0.5 0.5 0.5 0.14 0.5 0.38 0.5 0.32 0.5 0.5 0.5 0.32 0.5 0.44 0.26 0.5 0.5 0.5 0.53 0.5 0.5 0.08 	0.02 4.72716 	
0.02 0.5 0.14 0.44 0.44 0.02 0.5 0.5 0.5 0.5 0.5 0.17 0.5 0.38 0.5 0.32 0.5 0.5 0.5 0.32 0.5 0.44 0.26 0.5 0.5 0.5 0.5 0.5 0.5 0.08 	0.02 4.72716 	
0.02 0.5 0.14 0.44 0.44 0.02 0.5 0.5 0.5 0.5 0.5 0.2 0.5 0.38 0.5 0.29 0.5 0.5 0.5 0.32 0.5 0.44 0.26 0.5 0.5 0.5 0.5 0.5 0.5 0.08 	0.02 4.72716 	
0.02 0.5 0.14 0.44 0.44 0.02 0.5 0.5 0.5 0.5 0.5 0.2 0.5 0.38 0.5 0.32 0.47 0.5 0.5 0.32 0.5 0.44 0.26 0.5 0.5 0.5 0.5 0.5 0.5 0.08 	0.02 4.72716 	
0.02 0.5 0.14 0.44 0.44 0.02 0.5 0.5 0.5 0.5 0.5 0.2 0.5 0.38 0.5 0.32 0.5 0.5 0.5 0.32 0.5 0.44 0.26 0.5 0.5 0.5 0.5 0.5 0.5 0.08 	0.02 4.73647 	
0.02 0.5 0.14 0.44 0.44 0.02 0.5 0.5 0.5 0.5 0.5 0.2 0.5 0.38 0.5 0.32 0.5 0.5 0.5 0.32 0.5 0.44 0.26 0.5 0.5 0.5 0.53 0.5 0.5 0.08 	0.02 4.74578 	
0.02 0.5 0.14 0.44 0.44 0.02 0.5 0.5 0.5 0.5 0.5 0.23 0.5 0.38 0.5 0.32 0.5 0.5 0.5 0.32 0.5 0.44 0.26 0.5 0.5 0.5 0.5 0.5 0.5 0.08 	0.02 4.74578 	
0.02 0.5 0.14 0.44 0.44 0.02 0.5 0.5 0.5 0.5 0.5 0.23 0.5 0.38 0.5 0.38 0.5 0.5 0.5 0.32 0.5 0.44 0.26 0.5 0.5 0.5 0.5 0.5 0.5 0.08 	0.02 4.7644 	
0.02 0.5 0.14 0.44 0.44 0.02 0.5 0.5 0.5 0.5 0.5 0.26 0.5 0.38 0.5 0.29 0.5 0.5 0.5 0.32 0.5 0.44 0.26 0.5 0.5 0.5 0.5 0.5 0.5 0.08 	0.02 4.74578 	
0.02 0.5 0.14 0.44 0.44 0.02 0.5 0.5 0.5 0.5 0.5 0.26 0.5 0.38 0.5 0.32 0.47 0.5 0.5 0.32 0.5 0.44 0.26 0.5 0.5 0.5 0.5 0.5 0.5 0.08 	0.02 4.74578 	
0.02 0.5 0.14 0.44 0.44 0.02 0.5 0.5 0.5 0.5 0.5 0.26 0.5 0.38 0.5 0.32 0.5 0.5 0.5 0.32 0.5 0.44 0.26 0.5 0.5 0.5 0.5 0.5 0.5 0.08 	0.02 4.75509 	
0.02 0.5 0.14 0.44 0.44 0.02 0.5 0.5 0.5 0.5 0.5 0.26 0.5 0.38 0.5 0.32 0.5 0.5 0.5 0.32 0.5 0.44 0.26 0.5 0.5 0.5 0.53 0.5 0.5 0.08 	0.02 4.7644 	
0.02 0.5 0.14 0.44 0.44 0.02 0.5 0.5 0.5 0.5 0.5 0.26 0.5 0.38 0.5 0.35 0.5 0.5 0.5 0.32 0.5 0.44 0.26 0.5 0.5 0.5 0.5 0.5 0.5 0.08 	0.02 4.7644 	
0.02 0.5 0.14 0.44 0.44 0.02 0.5 0.5 0.5 0.5 0.5 0.26 0.5 0.38 0.5 0.38 0.47 0.5 0.5 0.32 0.5 0.44 0.26 0.5 0.5 0.5 0.5 0.5 0.5 0.08 	0.02 4.7644 	
0.02 0.5 0.14 0.44 0.44 0.02 0.5 0.5 0.5 0.5 0.5 0.26 0.5 0.38 0.5 0.38 0.5 0.5 0.5 0.32 0.5 0.44 0.26 0.5 0.5 0.5 0.5 0.5 0.5 0.08 	0.02 4.77371 	
0.02 0.5 0.14 0.44 0.44 0.02 0.5 0.5 0.5 0.5 0.5 0.26 0.5 0.38 0.5 0.38 0.5 0.5 0.5 0.32 0.5 0.44 0.26 0.5 0.5 0.5 0.53 0.5 0.5 0.08 	0.02 4.78302 	
0.02 0.5 0.14 0.44 0.44 0.02 0.5 0.5 0.5 0.5 0.5 0.29 0.5 0.38 0.5 0.38 0.5 0.5 0.5 0.32 0.5 0.44 0.26 0.5 0.5 0.5 0.5 0.5 0.5 0.08 	0.02 4.78302 	
0.02 0.5 0.14 0.44 0.44 0.02 0.5 0.5 0.5 0.5 0.5 0.32 0.5 0.38 0.5 0.35 0.5 0.5 0.5 0.32 0.5 0.44 0.26 0.5 0.5 0.5 0.5 0.5 0.5 0.08 	0.02 4.78302 	
0.02 0.5 0.14 0.44 0.44 0.02 0.5 0.5 0.5 0.5 0.5 0.32 0.5 0.38 0.5 0.38 0.47 0.5 0.5 0.32 0.5 0.44 0.26 0.5 0.5 0.5 0.5 0.5 0.5 0.08 	0.02 4.78302 	
0.02 0.5 0.14 0.44 0.44 0.02 0.5 0.5 0.5 0.5 0.5 0.32 0.5 0.38 0.5 0.38 0.5 0.5 0.5 0.32 0.5 0.44 0.26 0.5 0.5 0.5 0.5 0.5 0.5 0.08 	0.02 4.79233 	
0.02 0.5 0.14 0.44 0.44 0.02 0.5 0.5 0.5 0.5 0.5 0.32 0.5 0.38 0.5 0.38 0.5 0.5 0.5 0.32 0.5 0.44 0.26 0.5 0.5 0.5 0.53 0.5 0.5 0.08 	0.02 4.80164 	
0.02 0.5 0.14 0.44 0.44 0.02 0.5 0.5 0.5 0.5 0.5 0.35 0.5 0.38 0.5 0.38 0.5 0.5 0.5 0.32 0.5 0.44 0.26 0.5 0.5 0.5 0.5 0.5 0.5 0.08 	0.02 4.80164 	
0.02 0.5 0.14 0.44 0.44 0.02 0.5 0.5 0.5 0.5 0.5 0.38 0.5 0.38 0.5 0.35 0.5 0.5 0.5 0.32 0.5 0.44 0.26 0.5 0.5 0.5 0.5 0.5 0.5 0.08 	0.02 4.80164 	
0.02 0.5 0.14 0.44 0.44 0.02 0.5 0.5 0.5 0.5 0.5 0.38 0.5 0.38 0.5 0.38 0.47 0.5 0.5 0.32 0.5 0.44 0.26 0.5 0.5 0.5 0.5 0.5 0.5 0.08 	0.02 4.80164 	
0.02 0.5 0.14 0.44 0.44 0.02 0.5 0.5 0.5 0.5 0.5 0.38 0.5 0.38 0.5 0.38 0.5 0.5 0.5 0.32 0.5 0.44 0.26 0.5 0.5 0.5 0.5 0.5 0.5 0.08 	0.02 4.81095 	
0.02 0.5 0.14 0.44 0.44 0.02 0.5 0.5 0.5 0.5 0.5 0.38 0.5 0.38 0.5 0.38 0.5 0.5 0.5 0.32 0.5 0.44 0.26 0.5 0.5 0.5 0.53 0.5 0.5 0.08 	0.02 4.82026 	
0.02 0.5 0.14 0.44 0.44 0.02 0.5 0.5 0.5 0.5 0.5 0.41 0.5 0.38 0.5 0.38 0.5 0.5 0.5 0.32 0.5 0.44 0.26 0.5 0.5 0.5 0.5 0.5 0.5 0.08 	0.02 4.82026 	
0.02 0.5 0.14 0.44 0.44 0.02 0.5 0.5 0.5 0.5 0.5 0.44 0.47 0.38 0.5 0.38 0.5 0.5 0.5 0.32 0.5 0.44 0.32 0.5 0.5 0.5 0.5 0.5 0.5 0.08 	0.02 4.83888 	
0.02 0.5 0.14 0.44 0.44 0.02 0.5 0.5 0.5 0.5 0.5 0.44 0.47 0.38 0.5 0.38 0.5 0.5 0.5 0.32 0.5 0.44 0.38 0.5 0.5 0.5 0.5 0.5 0.5 0.08 	0.02 4.8575 	
0.02 0.5 0.14 0.44 0.44 0.02 0.5 0.5 0.5 0.5 0.5 0.44 0.5 0.38 0.5 0.35 0.5 0.5 0.5 0.32 0.5 0.44 0.26 0.5 0.5 0.5 0.5 0.5 0.5 0.08 	0.02 4.82026 	
0.02 0.5 0.14 0.44 0.44 0.02 0.5 0.5 0.5 0.5 0.5 0.44 0.5 0.38 0.5 0.38 0.47 0.5 0.5 0.32 0.5 0.44 0.26 0.5 0.5 0.5 0.5 0.5 0.5 0.08 	0.02 4.82026 	
0.02 0.5 0.14 0.44 0.44 0.02 0.5 0.5 0.5 0.5 0.5 0.44 0.5 0.38 0.5 0.38 0.5 0.5 0.5 0.32 0.47 0.44 0.32 0.5 0.5 0.5 0.5 0.5 0.5 0.08 	0.02 4.83888 	
0.02 0.5 0.14 0.44 0.44 0.02 0.5 0.5 0.5 0.5 0.5 0.44 0.5 0.38 0.5 0.38 0.5 0.5 0.5 0.32 0.47 0.44 0.38 0.5 0.5 0.5 0.5 0.5 0.5 0.08 	0.02 4.8575 	
0.02 0.5 0.14 0.44 0.44 0.02 0.5 0.5 0.5 0.5 0.5 0.44 0.5 0.38 0.5 0.38 0.5 0.5 0.5 0.32 0.5 0.44 0.26 0.5 0.5 0.5 0.5 0.5 0.5 0.08 	0.02 4.82957 	
0.02 0.5 0.14 0.44 0.44 0.02 0.5 0.5 0.5 0.5 0.5 0.44 0.5 0.38 0.5 0.38 0.5 0.5 0.5 0.32 0.5 0.44 0.26 0.5 0.5 0.5 0.53 0.5 0.5 0.08 	0.02 4.83888 	
0.02 0.5 0.14 0.44 0.44 0.02 0.5 0.5 0.5 0.5 0.5 0.44 0.5 0.38 0.5 0.38 0.5 0.5 0.5 0.32 0.5 0.44 0.29 0.5 0.5 0.5 0.5 0.5 0.5 0.08 	0.02 4.83888 	
0.02 0.5 0.14 0.44 0.44 0.02 0.5 0.5 0.5 0.5 0.5 0.44 0.5 0.38 0.5 0.38 0.5 0.5 0.5 0.32 0.5 0.44 0.32 0.5 0.5 0.5 0.5 0.5 0.5 0.08 	0.02 4.84819 	
0.02 0.5 0.14 0.44 0.44 0.02 0.5 0.5 0.5 0.5 0.5 0.44 0.5 0.38 0.5 0.38 0.5 0.5 0.5 0.32 0.5 0.44 0.35 0.5 0.5 0.5 0.5 0.5 0.5 0.08 	0.02 4.8575 	
0.02 0.5 0.14 0.44 0.44 0.02 0.5 0.5 0.5 0.5 0.5 0.44 0.5 0.38 0.5 0.38 0.5 0.5 0.5 0.32 0.5 0.44 0.38 0.5 0.5 0.5 0.5 0.5 0.5 0.08 	0.02 4.86681 	
0.02 0.5 0.14 0.44 0.44 0.02 0.5 0.5 0.5 0.53 0.5 0.02 0.5 0.38 0.5 0.26 0.5 0.5 0.5 0.32 0.5 0.44 0.2 0.5 0.2 0.5 0.5 0.5 0.5 0.08 	0.02 4.55957 	
0.02 0.5 0.14 0.44 0.44 0.02 0.5 0.5 0.5 0.53 0.5 0.02 0.5 0.38 0.5 0.26 0.5 0.5 0.5 0.32 0.5 0.44 0.2 0.5 0.26 0.5 0.5 0.5 0.5 0.08 	0.02 4.57819 	
0.02 0.5 0.14 0.44 0.44 0.02 0.5 0.5 0.5 0.53 0.5 0.02 0.5 0.38 0.5 0.26 0.5 0.5 0.5 0.32 0.5 0.44 0.2 0.5 0.32 0.5 0.5 0.5 0.5 0.08 	0.02 4.59681 	
0.02 0.5 0.14 0.44 0.44 0.02 0.5 0.5 0.5 0.53 0.5 0.02 0.5 0.38 0.5 0.26 0.5 0.5 0.5 0.32 0.5 0.44 0.2 0.5 0.38 0.5 0.5 0.5 0.5 0.08 	0.02 4.61543 	
0.02 0.5 0.14 0.44 0.44 0.02 0.5 0.5 0.5 0.53 0.5 0.02 0.5 0.38 0.5 0.26 0.5 0.5 0.5 0.32 0.5 0.44 0.2 0.5 0.44 0.5 0.5 0.5 0.5 0.08 	0.02 4.63405 	
0.02 0.5 0.14 0.44 0.44 0.02 0.5 0.5 0.5 0.53 0.5 0.02 0.5 0.38 0.5 0.26 0.5 0.5 0.5 0.32 0.5 0.44 0.2 0.5 0.5 0.5 0.5 0.5 0.5 0.08 	0.02 4.65267 	
0.02 0.5 0.14 0.44 0.44 0.02 0.5 0.5 0.5 0.53 0.5 0.44 0.5 0.38 0.5 0.38 0.5 0.5 0.5 0.32 0.5 0.44 0.38 0.5 0.5 0.5 0.5 0.5 0.5 0.08 	0.02 4.87612 	
0.02 0.5 0.14 0.44 0.44 0.02 0.5 0.5 0.53 0.5 0.5 0.08 0.5 0.38 0.5 0.26 0.5 0.5 0.5 0.32 0.5 0.44 0.2 0.5 0.5 0.5 0.5 0.5 0.5 0.08 	0.02 4.67129 	
0.02 0.5 0.14 0.44 0.44 0.02 0.5 0.5 0.53 0.5 0.5 0.08 0.5 0.38 0.5 0.26 0.5 0.5 0.5 0.32 0.5 0.44 0.26 0.5 0.5 0.5 0.5 0.5 0.5 0.08 	0.02 4.68991 	
0.02 0.5 0.14 0.44 0.44 0.02 0.5 0.5 0.53 0.5 0.5 0.14 0.5 0.38 0.5 0.26 0.5 0.5 0.5 0.32 0.5 0.44 0.26 0.5 0.5 0.5 0.5 0.5 0.5 0.08 	0.02 4.70854 	
0.02 0.5 0.14 0.44 0.44 0.02 0.5 0.5 0.53 0.5 0.5 0.14 0.5 0.38 0.5 0.32 0.5 0.5 0.5 0.32 0.5 0.44 0.26 0.5 0.5 0.5 0.5 0.5 0.5 0.08 	0.02 4.72716 	
0.02 0.5 0.14 0.44 0.44 0.02 0.5 0.5 0.53 0.5 0.5 0.2 0.5 0.38 0.5 0.32 0.5 0.5 0.5 0.32 0.5 0.44 0.26 0.5 0.5 0.5 0.5 0.5 0.5 0.08 	0.02 4.74578 	
0.02 0.5 0.14 0.44 0.44 0.02 0.5 0.5 0.53 0.5 0.5 0.26 0.5 0.38 0.5 0.32 0.5 0.5 0.5 0.32 0.5 0.44 0.26 0.5 0.5 0.5 0.5 0.5 0.5 0.08 	0.02 4.7644 	
0.02 0.5 0.14 0.44 0.44 0.02 0.5 0.5 0.53 0.5 0.5 0.26 0.5 0.38 0.5 0.38 0.5 0.5 0.5 0.32 0.5 0.44 0.26 0.5 0.5 0.5 0.5 0.5 0.5 0.08 	0.02 4.78302 	
0.02 0.5 0.14 0.44 0.44 0.02 0.5 0.5 0.53 0.5 0.5 0.32 0.5 0.38 0.5 0.38 0.5 0.5 0.5 0.32 0.5 0.44 0.26 0.5 0.5 0.5 0.5 0.5 0.5 0.08 	0.02 4.80164 	
0.02 0.5 0.14 0.44 0.44 0.02 0.5 0.5 0.53 0.5 0.5 0.38 0.5 0.38 0.5 0.38 0.5 0.5 0.5 0.32 0.5 0.44 0.26 0.5 0.5 0.5 0.5 0.5 0.5 0.08 	0.02 4.82026 	
0.02 0.5 0.14 0.44 0.44 0.02 0.5 0.5 0.53 0.5 0.5 0.44 0.5 0.38 0.5 0.38 0.5 0.5 0.5 0.32 0.5 0.44 0.26 0.5 0.5 0.5 0.5 0.5 0.5 0.08 	0.02 4.83888 	
0.02 0.5 0.14 0.44 0.44 0.02 0.5 0.5 0.53 0.5 0.5 0.44 0.5 0.38 0.5 0.38 0.5 0.5 0.5 0.32 0.5 0.44 0.32 0.5 0.5 0.5 0.5 0.5 0.5 0.08 	0.02 4.8575 	
0.02 0.5 0.14 0.44 0.44 0.02 0.5 0.53 0.5 0.5 0.5 0.02 0.5 0.38 0.5 0.26 0.5 0.5 0.5 0.32 0.5 0.44 0.14 0.5 0.14 0.5 0.5 0.5 0.5 0.08 	0.02 4.52233 	
0.02 0.5 0.14 0.44 0.44 0.02 0.5 0.53 0.5 0.5 0.5 0.02 0.5 0.38 0.5 0.26 0.5 0.5 0.5 0.32 0.5 0.44 0.2 0.5 0.14 0.5 0.5 0.5 0.5 0.08 	0.02 4.54095 	
0.02 0.5 0.14 0.44 0.44 0.02 0.5 0.53 0.5 0.5 0.5 0.08 0.5 0.38 0.5 0.26 0.5 0.5 0.5 0.32 0.5 0.44 0.26 0.5 0.5 0.5 0.5 0.5 0.5 0.08 	0.02 4.68991 	
0.02 0.5 0.14 0.44 0.44 0.02 0.5 0.53 0.5 0.5 0.5 0.44 0.5 0.38 0.5 0.38 0.5 0.5 0.5 0.32 0.5 0.44 0.38 0.5 0.5 0.5 0.5 0.5 0.5 0.08 	0.02 4.87612 	
0.02 0.5 0.14 0.44 0.44 0.02 0.53 0.5 0.5 0.5 0.5 0.44 0.5 0.38 0.5 0.38 0.5 0.5 0.5 0.32 0.5 0.44 0.32 0.5 0.5 0.5 0.5 0.5 0.5 0.08 	0.02 4.8575 	
0.02 0.5 0.14 0.44 0.47 0.02 0.5 0.5 0.5 0.5 0.5 0.02 0.5 0.38 0.5 0.26 0.5 0.5 0.5 0.32 0.5 0.44 0.14 0.5 0.14 0.5 0.5 0.5 0.5 0.08 	0.02 4.52233 	
0.02 0.5 0.14 0.44 0.47 0.02 0.5 0.5 0.5 0.5 0.5 0.02 0.5 0.38 0.5 0.26 0.5 0.5 0.5 0.32 0.5 0.44 0.2 0.5 0.14 0.5 0.5 0.5 0.5 0.08 	0.02 4.54095 	
0.02 0.5 0.14 0.47 0.08 0.02 0.5 0.5 0.5 0.02 0.38 0.02 0.5 0.38 0.5 0.26 0.5 0.5 0.5 0.02 0.5 0.44 0.08 0.5 0.02 0.44 0.5 0.5 0.5 0.08 	0.02 4.0568 	
0.02 0.5 0.17 0.44 0.08 0.02 0.5 0.5 0.5 0.02 0.38 0.02 0.5 0.38 0.5 0.26 0.5 0.5 0.5 0.02 0.5 0.44 0.08 0.5 0.02 0.44 0.5 0.5 0.5 0.08 	0.02 4.0568 	
0.02 0.5 0.17 0.44 0.08 0.02 0.5 0.5 0.5 0.02 0.44 0.02 0.5 0.38 0.5 0.26 0.5 0.5 0.5 0.08 0.5 0.44 0.08 0.5 0.02 0.44 0.5 0.5 0.5 0.08 	0.02 4.09404 	
0.02 0.5 0.17 0.44 0.08 0.02 0.5 0.5 0.5 0.02 0.5 0.02 0.5 0.38 0.5 0.26 0.5 0.5 0.5 0.26 0.5 0.44 0.08 0.5 0.02 0.44 0.5 0.5 0.5 0.08 	0.02 4.16852 	
0.02 0.5 0.17 0.44 0.14 0.02 0.5 0.5 0.5 0.08 0.5 0.02 0.5 0.38 0.5 0.26 0.5 0.5 0.5 0.32 0.5 0.44 0.08 0.5 0.02 0.44 0.5 0.5 0.5 0.08 	0.02 4.22439 	
0.02 0.5 0.17 0.44 0.14 0.02 0.5 0.5 0.5 0.14 0.5 0.02 0.5 0.38 0.5 0.26 0.5 0.5 0.5 0.32 0.5 0.44 0.08 0.5 0.02 0.5 0.5 0.5 0.5 0.08 	0.02 4.26163 	
0.02 0.5 0.17 0.44 0.14 0.02 0.5 0.5 0.5 0.2 0.5 0.02 0.5 0.38 0.5 0.26 0.5 0.5 0.5 0.32 0.5 0.44 0.08 0.5 0.02 0.5 0.5 0.5 0.5 0.08 	0.02 4.28025 	
0.02 0.5 0.17 0.44 0.14 0.02 0.5 0.5 0.5 0.26 0.5 0.02 0.5 0.38 0.5 0.26 0.5 0.5 0.5 0.32 0.5 0.44 0.08 0.5 0.02 0.5 0.5 0.5 0.5 0.08 	0.02 4.29887 	
0.02 0.5 0.17 0.44 0.14 0.02 0.5 0.5 0.5 0.32 0.5 0.02 0.5 0.38 0.5 0.26 0.5 0.5 0.5 0.32 0.5 0.44 0.08 0.5 0.02 0.5 0.5 0.5 0.5 0.08 	0.02 4.31749 	
0.02 0.5 0.17 0.44 0.14 0.02 0.5 0.5 0.5 0.38 0.5 0.02 0.5 0.38 0.5 0.26 0.5 0.5 0.5 0.32 0.5 0.44 0.08 0.5 0.02 0.5 0.5 0.5 0.5 0.08 	0.02 4.33611 	
0.02 0.5 0.17 0.44 0.14 0.02 0.5 0.5 0.5 0.44 0.5 0.02 0.5 0.38 0.5 0.26 0.5 0.5 0.5 0.32 0.5 0.44 0.08 0.5 0.02 0.5 0.5 0.5 0.5 0.08 	0.02 4.35474 	
0.02 0.5 0.17 0.44 0.14 0.02 0.5 0.5 0.5 0.5 0.5 0.02 0.5 0.38 0.5 0.26 0.5 0.5 0.5 0.32 0.5 0.44 0.08 0.5 0.02 0.5 0.5 0.5 0.5 0.08 	0.02 4.37336 	
0.05 0.5 0.14 0.44 0.08 0.02 0.5 0.5 0.5 0.02 0.44 0.02 0.5 0.38 0.5 0.26 0.5 0.5 0.5 0.08 0.5 0.44 0.08 0.5 0.02 0.44 0.5 0.5 0.5 0.08 	0.05 4.08422 	
0.05 0.5 0.14 0.44 0.08 0.02 0.5 0.5 0.5 0.02 0.5 0.02 0.5 0.38 0.5 0.26 0.5 0.5 0.5 0.26 0.5 0.44 0.08 0.5 0.02 0.44 0.5 0.5 0.5 0.08 	0.05 4.15871 	
0.05 0.5 0.14 0.44 0.14 0.02 0.5 0.5 0.5 0.08 0.5 0.02 0.5 0.38 0.5 0.26 0.5 0.5 0.5 0.32 0.5 0.44 0.08 0.5 0.02 0.44 0.5 0.5 0.5 0.08 	0.05 4.21458 	
0.05 0.5 0.14 0.44 0.14 0.02 0.5 0.5 0.5 0.14 0.5 0.02 0.5 0.38 0.5 0.26 0.5 0.5 0.5 0.32 0.5 0.44 0.08 0.5 0.02 0.5 0.5 0.5 0.5 0.08 	0.05 4.25183 	
0.05 0.5 0.14 0.44 0.14 0.02 0.5 0.5 0.5 0.2 0.5 0.02 0.5 0.38 0.5 0.26 0.5 0.5 0.5 0.32 0.5 0.44 0.08 0.5 0.02 0.5 0.5 0.5 0.5 0.08 	0.05 4.27045 	
0.05 0.5 0.14 0.44 0.14 0.02 0.5 0.5 0.5 0.26 0.5 0.02 0.5 0.38 0.5 0.26 0.5 0.5 0.5 0.32 0.5 0.44 0.08 0.5 0.02 0.5 0.5 0.5 0.5 0.08 	0.05 4.28907 	
0.05 0.5 0.14 0.44 0.14 0.02 0.5 0.5 0.5 0.32 0.5 0.02 0.5 0.38 0.5 0.26 0.5 0.5 0.5 0.32 0.5 0.44 0.08 0.5 0.02 0.5 0.5 0.5 0.5 0.08 	0.05 4.3077 	
0.05 0.5 0.14 0.44 0.14 0.02 0.5 0.5 0.5 0.38 0.5 0.02 0.5 0.38 0.5 0.26 0.5 0.5 0.5 0.32 0.5 0.44 0.08 0.5 0.02 0.5 0.5 0.5 0.5 0.08 	0.05 4.32632 	
0.05 0.5 0.14 0.44 0.14 0.02 0.5 0.5 0.5 0.44 0.5 0.02 0.5 0.38 0.5 0.26 0.5 0.5 0.5 0.32 0.5 0.44 0.08 0.5 0.02 0.5 0.5 0.5 0.5 0.08 	0.05 4.34494 	
0.05 0.5 0.14 0.44 0.14 0.02 0.5 0.5 0.5 0.5 0.5 0.02 0.5 0.38 0.5 0.26 0.5 0.5 0.5 0.32 0.5 0.44 0.08 0.5 0.02 0.5 0.5 0.5 0.5 0.08 	0.05 4.36357 	
0.05 0.5 0.14 0.44 0.44 0.02 0.5 0.5 0.5 0.5 0.5 0.44 0.5 0.38 0.5 0.38 0.5 0.5 0.5 0.32 0.5 0.44 0.38 0.5 0.5 0.5 0.5 0.5 0.5 0.08 	0.05 4.86638 	
0.05 0.5 0.14 0.44 0.44 0.02 0.5 0.5 0.5 0.5 0.5 0.44 0.5 0.38 0.5 0.38 0.5 0.5 0.5 0.38 0.5 0.44 0.38 0.5 0.5 0.5 0.5 0.5 0.5 0.08 	0.05 4.88501 	
0.05 0.5 0.14 0.44 0.44 0.02 0.5 0.5 0.5 0.5 0.5 0.44 0.5 0.38 0.5 0.38 0.5 0.5 0.5 0.44 0.5 0.44 0.38 0.5 0.5 0.5 0.5 0.5 0.5 0.08 	0.05 4.90363 	
0.05 0.5 0.14 0.44 0.44 0.02 0.5 0.5 0.5 0.5 0.5 0.44 0.5 0.38 0.5 0.38 0.5 0.5 0.5 0.5 0.5 0.44 0.38 0.5 0.5 0.5 0.5 0.5 0.5 0.08 	0.05 4.92225 	
0.08 0.5 0.14 0.44 0.44 0.02 0.5 0.5 0.5 0.5 0.5 0.41 0.5 0.38 0.5 0.38 0.5 0.5 0.5 0.32 0.5 0.44 0.38 0.5 0.5 0.5 0.5 0.5 0.5 0.08 	0.08 4.85627 	
0.08 0.5 0.14 0.44 0.44 0.02 0.5 0.5 0.5 0.5 0.5 0.41 0.5 0.38 0.5 0.38 0.5 0.5 0.5 0.38 0.5 0.44 0.38 0.5 0.5 0.5 0.5 0.5 0.5 0.08 	0.08 4.87489 	
0.08 0.5 0.14 0.44 0.44 0.02 0.5 0.5 0.5 0.5 0.5 0.41 0.5 0.38 0.5 0.38 0.5 0.5 0.5 0.44 0.5 0.44 0.38 0.5 0.5 0.5 0.5 0.5 0.5 0.08 	0.08 4.89352 	
0.08 0.5 0.14 0.44 0.44 0.02 0.5 0.5 0.5 0.5 0.5 0.41 0.5 0.38 0.5 0.38 0.5 0.5 0.5 0.5 0.5 0.44 0.38 0.5 0.5 0.5 0.5 0.5 0.5 0.08 	0.08 4.91215 	
0.08 0.5 0.14 0.44 0.44 0.02 0.5 0.5 0.5 0.5 0.5 0.44 0.5 0.38 0.5 0.38 0.5 0.5 0.5 0.29 0.5 0.44 0.38 0.5 0.5 0.5 0.5 0.5 0.5 0.08 	0.08 4.85627 	
0.08 0.5 0.14 0.44 0.44 0.02 0.5 0.5 0.5 0.5 0.5 0.44 0.5 0.38 0.5 0.38 0.5 0.5 0.5 0.32 0.5 0.44 0.38 0.5 0.47 0.5 0.5 0.5 0.5 0.08 	0.08 4.85627 	
0.08 0.5 0.14 0.44 0.44 0.02 0.5 0.5 0.5 0.5 0.5 0.44 0.5 0.38 0.5 0.38 0.5 0.5 0.5 0.32 0.5 0.44 0.38 0.5 0.5 0.5 0.5 0.5 0.5 0.08 	0.08 4.86558 	
0.08 0.5 0.14 0.44 0.44 0.02 0.5 0.5 0.5 0.5 0.5 0.44 0.5 0.38 0.5 0.38 0.5 0.5 0.5 0.32 0.5 0.44 0.38 0.5 0.5 0.5 0.5 0.5 0.5 0.11 	0.08 4.87489 	
0.08 0.5 0.14 0.44 0.44 0.02 0.5 0.5 0.5 0.5 0.5 0.44 0.5 0.38 0.5 0.38 0.5 0.5 0.5 0.35 0.5 0.44 0.38 0.5 0.5 0.5 0.5 0.5 0.5 0.08 	0.08 4.87489 	
0.08 0.5 0.14 0.44 0.44 0.02 0.5 0.5 0.5 0.5 0.5 0.44 0.5 0.38 0.5 0.38 0.5 0.5 0.5 0.38 0.5 0.44 0.38 0.5 0.47 0.5 0.5 0.5 0.5 0.08 	0.08 4.87489 	
0.08 0.5 0.14 0.44 0.44 0.02 0.5 0.5 0.5 0.5 0.5 0.44 0.5 0.38 0.5 0.38 0.5 0.5 0.5 0.38 0.5 0.44 0.38 0.5 0.5 0.5 0.5 0.5 0.5 0.08 	0.08 4.88421 	
0.08 0.5 0.14 0.44 0.44 0.02 0.5 0.5 0.5 0.5 0.5 0.44 0.5 0.38 0.5 0.38 0.5 0.5 0.5 0.38 0.5 0.44 0.38 0.5 0.5 0.5 0.5 0.5 0.5 0.11 	0.08 4.89352 	
0.08 0.5 0.14 0.44 0.44 0.02 0.5 0.5 0.5 0.5 0.5 0.44 0.5 0.38 0.5 0.38 0.5 0.5 0.5 0.41 0.5 0.44 0.38 0.5 0.5 0.5 0.5 0.5 0.5 0.08 	0.08 4.89352 	
0.08 0.5 0.14 0.44 0.44 0.02 0.5 0.5 0.5 0.5 0.5 0.44 0.5 0.38 0.5 0.38 0.5 0.5 0.5 0.44 0.5 0.44 0.38 0.5 0.47 0.5 0.5 0.5 0.5 0.08 	0.08 4.89352 	
0.08 0.5 0.14 0.44 0.44 0.02 0.5 0.5 0.5 0.5 0.5 0.44 0.5 0.38 0.5 0.38 0.5 0.5 0.5 0.44 0.5 0.44 0.38 0.5 0.5 0.5 0.5 0.5 0.5 0.08 	0.08 4.90283 	
0.08 0.5 0.14 0.44 0.44 0.02 0.5 0.5 0.5 0.5 0.5 0.44 0.5 0.38 0.5 0.38 0.5 0.5 0.5 0.44 0.5 0.44 0.38 0.5 0.5 0.5 0.5 0.5 0.5 0.11 	0.08 4.91215 	
0.08 0.5 0.14 0.44 0.44 0.02 0.5 0.5 0.5 0.5 0.5 0.44 0.5 0.38 0.5 0.38 0.5 0.5 0.5 0.47 0.5 0.44 0.38 0.5 0.5 0.5 0.5 0.5 0.5 0.08 	0.08 4.91215 	
0.08 0.5 0.14 0.44 0.44 0.02 0.5 0.5 0.5 0.5 0.5 0.44 0.5 0.38 0.5 0.38 0.5 0.5 0.5 0.5 0.5 0.44 0.38 0.5 0.47 0.5 0.5 0.5 0.5 0.08 	0.08 4.91215 	
0.08 0.5 0.14 0.44 0.44 0.02 0.5 0.5 0.5 0.5 0.5 0.44 0.5 0.38 0.5 0.38 0.5 0.5 0.5 0.5 0.5 0.44 0.38 0.5 0.5 0.5 0.5 0.5 0.5 0.08 	0.08 4.92146 	
0.08 0.5 0.14 0.44 0.44 0.02 0.5 0.5 0.5 0.5 0.5 0.44 0.5 0.38 0.5 0.38 0.5 0.5 0.5 0.5 0.5 0.44 0.38 0.5 0.5 0.5 0.5 0.5 0.5 0.11 	0.08 4.93077 	
0.08 0.5 0.17 0.44 0.44 0.02 0.5 0.5 0.5 0.5 0.5 0.44 0.5 0.38 0.5 0.38 0.5 0.5 0.5 0.5 0.5 0.44 0.38 0.5 0.5 0.5 0.5 0.5 0.5 0.08 	0.08 4.93077 	
0.08 0.5 0.2 0.44 0.44 0.02 0.5 0.5 0.47 0.5 0.5 0.44 0.5 0.38 0.5 0.38 0.5 0.5 0.5 0.5 0.5 0.44 0.38 0.5 0.5 0.5 0.5 0.5 0.5 0.08 	0.08 4.93077 	
0.08 0.5 0.2 0.44 0.44 0.02 0.5 0.5 0.5 0.5 0.5 0.44 0.5 0.35 0.5 0.38 0.5 0.5 0.5 0.5 0.5 0.44 0.38 0.5 0.5 0.5 0.5 0.5 0.5 0.08 	0.08 4.93077 	
0.08 0.5 0.2 0.44 0.44 0.02 0.5 0.5 0.5 0.5 0.5 0.44 0.5 0.38 0.5 0.35 0.5 0.5 0.5 0.5 0.5 0.44 0.38 0.5 0.5 0.5 0.5 0.5 0.5 0.08 	0.08 4.93077 	
0.08 0.5 0.2 0.44 0.44 0.02 0.5 0.5 0.5 0.5 0.5 0.44 0.5 0.38 0.5 0.38 0.5 0.5 0.5 0.5 0.5 0.44 0.35 0.5 0.5 0.5 0.5 0.5 0.5 0.08 	0.08 4.93077 	
0.08 0.5 0.2 0.44 0.44 0.02 0.5 0.5 0.5 0.5 0.5 0.44 0.5 0.38 0.5 0.38 0.5 0.5 0.5 0.5 0.5 0.44 0.38 0.5 0.5 0.5 0.5 0.5 0.47 0.08 	0.08 4.93077 	
0.08 0.5 0.2 0.44 0.44 0.02 0.5 0.5 0.5 0.5 0.5 0.44 0.5 0.38 0.5 0.38 0.5 0.5 0.5 0.5 0.5 0.44 0.38 0.5 0.5 0.5 0.5 0.5 0.5 0.08 	0.08 4.94008 	
0.08 0.5 0.23 0.44 0.44 0.02 0.5 0.5 0.5 0.5 0.5 0.44 0.5 0.38 0.5 0.38 0.5 0.5 0.5 0.5 0.5 0.44 0.38 0.5 0.5 0.5 0.5 0.5 0.5 0.08 	0.08 4.9494 	
0.08 0.5 0.26 0.44 0.44 0.02 0.5 0.5 0.47 0.5 0.5 0.44 0.5 0.38 0.5 0.38 0.5 0.5 0.5 0.5 0.5 0.44 0.38 0.5 0.5 0.5 0.5 0.5 0.5 0.08 	0.08 4.9494 	
0.08 0.5 0.26 0.44 0.44 0.02 0.5 0.5 0.5 0.5 0.5 0.44 0.5 0.35 0.5 0.38 0.5 0.5 0.5 0.5 0.5 0.44 0.38 0.5 0.5 0.5 0.5 0.5 0.5 0.08 	0.08 4.9494 	
0.08 0.5 0.26 0.44 0.44 0.02 0.5 0.5 0.5 0.5 0.5 0.44 0.5 0.38 0.5 0.35 0.5 0.5 0.5 0.5 0.5 0.44 0.38 0.5 0.5 0.5 0.5 0.5 0.5 0.08 	0.08 4.9494 	
0.08 0.5 0.26 0.44 0.44 0.02 0.5 0.5 0.5 0.5 0.5 0.44 0.5 0.38 0.5 0.38 0.5 0.5 0.5 0.5 0.5 0.44 0.35 0.5 0.5 0.5 0.5 0.5 0.5 0.08 	0.08 4.9494 	
0.08 0.5 0.26 0.44 0.44 0.02 0.5 0.5 0.5 0.5 0.5 0.44 0.5 0.38 0.5 0.38 0.5 0.5 0.5 0.5 0.5 0.44 0.38 0.5 0.5 0.5 0.5 0.5 0.47 0.08 	0.08 4.9494 	
0.08 0.5 0.26 0.44 0.44 0.02 0.5 0.5 0.5 0.5 0.5 0.44 0.5 0.38 0.5 0.38 0.5 0.5 0.5 0.5 0.5 0.44 0.38 0.5 0.5 0.5 0.5 0.5 0.5 0.08 	0.08 4.95871 	
0.08 0.5 0.29 0.44 0.44 0.02 0.5 0.5 0.5 0.5 0.5 0.44 0.5 0.38 0.5 0.38 0.5 0.5 0.5 0.5 0.5 0.44 0.38 0.5 0.5 0.5 0.5 0.5 0.5 0.08 	0.08 4.96802 	
0.08 0.5 0.32 0.44 0.44 0.02 0.5 0.5 0.47 0.5 0.5 0.44 0.5 0.38 0.5 0.38 0.5 0.5 0.5 0.5 0.5 0.44 0.38 0.5 0.5 0.5 0.5 0.5 0.5 0.08 	0.08 4.96802 	
0.08 0.5 0.32 0.44 0.44 0.02 0.5 0.5 0.5 0.5 0.5 0.44 0.5 0.35 0.5 0.38 0.5 0.5 0.5 0.5 0.5 0.44 0.38 0.5 0.5 0.5 0.5 0.5 0.5 0.08 	0.08 4.96802 	
0.08 0.5 0.32 0.44 0.44 0.02 0.5 0.5 0.5 0.5 0.5 0.44 0.5 0.38 0.5 0.35 0.5 0.5 0.5 0.5 0.5 0.44 0.38 0.5 0.5 0.5 0.5 0.5 0.5 0.08 	0.08 4.96802 	
0.08 0.5 0.32 0.44 0.44 0.02 0.5 0.5 0.5 0.5 0.5 0.44 0.5 0.38 0.5 0.38 0.5 0.5 0.5 0.5 0.5 0.44 0.35 0.5 0.5 0.5 0.5 0.5 0.5 0.08 	0.08 4.96802 	
0.08 0.5 0.32 0.44 0.44 0.02 0.5 0.5 0.5 0.5 0.5 0.44 0.5 0.38 0.5 0.38 0.5 0.5 0.5 0.5 0.5 0.44 0.38 0.5 0.5 0.5 0.5 0.5 0.47 0.08 	0.08 4.96802 	
0.08 0.5 0.32 0.44 0.44 0.02 0.5 0.5 0.5 0.5 0.5 0.44 0.5 0.38 0.5 0.38 0.5 0.5 0.5 0.5 0.5 0.44 0.38 0.5 0.5 0.5 0.5 0.5 0.5 0.08 	0.08 4.97734 	
0.08 0.5 0.35 0.44 0.44 0.02 0.5 0.5 0.5 0.5 0.5 0.44 0.5 0.38 0.5 0.38 0.5 0.5 0.5 0.5 0.5 0.44 0.38 0.5 0.5 0.5 0.5 0.5 0.5 0.08 	0.08 4.98665 	
0.08 0.5 0.38 0.44 0.44 0.02 0.5 0.5 0.47 0.5 0.5 0.44 0.5 0.38 0.5 0.38 0.5 0.5 0.5 0.5 0.5 0.44 0.38 0.5 0.5 0.5 0.5 0.5 0.5 0.08 	0.08 4.98665 	
0.08 0.5 0.38 0.44 0.44 0.02 0.5 0.5 0.5 0.5 0.5 0.44 0.5 0.35 0.5 0.38 0.5 0.5 0.5 0.5 0.5 0.44 0.38 0.5 0.5 0.5 0.5 0.5 0.5 0.08 	0.08 4.98665 	
0.08 0.5 0.38 0.44 0.44 0.02 0.5 0.5 0.5 0.5 0.5 0.44 0.5 0.38 0.5 0.35 0.5 0.5 0.5 0.5 0.5 0.44 0.38 0.5 0.5 0.5 0.5 0.5 0.5 0.08 	0.08 4.98665 	
0.08 0.5 0.38 0.44 0.44 0.02 0.5 0.5 0.5 0.5 0.5 0.44 0.5 0.38 0.5 0.38 0.5 0.5 0.5 0.5 0.5 0.44 0.35 0.5 0.5 0.5 0.5 0.5 0.5 0.08 	0.08 4.98665 	
0.08 0.5 0.38 0.44 0.44 0.02 0.5 0.5 0.5 0.5 0.5 0.44 0.5 0.38 0.5 0.38 0.5 0.5 0.5 0.5 0.5 0.44 0.38 0.5 0.5 0.5 0.5 0.5 0.47 0.08 	0.08 4.98665 	
0.08 0.5 0.38 0.44 0.44 0.02 0.5 0.5 0.5 0.5 0.5 0.44 0.5 0.38 0.5 0.38 0.5 0.5 0.5 0.5 0.5 0.44 0.38 0.5 0.5 0.5 0.5 0.5 0.5 0.08 	0.08 4.99596 	
0.08 0.5 0.41 0.44 0.44 0.02 0.5 0.5 0.5 0.5 0.5 0.44 0.5 0.38 0.5 0.38 0.5 0.5 0.5 0.5 0.5 0.44 0.38 0.5 0.5 0.5 0.5 0.5 0.5 0.08 	0.08 5.00527 	
0.08 0.5 0.41 0.44 0.44 0.02 0.5 0.5 0.5 0.5 0.5 0.44 0.5 0.38 0.5 0.38 0.5 0.5 0.5 0.5 0.5 0.44 0.44 0.5 0.5 0.5 0.5 0.5 0.5 0.08 	0.08 5.0239 	
0.08 0.5 0.41 0.44 0.44 0.02 0.5 0.5 0.5 0.5 0.5 0.44 0.5 0.38 0.5 0.38 0.5 0.5 0.5 0.5 0.5 0.44 0.5 0.5 0.5 0.5 0.5 0.5 0.5 0.08 	0.08 5.04252 	
0.08 0.5 0.41 0.44 0.44 0.02 0.5 0.5 0.5 0.5 0.5 0.44 0.5 0.44 0.5 0.38 0.5 0.5 0.5 0.5 0.5 0.44 0.5 0.5 0.5 0.5 0.5 0.5 0.5 0.08 	0.08 5.06115 	
0.08 0.5 0.41 0.44 0.44 0.02 0.5 0.5 0.5 0.5 0.5 0.44 0.5 0.5 0.5 0.38 0.5 0.5 0.5 0.5 0.5 0.44 0.5 0.5 0.5 0.5 0.5 0.5 0.5 0.08 	0.08 5.07977 	
0.08 0.5 0.44 0.44 0.44 0.02 0.5 0.5 0.47 0.5 0.5 0.44 0.5 0.38 0.5 0.38 0.5 0.5 0.5 0.5 0.5 0.44 0.38 0.5 0.5 0.5 0.5 0.5 0.5 0.08 	0.08 5.00527 	
0.08 0.5 0.44 0.44 0.44 0.02 0.5 0.5 0.47 0.5 0.5 0.44 0.5 0.38 0.5 0.38 0.5 0.5 0.5 0.5 0.5 0.44 0.44 0.5 0.5 0.5 0.5 0.5 0.5 0.08 	0.08 5.0239 	
0.08 0.5 0.44 0.44 0.44 0.02 0.5 0.5 0.47 0.5 0.5 0.44 0.5 0.38 0.5 0.38 0.5 0.5 0.5 0.5 0.5 0.44 0.5 0.5 0.5 0.5 0.5 0.5 0.5 0.08 	0.08 5.04252 	
0.08 0.5 0.44 0.44 0.44 0.02 0.5 0.5 0.47 0.5 0.5 0.44 0.5 0.44 0.5 0.38 0.5 0.5 0.5 0.5 0.5 0.44 0.5 0.5 0.5 0.5 0.5 0.5 0.5 0.08 	0.08 5.06115 	
0.08 0.5 0.44 0.44 0.44 0.02 0.5 0.5 0.47 0.5 0.5 0.44 0.5 0.5 0.5 0.38 0.5 0.5 0.5 0.5 0.5 0.44 0.5 0.5 0.5 0.5 0.5 0.5 0.5 0.08 	0.08 5.07977 	
0.08 0.5 0.44 0.44 0.44 0.02 0.5 0.5 0.5 0.5 0.5 0.44 0.5 0.35 0.5 0.38 0.5 0.5 0.5 0.5 0.5 0.44 0.38 0.5 0.5 0.5 0.5 0.5 0.5 0.08 	0.08 5.00527 	
0.08 0.5 0.44 0.44 0.44 0.02 0.5 0.5 0.5 0.5 0.5 0.44 0.5 0.35 0.5 0.38 0.5 0.5 0.5 0.5 0.5 0.44 0.44 0.5 0.5 0.5 0.5 0.5 0.5 0.08 	0.08 5.0239 	
0.08 0.5 0.44 0.44 0.44 0.02 0.5 0.5 0.5 0.5 0.5 0.44 0.5 0.35 0.5 0.38 0.5 0.5 0.5 0.5 0.5 0.44 0.5 0.5 0.5 0.5 0.5 0.5 0.5 0.08 	0.08 5.04252 	
0.08 0.5 0.44 0.44 0.44 0.02 0.5 0.5 0.5 0.5 0.5 0.44 0.5 0.38 0.5 0.35 0.5 0.5 0.5 0.5 0.5 0.44 0.38 0.5 0.5 0.5 0.5 0.5 0.5 0.08 	0.08 5.00527 	
0.08 0.5 0.44 0.44 0.44 0.02 0.5 0.5 0.5 0.5 0.5 0.44 0.5 0.38 0.5 0.35 0.5 0.5 0.5 0.5 0.5 0.44 0.44 0.5 0.5 0.5 0.5 0.5 0.5 0.08 	0.08 5.0239 	
0.08 0.5 0.44 0.44 0.44 0.02 0.5 0.5 0.5 0.5 0.5 0.44 0.5 0.38 0.5 0.35 0.5 0.5 0.5 0.5 0.5 0.44 0.5 0.5 0.5 0.5 0.5 0.5 0.5 0.08 	0.08 5.04252 	
0.08 0.5 0.44 0.44 0.44 0.02 0.5 0.5 0.5 0.5 0.5 0.44 0.5 0.38 0.5 0.38 0.5 0.5 0.5 0.5 0.5 0.44 0.35 0.5 0.5 0.5 0.5 0.5 0.5 0.08 	0.08 5.00527 	
0.08 0.5 0.44 0.44 0.44 0.02 0.5 0.5 0.5 0.5 0.5 0.44 0.5 0.38 0.5 0.38 0.5 0.5 0.5 0.5 0.5 0.44 0.38 0.5 0.5 0.5 0.5 0.5 0.47 0.08 	0.08 5.00527 	
0.08 0.5 0.44 0.44 0.44 0.02 0.5 0.5 0.5 0.5 0.5 0.44 0.5 0.38 0.5 0.38 0.5 0.5 0.5 0.5 0.5 0.44 0.38 0.5 0.5 0.5 0.5 0.5 0.5 0.08 	0.08 5.01459 	
0.08 0.5 0.44 0.44 0.44 0.02 0.5 0.5 0.5 0.5 0.5 0.44 0.5 0.38 0.5 0.38 0.5 0.5 0.5 0.5 0.5 0.44 0.41 0.5 0.5 0.5 0.5 0.5 0.5 0.08 	0.08 5.0239 	
0.08 0.5 0.44 0.44 0.44 0.02 0.5 0.5 0.5 0.5 0.5 0.44 0.5 0.38 0.5 0.38 0.5 0.5 0.5 0.5 0.5 0.44 0.44 0.5 0.5 0.5 0.5 0.5 0.47 0.08 	0.08 5.0239 	
0.08 0.5 0.44 0.44 0.44 0.02 0.5 0.5 0.5 0.5 0.5 0.44 0.5 0.38 0.5 0.38 0.5 0.5 0.5 0.5 0.5 0.44 0.44 0.5 0.5 0.5 0.5 0.5 0.5 0.08 	0.08 5.03321 	
0.08 0.5 0.44 0.44 0.44 0.02 0.5 0.5 0.5 0.5 0.5 0.44 0.5 0.38 0.5 0.38 0.5 0.5 0.5 0.5 0.5 0.44 0.47 0.5 0.5 0.5 0.5 0.5 0.5 0.08 	0.08 5.04252 	
0.08 0.5 0.44 0.44 0.44 0.02 0.5 0.5 0.5 0.5 0.5 0.44 0.5 0.38 0.5 0.38 0.5 0.5 0.5 0.5 0.5 0.44 0.5 0.5 0.5 0.5 0.5 0.5 0.47 0.08 	0.08 5.04252 	
0.08 0.5 0.44 0.44 0.44 0.02 0.5 0.5 0.5 0.5 0.5 0.44 0.5 0.38 0.5 0.38 0.5 0.5 0.5 0.5 0.5 0.44 0.5 0.5 0.5 0.5 0.5 0.5 0.5 0.08 	0.08 5.05184 	
0.08 0.5 0.44 0.44 0.44 0.02 0.5 0.5 0.5 0.5 0.5 0.44 0.5 0.41 0.5 0.38 0.5 0.5 0.5 0.5 0.5 0.44 0.5 0.5 0.5 0.5 0.5 0.5 0.5 0.08 	0.08 5.06115 	
0.08 0.5 0.44 0.44 0.44 0.02 0.5 0.5 0.5 0.5 0.5 0.44 0.5 0.44 0.5 0.35 0.5 0.5 0.5 0.5 0.5 0.44 0.5 0.5 0.5 0.5 0.5 0.5 0.5 0.08 	0.08 5.06115 	
0.08 0.5 0.44 0.44 0.44 0.02 0.5 0.5 0.5 0.5 0.5 0.44 0.5 0.44 0.5 0.38 0.5 0.5 0.5 0.5 0.5 0.44 0.47 0.5 0.5 0.5 0.5 0.5 0.5 0.08 	0.08 5.06115 	
0.08 0.5 0.44 0.44 0.44 0.02 0.5 0.5 0.5 0.5 0.5 0.44 0.5 0.44 0.5 0.38 0.5 0.5 0.5 0.5 0.5 0.44 0.5 0.5 0.5 0.5 0.5 0.5 0.47 0.08 	0.08 5.06115 	
0.08 0.5 0.44 0.44 0.44 0.02 0.5 0.5 0.5 0.5 0.5 0.44 0.5 0.44 0.5 0.38 0.5 0.5 0.5 0.5 0.5 0.44 0.5 0.5 0.5 0.5 0.5 0.5 0.5 0.08 	0.08 5.07046 	
0.08 0.5 0.44 0.44 0.44 0.02 0.5 0.5 0.5 0.5 0.5 0.44 0.5 0.47 0.5 0.38 0.5 0.5 0.5 0.5 0.5 0.44 0.5 0.5 0.5 0.5 0.5 0.5 0.5 0.08 	0.08 5.07977 	
0.08 0.5 0.44 0.44 0.44 0.02 0.5 0.5 0.5 0.5 0.5 0.44 0.5 0.5 0.5 0.35 0.5 0.5 0.5 0.5 0.5 0.44 0.5 0.5 0.5 0.5 0.5 0.5 0.5 0.08 	0.08 5.07977 	
0.08 0.5 0.44 0.44 0.44 0.02 0.5 0.5 0.5 0.5 0.5 0.44 0.5 0.5 0.5 0.38 0.5 0.5 0.5 0.5 0.5 0.44 0.47 0.5 0.5 0.5 0.5 0.5 0.5 0.08 	0.08 5.07977 	
0.08 0.5 0.44 0.44 0.44 0.02 0.5 0.5 0.5 0.5 0.5 0.44 0.5 0.5 0.5 0.38 0.5 0.5 0.5 0.5 0.5 0.44 0.5 0.5 0.5 0.5 0.5 0.5 0.47 0.08 	0.08 5.07977 	
0.08 0.5 0.44 0.44 0.44 0.02 0.5 0.5 0.5 0.5 0.5 0.44 0.5 0.5 0.5 0.38 0.5 0.5 0.5 0.5 0.5 0.44 0.5 0.5 0.5 0.5 0.5 0.5 0.5 0.08 	0.08 5.08909 	
0.08 0.5 0.44 0.47 0.44 0.02 0.5 0.5 0.5 0.5 0.5 0.44 0.5 0.5 0.5 0.38 0.5 0.5 0.5 0.5 0.5 0.44 0.5 0.5 0.5 0.5 0.5 0.5 0.5 0.08 	0.08 5.0984 	
0.08 0.5 0.44 0.5 0.44 0.02 0.5 0.5 0.5 0.5 0.5 0.44 0.5 0.5 0.5 0.38 0.5 0.47 0.5 0.5 0.5 0.44 0.5 0.5 0.5 0.5 0.5 0.5 0.5 0.08 	0.08 5.0984 	
0.08 0.5 0.44 0.5 0.44 0.02 0.5 0.5 0.5 0.5 0.5 0.44 0.5 0.5 0.5 0.38 0.5 0.5 0.5 0.5 0.5 0.41 0.5 0.5 0.5 0.5 0.5 0.5 0.5 0.08 	0.08 5.0984 	
0.08 0.5 0.44 0.5 0.44 0.02 0.5 0.5 0.5 0.5 0.5 0.44 0.5 0.5 0.5 0.38 0.5 0.5 0.5 0.5 0.5 0.44 0.5 0.5 0.5 0.47 0.5 0.5 0.5 0.08 	0.08 5.0984 	
0.08 0.5 0.44 0.5 0.44 0.02 0.5 0.5 0.5 0.5 0.5 0.44 0.5 0.5 0.5 0.38 0.5 0.5 0.5 0.5 0.5 0.44 0.5 0.5 0.5 0.5 0.47 0.5 0.5 0.08 	0.08 5.0984 	
0.08 0.5 0.44 0.5 0.44 0.02 0.5 0.5 0.5 0.5 0.5 0.44 0.5 0.5 0.5 0.38 0.5 0.5 0.5 0.5 0.5 0.44 0.5 0.5 0.5 0.5 0.5 0.5 0.5 0.08 	0.08 5.10771 	
0.08 0.5 0.44 0.5 0.44 0.02 0.5 0.5 0.5 0.5 0.5 0.44 0.5 0.5 0.5 0.38 0.5 0.5 0.5 0.5 0.5 0.44 0.5 0.5 0.5 0.5 0.5 0.5 0.53 0.08 	0.08 5.11703 	
0.11 0.5 0.14 0.44 0.44 0.02 0.5 0.5 0.5 0.5 0.5 0.44 0.5 0.38 0.5 0.38 0.5 0.5 0.5 0.32 0.5 0.44 0.38 0.5 0.5 0.5 0.5 0.5 0.5 0.08 	0.11 4.86441 	
0.11 0.5 0.14 0.44 0.44 0.02 0.5 0.5 0.5 0.5 0.5 0.44 0.5 0.38 0.5 0.38 0.5 0.5 0.5 0.38 0.5 0.44 0.38 0.5 0.5 0.5 0.5 0.5 0.5 0.08 	0.11 4.88304 	
0.11 0.5 0.14 0.44 0.44 0.02 0.5 0.5 0.5 0.5 0.5 0.44 0.5 0.38 0.5 0.38 0.5 0.5 0.5 0.44 0.5 0.44 0.38 0.5 0.5 0.5 0.5 0.5 0.5 0.08 	0.11 4.90167 	
0.11 0.5 0.14 0.44 0.44 0.02 0.5 0.5 0.5 0.5 0.5 0.44 0.5 0.38 0.5 0.38 0.5 0.5 0.5 0.5 0.5 0.44 0.38 0.5 0.5 0.5 0.5 0.5 0.5 0.08 	0.11 4.9203 	
0.11 0.5 0.44 0.5 0.44 0.02 0.5 0.5 0.5 0.5 0.5 0.44 0.5 0.5 0.5 0.38 0.5 0.5 0.5 0.5 0.5 0.44 0.5 0.5 0.5 0.5 0.5 0.5 0.5 0.08 	0.11 5.1066 	
0.14 0.5 0.44 0.5 0.44 0.02 0.5 0.5 0.5 0.5 0.5 0.44 0.5 0.5 0.5 0.38 0.5 0.5 0.47 0.5 0.5 0.44 0.5 0.5 0.5 0.5 0.5 0.5 0.5 0.08 	0.14 5.09581 	
0.14 0.5 0.44 0.5 0.44 0.02 0.5 0.5 0.5 0.5 0.5 0.44 0.5 0.5 0.5 0.38 0.5 0.5 0.5 0.5 0.5 0.44 0.5 0.5 0.5 0.5 0.5 0.5 0.5 0.08 	0.14 5.10513 	
0.14 0.5 0.44 0.5 0.44 0.02 0.5 0.5 0.5 0.5 0.5 0.44 0.5 0.5 0.5 0.38 0.5 0.5 0.5 0.5 0.5 0.44 0.5 0.53 0.5 0.5 0.5 0.5 0.5 0.08 	0.14 5.11445 	
0.14 0.5 0.44 0.5 0.44 0.02 0.5 0.5 0.5 0.5 0.5 0.44 0.5 0.5 0.5 0.38 0.5 0.5 0.5 0.5 0.5 0.47 0.5 0.5 0.5 0.5 0.5 0.5 0.5 0.08 	0.14 5.11445 	
0.14 0.5 0.44 0.5 0.44 0.02 0.5 0.5 0.5 0.5 0.5 0.44 0.5 0.5 0.5 0.38 0.5 0.5 0.5 0.5 0.53 0.44 0.5 0.5 0.5 0.5 0.5 0.5 0.5 0.08 	0.14 5.11445 	
0.14 0.5 0.44 0.5 0.44 0.05 0.5 0.5 0.5 0.5 0.5 0.44 0.5 0.5 0.5 0.38 0.5 0.5 0.5 0.5 0.5 0.44 0.5 0.5 0.5 0.5 0.5 0.5 0.5 0.08 	0.14 5.11445 	
0.17 0.5 0.44 0.5 0.44 0.02 0.5 0.5 0.5 0.5 0.5 0.44 0.5 0.5 0.5 0.38 0.5 0.5 0.5 0.5 0.5 0.44 0.5 0.5 0.5 0.5 0.5 0.5 0.5 0.08 	0.17 5.10331 	
0.2 0.5 0.44 0.5 0.44 0.02 0.5 0.5 0.5 0.5 0.5 0.44 0.5 0.5 0.5 0.38 0.5 0.5 0.47 0.5 0.5 0.44 0.5 0.5 0.5 0.5 0.5 0.5 0.5 0.08 	0.2 5.09181 	
0.2 0.5 0.44 0.5 0.44 0.02 0.5 0.5 0.5 0.5 0.5 0.44 0.5 0.5 0.5 0.38 0.5 0.5 0.5 0.5 0.5 0.44 0.5 0.5 0.5 0.5 0.5 0.5 0.5 0.08 	0.2 5.10114 	
0.2 0.5 0.44 0.5 0.44 0.02 0.5 0.5 0.5 0.5 0.5 0.44 0.5 0.5 0.5 0.38 0.5 0.5 0.5 0.5 0.5 0.44 0.5 0.53 0.5 0.5 0.5 0.5 0.5 0.08 	0.2 5.11046 	
0.2 0.5 0.44 0.5 0.44 0.02 0.5 0.5 0.5 0.5 0.5 0.44 0.5 0.5 0.5 0.38 0.5 0.5 0.5 0.5 0.5 0.47 0.5 0.5 0.5 0.5 0.5 0.5 0.5 0.08 	0.2 5.11046 	
0.2 0.5 0.44 0.5 0.44 0.02 0.5 0.5 0.5 0.5 0.5 0.44 0.5 0.5 0.5 0.38 0.5 0.5 0.5 0.5 0.53 0.44 0.5 0.5 0.5 0.5 0.5 0.5 0.5 0.08 	0.2 5.11046 	
0.2 0.5 0.44 0.5 0.44 0.05 0.5 0.5 0.5 0.5 0.5 0.44 0.5 0.5 0.5 0.38 0.5 0.5 0.5 0.5 0.5 0.44 0.5 0.5 0.5 0.5 0.5 0.5 0.5 0.08 	0.2 5.11046 	
0.23 0.5 0.44 0.5 0.44 0.02 0.5 0.5 0.5 0.5 0.5 0.44 0.5 0.5 0.5 0.38 0.5 0.5 0.5 0.5 0.5 0.44 0.5 0.5 0.5 0.5 0.5 0.5 0.5 0.08 	0.23 5.09861 	
0.26 0.5 0.44 0.5 0.44 0.02 0.5 0.5 0.5 0.5 0.5 0.44 0.5 0.5 0.5 0.38 0.5 0.5 0.47 0.5 0.5 0.44 0.5 0.5 0.5 0.5 0.5 0.5 0.5 0.08 	0.26 5.0864 	
0.26 0.5 0.44 0.5 0.44 0.02 0.5 0.5 0.5 0.5 0.5 0.44 0.5 0.5 0.5 0.38 0.5 0.5 0.5 0.5 0.5 0.44 0.5 0.5 0.5 0.5 0.5 0.5 0.5 0.08 	0.26 5.09573 	
0.26 0.5 0.44 0.5 0.44 0.02 0.5 0.5 0.5 0.5 0.5 0.44 0.5 0.5 0.5 0.38 0.5 0.5 0.5 0.5 0.5 0.44 0.5 0.53 0.5 0.5 0.5 0.5 0.5 0.08 	0.26 5.10507 	
0.26 0.5 0.44 0.5 0.44 0.02 0.5 0.5 0.5 0.5 0.5 0.44 0.5 0.5 0.5 0.38 0.5 0.5 0.5 0.5 0.5 0.47 0.5 0.5 0.5 0.5 0.5 0.5 0.5 0.08 	0.26 5.10507 	
0.26 0.5 0.44 0.5 0.44 0.02 0.5 0.5 0.5 0.5 0.5 0.44 0.5 0.5 0.5 0.38 0.5 0.5 0.5 0.5 0.53 0.44 0.5 0.5 0.5 0.5 0.5 0.5 0.5 0.08 	0.26 5.10507 	
0.26 0.5 0.44 0.5 0.44 0.05 0.5 0.5 0.5 0.5 0.5 0.44 0.5 0.5 0.5 0.38 0.5 0.5 0.5 0.5 0.5 0.44 0.5 0.5 0.5 0.5 0.5 0.5 0.5 0.08 	0.26 5.10507 	
0.29 0.5 0.44 0.5 0.44 0.02 0.5 0.5 0.5 0.5 0.5 0.44 0.5 0.5 0.5 0.38 0.5 0.5 0.5 0.5 0.5 0.44 0.5 0.5 0.5 0.5 0.5 0.5 0.5 0.08 	0.29 5.0925 	
0.32 0.5 0.44 0.5 0.44 0.02 0.5 0.5 0.5 0.5 0.5 0.44 0.5 0.5 0.5 0.38 0.5 0.5 0.47 0.5 0.5 0.44 0.5 0.5 0.5 0.5 0.5 0.5 0.5 0.08 	0.32 5.07958 	
0.32 0.5 0.44 0.5 0.44 0.02 0.5 0.5 0.5 0.5 0.5 0.44 0.5 0.5 0.5 0.38 0.5 0.5 0.5 0.5 0.5 0.44 0.5 0.5 0.5 0.5 0.5 0.5 0.5 0.08 	0.32 5.08892 	
0.32 0.5 0.44 0.5 0.44 0.02 0.5 0.5 0.5 0.5 0.5 0.44 0.5 0.5 0.5 0.38 0.5 0.5 0.5 0.5 0.5 0.44 0.5 0.53 0.5 0.5 0.5 0.5 0.5 0.08 	0.32 5.09827 	
0.32 0.5 0.44 0.5 0.44 0.02 0.5 0.5 0.5 0.5 0.5 0.44 0.5 0.5 0.5 0.38 0.5 0.5 0.5 0.5 0.5 0.47 0.5 0.5 0.5 0.5 0.5 0.5 0.5 0.08 	0.32 5.09827 	
0.32 0.5 0.44 0.5 0.44 0.02 0.5 0.5 0.5 0.5 0.5 0.44 0.5 0.5 0.5 0.38 0.5 0.5 0.5 0.5 0.53 0.44 0.5 0.5 0.5 0.5 0.5 0.5 0.5 0.08 	0.32 5.09827 	
0.32 0.5 0.44 0.5 0.44 0.05 0.5 0.5 0.5 0.5 0.5 0.44 0.5 0.5 0.5 0.38 0.5 0.5 0.5 0.5 0.5 0.44 0.5 0.5 0.5 0.5 0.5 0.5 0.5 0.08 	0.32 5.09827 	
0.35 0.5 0.44 0.5 0.44 0.02 0.5 0.5 0.5 0.5 0.5 0.44 0.5 0.5 0.5 0.38 0.5 0.5 0.5 0.5 0.5 0.44 0.5 0.5 0.5 0.5 0.5 0.5 0.5 0.08 	0.35 5.08499 	
0.38 0.5 0.44 0.5 0.44 0.02 0.5 0.5 0.5 0.5 0.5 0.44 0.5 0.5 0.5 0.38 0.5 0.5 0.47 0.5 0.5 0.44 0.5 0.5 0.5 0.5 0.5 0.5 0.5 0.08 	0.38 5.07134 	
0.38 0.5 0.44 0.5 0.44 0.02 0.5 0.5 0.5 0.5 0.5 0.44 0.5 0.5 0.5 0.38 0.5 0.5 0.5 0.5 0.5 0.44 0.5 0.5 0.5 0.5 0.5 0.5 0.5 0.08 	0.38 5.0807 	
0.38 0.5 0.44 0.5 0.44 0.02 0.5 0.5 0.5 0.5 0.5 0.44 0.5 0.5 0.5 0.38 0.5 0.5 0.5 0.5 0.5 0.44 0.5 0.53 0.5 0.5 0.5 0.5 0.5 0.08 	0.38 5.09006 	
0.38 0.5 0.44 0.5 0.44 0.02 0.5 0.5 0.5 0.5 0.5 0.44 0.5 0.5 0.5 0.38 0.5 0.5 0.5 0.5 0.5 0.47 0.5 0.5 0.5 0.5 0.5 0.5 0.5 0.08 	0.38 5.09006 	
0.38 0.5 0.44 0.5 0.44 0.02 0.5 0.5 0.5 0.5 0.5 0.44 0.5 0.5 0.5 0.38 0.5 0.5 0.5 0.5 0.53 0.44 0.5 0.5 0.5 0.5 0.5 0.5 0.5 0.08 	0.38 5.09006 	
0.38 0.5 0.44 0.5 0.44 0.05 0.5 0.5 0.5 0.5 0.5 0.44 0.5 0.5 0.5 0.38 0.5 0.5 0.5 0.5 0.5 0.44 0.5 0.5 0.5 0.5 0.5 0.5 0.5 0.08 	0.38 5.09006 	
0.41 0.5 0.44 0.5 0.44 0.02 0.5 0.5 0.5 0.5 0.5 0.44 0.5 0.5 0.5 0.38 0.5 0.5 0.5 0.5 0.5 0.44 0.5 0.5 0.5 0.5 0.5 0.5 0.5 0.08 	0.41 5.07606 	
0.44 0.5 0.44 0.5 0.44 0.02 0.5 0.5 0.5 0.5 0.5 0.44 0.5 0.5 0.5 0.38 0.5 0.5 0.47 0.5 0.5 0.44 0.5 0.5 0.5 0.5 0.5 0.5 0.5 0.08 	0.44 5.06169 	
0.44 0.5 0.44 0.5 0.44 0.02 0.5 0.5 0.5 0.5 0.5 0.44 0.5 0.5 0.5 0.38 0.5 0.5 0.5 0.5 0.5 0.44 0.5 0.5 0.5 0.5 0.5 0.5 0.5 0.08 	0.44 5.07107 	
0.44 0.5 0.44 0.5 0.44 0.02 0.5 0.5 0.5 0.5 0.5 0.44 0.5 0.5 0.5 0.38 0.5 0.5 0.5 0.5 0.5 0.44 0.5 0.53 0.5 0.5 0.5 0.5 0.5 0.08 	0.44 5.08045 	
0.44 0.5 0.44 0.5 0.44 0.02 0.5 0.5 0.5 0.5 0.5 0.44 0.5 0.5 0.5 0.38 0.5 0.5 0.5 0.5 0.5 0.47 0.5 0.5 0.5 0.5 0.5 0.5 0.5 0.08 	0.44 5.08045 	
0.44 0.5 0.44 0.5 0.44 0.02 0.5 0.5 0.5 0.5 0.5 0.44 0.5 0.5 0.5 0.38 0.5 0.5 0.5 0.5 0.53 0.44 0.5 0.5 0.5 0.5 0.5 0.5 0.5 0.08 	0.44 5.08045 	
0.44 0.5 0.44 0.5 0.44 0.05 0.5 0.5 0.5 0.5 0.5 0.44 0.5 0.5 0.5 0.38 0.5 0.5 0.5 0.5 0.5 0.44 0.5 0.5 0.5 0.5 0.5 0.5 0.5 0.08 	0.44 5.08045 	
0.47 0.5 0.44 0.5 0.44 0.02 0.5 0.5 0.5 0.5 0.5 0.44 0.5 0.5 0.5 0.38 0.5 0.5 0.5 0.5 0.5 0.44 0.5 0.5 0.5 0.5 0.5 0.5 0.5 0.08 	0.47 5.06573 	
0.5 0.47 0.44 0.5 0.44 0.02 0.5 0.5 0.5 0.5 0.5 0.44 0.5 0.5 0.5 0.38 0.5 0.5 0.5 0.5 0.5 0.5 0.5 0.5 0.5 0.5 0.5 0.5 0.5 0.14 	0.5 5.08823 	
0.5 0.47 0.44 0.5 0.44 0.02 0.5 0.5 0.5 0.5 0.5 0.44 0.5 0.5 0.5 0.38 0.5 0.5 0.5 0.5 0.5 0.5 0.5 0.5 0.5 0.5 0.5 0.5 0.5 0.2 	0.5 5.10703 	
0.5 0.47 0.44 0.5 0.44 0.02 0.5 0.5 0.5 0.5 0.5 0.44 0.5 0.5 0.5 0.38 0.5 0.5 0.5 0.5 0.5 0.5 0.5 0.5 0.5 0.5 0.5 0.5 0.5 0.26 	0.5 5.12582 	
0.5 0.47 0.44 0.5 0.44 0.02 0.5 0.5 0.5 0.5 0.5 0.44 0.5 0.5 0.5 0.38 0.5 0.5 0.5 0.5 0.5 0.5 0.5 0.5 0.5 0.5 0.5 0.5 0.5 0.32 	0.5 5.14461 	
0.5 0.47 0.44 0.5 0.44 0.02 0.5 0.5 0.5 0.5 0.5 0.44 0.5 0.5 0.5 0.38 0.5 0.5 0.5 0.5 0.5 0.5 0.5 0.5 0.5 0.5 0.5 0.5 0.5 0.38 	0.5 5.16341 	
0.5 0.47 0.44 0.5 0.44 0.02 0.5 0.5 0.5 0.5 0.5 0.44 0.5 0.5 0.5 0.38 0.5 0.5 0.5 0.5 0.5 0.5 0.5 0.5 0.5 0.5 0.5 0.5 0.5 0.44 	0.5 5.1822 	
0.5 0.47 0.44 0.5 0.44 0.02 0.5 0.5 0.5 0.5 0.5 0.44 0.5 0.5 0.5 0.38 0.5 0.5 0.5 0.5 0.5 0.5 0.5 0.5 0.5 0.5 0.5 0.5 0.5 0.5 	0.5 5.20099 	
0.5 0.5 0.44 0.47 0.44 0.02 0.5 0.5 0.5 0.5 0.5 0.44 0.5 0.5 0.5 0.38 0.5 0.5 0.5 0.5 0.5 0.5 0.5 0.5 0.5 0.5 0.5 0.5 0.5 0.08 	0.5 5.06943 	
0.5 0.5 0.44 0.5 0.44 0.02 0.5 0.5 0.5 0.5 0.47 0.44 0.5 0.5 0.5 0.38 0.5 0.5 0.5 0.5 0.5 0.5 0.5 0.5 0.5 0.5 0.5 0.5 0.5 0.08 	0.5 5.06943 	
0.5 0.5 0.44 0.5 0.44 0.02 0.5 0.5 0.5 0.5 0.5 0.44 0.5 0.47 0.5 0.38 0.5 0.5 0.5 0.5 0.5 0.5 0.5 0.5 0.5 0.5 0.5 0.5 0.5 0.14 	0.5 5.08823 	
0.5 0.5 0.44 0.5 0.44 0.02 0.5 0.5 0.5 0.5 0.5 0.44 0.5 0.47 0.5 0.38 0.5 0.5 0.5 0.5 0.5 0.5 0.5 0.5 0.5 0.5 0.5 0.5 0.5 0.2 	0.5 5.10703 	
0.5 0.5 0.44 0.5 0.44 0.02 0.5 0.5 0.5 0.5 0.5 0.44 0.5 0.47 0.5 0.38 0.5 0.5 0.5 0.5 0.5 0.5 0.5 0.5 0.5 0.5 0.5 0.5 0.5 0.26 	0.5 5.12582 	
0.5 0.5 0.44 0.5 0.44 0.02 0.5 0.5 0.5 0.5 0.5 0.44 0.5 0.47 0.5 0.38 0.5 0.5 0.5 0.5 0.5 0.5 0.5 0.5 0.5 0.5 0.5 0.5 0.5 0.32 	0.5 5.14461 	
0.5 0.5 0.44 0.5 0.44 0.02 0.5 0.5 0.5 0.5 0.5 0.44 0.5 0.47 0.5 0.38 0.5 0.5 0.5 0.5 0.5 0.5 0.5 0.5 0.5 0.5 0.5 0.5 0.5 0.38 	0.5 5.16341 	
0.5 0.5 0.44 0.5 0.44 0.02 0.5 0.5 0.5 0.5 0.5 0.44 0.5 0.47 0.5 0.38 0.5 0.5 0.5 0.5 0.5 0.5 0.5 0.5 0.5 0.5 0.5 0.5 0.5 0.44 	0.5 5.1822 	
0.5 0.5 0.44 0.5 0.44 0.02 0.5 0.5 0.5 0.5 0.5 0.44 0.5 0.47 0.5 0.38 0.5 0.5 0.5 0.5 0.5 0.5 0.5 0.5 0.5 0.5 0.5 0.5 0.5 0.5 	0.5 5.20099 	
0.5 0.5 0.44 0.5 0.44 0.02 0.5 0.5 0.5 0.5 0.5 0.44 0.5 0.5 0.5 0.35 0.5 0.5 0.5 0.5 0.5 0.5 0.5 0.5 0.5 0.5 0.5 0.5 0.5 0.14 	0.5 5.08823 	
0.5 0.5 0.44 0.5 0.44 0.02 0.5 0.5 0.5 0.5 0.5 0.44 0.5 0.5 0.5 0.35 0.5 0.5 0.5 0.5 0.5 0.5 0.5 0.5 0.5 0.5 0.5 0.5 0.5 0.2 	0.5 5.10703 	
0.5 0.5 0.44 0.5 0.44 0.02 0.5 0.5 0.5 0.5 0.5 0.44 0.5 0.5 0.5 0.35 0.5 0.5 0.5 0.5 0.5 0.5 0.5 0.5 0.5 0.5 0.5 0.5 0.5 0.26 	0.5 5.12582 	
0.5 0.5 0.44 0.5 0.44 0.02 0.5 0.5 0.5 0.5 0.5 0.44 0.5 0.5 0.5 0.35 0.5 0.5 0.5 0.5 0.5 0.5 0.5 0.5 0.5 0.5 0.5 0.5 0.5 0.32 	0.5 5.14461 	
0.5 0.5 0.44 0.5 0.44 0.02 0.5 0.5 0.5 0.5 0.5 0.44 0.5 0.5 0.5 0.35 0.5 0.5 0.5 0.5 0.5 0.5 0.5 0.5 0.5 0.5 0.5 0.5 0.5 0.38 	0.5 5.16341 	
0.5 0.5 0.44 0.5 0.44 0.02 0.5 0.5 0.5 0.5 0.5 0.44 0.5 0.5 0.5 0.35 0.5 0.5 0.5 0.5 0.5 0.5 0.5 0.5 0.5 0.5 0.5 0.5 0.5 0.44 	0.5 5.1822 	
0.5 0.5 0.44 0.5 0.44 0.02 0.5 0.5 0.5 0.5 0.5 0.44 0.5 0.5 0.5 0.35 0.5 0.5 0.5 0.5 0.5 0.5 0.5 0.5 0.5 0.5 0.5 0.5 0.5 0.5 	0.5 5.20099 	
0.5 0.5 0.44 0.5 0.44 0.02 0.5 0.5 0.5 0.5 0.5 0.44 0.5 0.5 0.5 0.38 0.5 0.5 0.47 0.5 0.5 0.44 0.5 0.5 0.5 0.5 0.5 0.5 0.5 0.08 	0.5 5.05063 	
0.5 0.5 0.44 0.5 0.44 0.02 0.5 0.5 0.5 0.5 0.5 0.44 0.5 0.5 0.5 0.38 0.5 0.5 0.5 0.5 0.47 0.5 0.5 0.5 0.5 0.5 0.5 0.5 0.5 0.08 	0.5 5.06943 	
0.5 0.5 0.44 0.5 0.44 0.02 0.5 0.5 0.5 0.5 0.5 0.44 0.5 0.5 0.5 0.38 0.5 0.5 0.5 0.5 0.5 0.44 0.5 0.5 0.5 0.5 0.5 0.5 0.5 0.08 	0.5 5.06003 	
0.5 0.5 0.44 0.5 0.44 0.02 0.5 0.5 0.5 0.5 0.5 0.44 0.5 0.5 0.5 0.38 0.5 0.5 0.5 0.5 0.5 0.44 0.5 0.53 0.5 0.5 0.5 0.5 0.5 0.08 	0.5 5.06943 	
0.5 0.5 0.44 0.5 0.44 0.02 0.5 0.5 0.5 0.5 0.5 0.44 0.5 0.5 0.5 0.38 0.5 0.5 0.5 0.5 0.5 0.47 0.5 0.5 0.5 0.5 0.5 0.5 0.5 0.08 	0.5 5.06943 	
0.5 0.5 0.44 0.5 0.44 0.02 0.5 0.5 0.5 0.5 0.5 0.44 0.5 0.5 0.5 0.38 0.5 0.5 0.5 0.5 0.5 0.5 0.5 0.5 0.5 0.5 0.5 0.5 0.5 0.08 	0.5 5.07883 	
0.5 0.5 0.44 0.5 0.44 0.02 0.5 0.5 0.5 0.5 0.5 0.44 0.5 0.5 0.5 0.38 0.5 0.5 0.5 0.5 0.5 0.5 0.5 0.5 0.5 0.5 0.5 0.5 0.5 0.11 	0.5 5.08823 	
0.5 0.5 0.44 0.5 0.44 0.02 0.5 0.5 0.5 0.5 0.5 0.44 0.5 0.5 0.5 0.38 0.5 0.5 0.5 0.5 0.5 0.5 0.5 0.5 0.5 0.5 0.5 0.5 0.5 0.14 	0.5 5.09763 	
0.5 0.5 0.44 0.5 0.44 0.02 0.5 0.5 0.5 0.5 0.5 0.44 0.5 0.5 0.5 0.38 0.5 0.5 0.5 0.5 0.5 0.5 0.5 0.5 0.5 0.5 0.5 0.5 0.5 0.17 	0.5 5.10703 	
0.5 0.5 0.44 0.5 0.44 0.02 0.5 0.5 0.5 0.5 0.5 0.44 0.5 0.5 0.5 0.38 0.5 0.5 0.5 0.5 0.5 0.5 0.5 0.5 0.5 0.5 0.5 0.5 0.5 0.2 	0.5 5.11642 	
0.5 0.5 0.44 0.5 0.44 0.02 0.5 0.5 0.5 0.5 0.5 0.44 0.5 0.5 0.5 0.38 0.5 0.5 0.5 0.5 0.5 0.5 0.5 0.5 0.5 0.5 0.5 0.5 0.5 0.23 	0.5 5.12582 	
0.5 0.5 0.44 0.5 0.44 0.02 0.5 0.5 0.5 0.5 0.5 0.44 0.5 0.5 0.5 0.38 0.5 0.5 0.5 0.5 0.5 0.5 0.5 0.5 0.5 0.5 0.5 0.5 0.5 0.26 	0.5 5.13522 	
0.5 0.5 0.44 0.5 0.44 0.02 0.5 0.5 0.5 0.5 0.5 0.44 0.5 0.5 0.5 0.38 0.5 0.5 0.5 0.5 0.5 0.5 0.5 0.5 0.5 0.5 0.5 0.5 0.5 0.29 	0.5 5.14461 	
0.5 0.5 0.44 0.5 0.44 0.02 0.5 0.5 0.5 0.5 0.5 0.44 0.5 0.5 0.5 0.38 0.5 0.5 0.5 0.5 0.5 0.5 0.5 0.5 0.5 0.5 0.5 0.5 0.5 0.32 	0.5 5.15401 	
0.5 0.5 0.44 0.5 0.44 0.02 0.5 0.5 0.5 0.5 0.5 0.44 0.5 0.5 0.5 0.38 0.5 0.5 0.5 0.5 0.5 0.5 0.5 0.5 0.5 0.5 0.5 0.5 0.5 0.35 	0.5 5.16341 	
0.5 0.5 0.44 0.5 0.44 0.02 0.5 0.5 0.5 0.5 0.5 0.44 0.5 0.5 0.5 0.38 0.5 0.5 0.5 0.5 0.5 0.5 0.5 0.5 0.5 0.5 0.5 0.5 0.5 0.38 	0.5 5.1728 	
0.5 0.5 0.44 0.5 0.44 0.02 0.5 0.5 0.5 0.5 0.5 0.44 0.5 0.5 0.5 0.38 0.5 0.5 0.5 0.5 0.5 0.5 0.5 0.5 0.5 0.5 0.5 0.5 0.5 0.41 	0.5 5.1822 	
0.5 0.5 0.44 0.5 0.44 0.02 0.5 0.5 0.5 0.5 0.5 0.44 0.5 0.5 0.5 0.38 0.5 0.5 0.5 0.5 0.5 0.5 0.5 0.5 0.5 0.5 0.5 0.5 0.5 0.44 	0.5 5.19159 	
0.5 0.5 0.44 0.5 0.44 0.02 0.5 0.5 0.5 0.5 0.5 0.44 0.5 0.5 0.5 0.38 0.5 0.5 0.5 0.5 0.5 0.5 0.5 0.5 0.5 0.5 0.5 0.5 0.5 0.47 	0.5 5.20099 	
0.5 0.5 0.44 0.5 0.44 0.02 0.5 0.5 0.5 0.5 0.5 0.44 0.5 0.5 0.5 0.38 0.5 0.5 0.5 0.5 0.5 0.5 0.5 0.5 0.5 0.5 0.5 0.5 0.5 0.5 	0.5 5.21038 	
0.5 0.5 0.44 0.5 0.44 0.02 0.5 0.5 0.5 0.5 0.5 0.44 0.5 0.5 0.5 0.38 0.5 0.5 0.5 0.5 0.5 0.5 0.5 0.53 0.5 0.5 0.5 0.5 0.5 0.5 	0.5 5.21978 	
0.5 0.5 0.44 0.5 0.44 0.02 0.5 0.5 0.5 0.5 0.5 0.44 0.5 0.5 0.5 0.38 0.5 0.5 0.5 0.5 0.5 0.5 0.53 0.5 0.5 0.5 0.5 0.5 0.5 0.14 	0.5 5.10703 	
0.5 0.5 0.44 0.5 0.44 0.02 0.5 0.5 0.5 0.5 0.5 0.44 0.5 0.5 0.5 0.38 0.5 0.5 0.5 0.5 0.5 0.5 0.53 0.5 0.5 0.5 0.5 0.5 0.5 0.2 	0.5 5.12582 	
0.5 0.5 0.44 0.5 0.44 0.02 0.5 0.5 0.5 0.5 0.5 0.44 0.5 0.5 0.5 0.38 0.5 0.5 0.5 0.5 0.5 0.5 0.53 0.5 0.5 0.5 0.5 0.5 0.5 0.26 	0.5 5.14461 	
0.5 0.5 0.44 0.5 0.44 0.02 0.5 0.5 0.5 0.5 0.5 0.44 0.5 0.5 0.5 0.38 0.5 0.5 0.5 0.5 0.5 0.5 0.53 0.5 0.5 0.5 0.5 0.5 0.5 0.32 	0.5 5.16341 	
0.5 0.5 0.44 0.5 0.44 0.02 0.5 0.5 0.5 0.5 0.5 0.44 0.5 0.5 0.5 0.38 0.5 0.5 0.5 0.5 0.5 0.5 0.53 0.5 0.5 0.5 0.5 0.5 0.5 0.38 	0.5 5.1822 	
0.5 0.5 0.44 0.5 0.44 0.02 0.5 0.5 0.5 0.5 0.5 0.44 0.5 0.5 0.5 0.38 0.5 0.5 0.5 0.5 0.5 0.5 0.53 0.5 0.5 0.5 0.5 0.5 0.5 0.44 	0.5 5.20099 	
0.5 0.5 0.44 0.5 0.44 0.02 0.5 0.5 0.5 0.5 0.5 0.44 0.5 0.5 0.5 0.38 0.5 0.5 0.5 0.5 0.53 0.44 0.5 0.5 0.5 0.5 0.5 0.5 0.5 0.08 	0.5 5.06943 	
0.5 0.5 0.44 0.5 0.44 0.02 0.5 0.5 0.5 0.5 0.5 0.44 0.5 0.5 0.5 0.38 0.5 0.5 0.5 0.53 0.5 0.44 0.5 0.5 0.5 0.5 0.5 0.5 0.5 0.08 	0.5 5.06943 	
0.5 0.5 0.44 0.5 0.44 0.02 0.5 0.5 0.5 0.5 0.5 0.44 0.5 0.53 0.5 0.38 0.5 0.5 0.5 0.5 0.5 0.5 0.5 0.5 0.5 0.5 0.5 0.5 0.5 0.08 	0.5 5.08823 	
0.5 0.5 0.44 0.5 0.44 0.02 0.5 0.5 0.5 0.53 0.5 0.44 0.5 0.5 0.5 0.38 0.5 0.5 0.5 0.5 0.5 0.5 0.5 0.5 0.5 0.5 0.5 0.5 0.5 0.5 	0.5 5.21978 	
0.5 0.5 0.44 0.5 0.44 0.02 0.5 0.5 0.53 0.5 0.5 0.44 0.5 0.5 0.5 0.38 0.5 0.5 0.5 0.5 0.5 0.5 0.5 0.5 0.5 0.5 0.5 0.5 0.5 0.08 	0.5 5.08823 	
0.5 0.5 0.44 0.5 0.44 0.02 0.5 0.5 0.53 0.5 0.5 0.44 0.5 0.5 0.5 0.38 0.5 0.5 0.5 0.5 0.5 0.5 0.5 0.5 0.5 0.5 0.5 0.5 0.5 0.14 	0.5 5.10703 	
0.5 0.5 0.44 0.5 0.44 0.02 0.5 0.5 0.53 0.5 0.5 0.44 0.5 0.5 0.5 0.38 0.5 0.5 0.5 0.5 0.5 0.5 0.5 0.5 0.5 0.5 0.5 0.5 0.5 0.2 	0.5 5.12582 	
0.5 0.5 0.44 0.5 0.44 0.02 0.5 0.5 0.53 0.5 0.5 0.44 0.5 0.5 0.5 0.38 0.5 0.5 0.5 0.5 0.5 0.5 0.5 0.5 0.5 0.5 0.5 0.5 0.5 0.26 	0.5 5.14461 	
0.5 0.5 0.44 0.5 0.44 0.02 0.5 0.5 0.53 0.5 0.5 0.44 0.5 0.5 0.5 0.38 0.5 0.5 0.5 0.5 0.5 0.5 0.5 0.5 0.5 0.5 0.5 0.5 0.5 0.32 	0.5 5.16341 	
0.5 0.5 0.44 0.5 0.44 0.02 0.5 0.5 0.53 0.5 0.5 0.44 0.5 0.5 0.5 0.38 0.5 0.5 0.5 0.5 0.5 0.5 0.5 0.5 0.5 0.5 0.5 0.5 0.5 0.38 	0.5 5.1822 	
0.5 0.5 0.44 0.5 0.44 0.02 0.5 0.5 0.53 0.5 0.5 0.44 0.5 0.5 0.5 0.38 0.5 0.5 0.5 0.5 0.5 0.5 0.5 0.5 0.5 0.5 0.5 0.5 0.5 0.44 	0.5 5.20099 	
0.5 0.5 0.44 0.5 0.44 0.05 0.5 0.5 0.5 0.5 0.5 0.44 0.5 0.5 0.5 0.38 0.5 0.5 0.5 0.5 0.5 0.5 0.5 0.5 0.5 0.5 0.5 0.5 0.5 0.5 	0.5 5.21978 	
0.5 0.5 0.44 0.5 0.44 0.08 0.5 0.5 0.5 0.5 0.5 0.41 0.5 0.5 0.5 0.38 0.5 0.5 0.5 0.5 0.5 0.5 0.5 0.5 0.5 0.5 0.5 0.5 0.5 0.5 	0.5 5.21978 	
0.5 0.5 0.44 0.5 0.44 0.08 0.5 0.5 0.5 0.5 0.5 0.44 0.5 0.5 0.5 0.38 0.5 0.5 0.5 0.5 0.5 0.5 0.47 0.5 0.5 0.5 0.5 0.5 0.5 0.5 	0.5 5.21978 	
0.5 0.5 0.44 0.5 0.44 0.08 0.5 0.5 0.5 0.5 0.5 0.44 0.5 0.5 0.5 0.38 0.5 0.5 0.5 0.5 0.5 0.5 0.5 0.5 0.5 0.5 0.5 0.5 0.5 0.5 	0.5 5.22917 	
0.5 0.5 0.44 0.5 0.44 0.08 0.5 0.5 0.5 0.5 0.5 0.44 0.5 0.5 0.5 0.38 0.5 0.5 0.5 0.5 0.5 0.5 0.5 0.5 0.53 0.5 0.5 0.5 0.5 0.5 	0.5 5.23857 	
0.5 0.5 0.44 0.5 0.44 0.08 0.5 0.5 0.5 0.5 0.5 0.44 0.5 0.5 0.5 0.38 0.5 0.5 0.5 0.5 0.5 0.5 0.53 0.5 0.5 0.5 0.5 0.5 0.5 0.5 	0.5 5.23857 	
0.5 0.5 0.44 0.5 0.44 0.08 0.5 0.5 0.5 0.5 0.5 0.47 0.5 0.5 0.5 0.38 0.5 0.5 0.5 0.5 0.5 0.5 0.5 0.5 0.5 0.5 0.5 0.5 0.5 0.5 	0.5 5.23857 	
0.5 0.5 0.44 0.5 0.47 0.02 0.5 0.5 0.5 0.5 0.5 0.44 0.5 0.5 0.5 0.38 0.5 0.5 0.5 0.5 0.5 0.44 0.5 0.5 0.5 0.5 0.5 0.5 0.5 0.08 	0.5 5.06943 	
0.5 0.5 0.47 0.5 0.44 0.08 0.5 0.5 0.5 0.5 0.5 0.44 0.5 0.5 0.5 0.38 0.5 0.5 0.5 0.5 0.5 0.5 0.5 0.5 0.5 0.5 0.5 0.5 0.5 0.5 	0.5 5.23857 	
0.5 0.5 0.5 0.5 0.44 0.08 0.47 0.5 0.5 0.5 0.5 0.44 0.5 0.5 0.5 0.38 0.5 0.5 0.5 0.5 0.5 0.5 0.5 0.5 0.5 0.5 0.5 0.5 0.5 0.5 	0.5 5.23857 	
0.5 0.5 0.5 0.5 0.44 0.08 0.5 0.5 0.5 0.5 0.5 0.44 0.47 0.5 0.5 0.38 0.5 0.5 0.5 0.5 0.5 0.5 0.5 0.5 0.5 0.5 0.5 0.5 0.5 0.5 	0.5 5.23857 	
0.5 0.5 0.5 0.5 0.44 0.08 0.5 0.5 0.5 0.5 0.5 0.44 0.5 0.5 0.5 0.38 0.5 0.5 0.5 0.5 0.47 0.5 0.5 0.5 0.5 0.5 0.5 0.5 0.5 0.5 	0.5 5.23857 	
0.5 0.5 0.5 0.5 0.44 0.08 0.5 0.5 0.5 0.5 0.5 0.44 0.5 0.5 0.5 0.38 0.5 0.5 0.5 0.5 0.5 0.5 0.5 0.5 0.5 0.5 0.5 0.5 0.5 0.5 	0.5 5.24796 	
0.5 0.5 0.5 0.5 0.44 0.08 0.5 0.5 0.5 0.5 0.5 0.44 0.5 0.5 0.5 0.38 0.5 0.5 0.53 0.5 0.5 0.5 0.5 0.5 0.5 0.5 0.5 0.5 0.5 0.5 	0.5 5.25735 	
0.5 0.5 0.5 0.5 0.44 0.08 0.5 0.5 0.5 0.5 0.5 0.44 0.53 0.5 0.5 0.38 0.5 0.5 0.5 0.5 0.5 0.5 0.5 0.5 0.5 0.5 0.5 0.5 0.5 0.5 	0.5 5.25735 	
0.5 0.5 0.5 0.5 0.44 0.11 0.5 0.5 0.5 0.5 0.5 0.44 0.5 0.5 0.5 0.38 0.5 0.5 0.5 0.5 0.5 0.5 0.5 0.5 0.5 0.5 0.5 0.5 0.5 0.5 	0.5 5.25735 	
0.5 0.5 0.5 0.5 0.44 0.14 0.5 0.5 0.5 0.5 0.5 0.41 0.5 0.5 0.5 0.38 0.5 0.5 0.5 0.5 0.5 0.5 0.5 0.5 0.5 0.5 0.5 0.5 0.5 0.5 	0.5 5.25735 	
0.5 0.5 0.5 0.5 0.44 0.14 0.5 0.5 0.5 0.5 0.5 0.44 0.5 0.5 0.5 0.38 0.5 0.5 0.5 0.5 0.5 0.5 0.47 0.5 0.5 0.5 0.5 0.5 0.5 0.5 	0.5 5.25735 	
0.5 0.5 0.5 0.5 0.44 0.14 0.5 0.5 0.5 0.5 0.5 0.44 0.5 0.5 0.5 0.38 0.5 0.5 0.5 0.5 0.5 0.5 0.5 0.5 0.5 0.5 0.5 0.5 0.5 0.5 	0.5 5.26675 	
0.5 0.5 0.5 0.5 0.44 0.14 0.5 0.5 0.5 0.5 0.5 0.44 0.5 0.5 0.5 0.38 0.5 0.5 0.5 0.5 0.5 0.5 0.5 0.5 0.53 0.5 0.5 0.5 0.5 0.5 	0.5 5.27614 	
0.5 0.5 0.5 0.5 0.44 0.14 0.5 0.5 0.5 0.5 0.5 0.44 0.5 0.5 0.5 0.38 0.5 0.5 0.5 0.5 0.5 0.5 0.53 0.5 0.5 0.5 0.5 0.5 0.5 0.5 	0.5 5.27614 	
0.5 0.5 0.5 0.5 0.44 0.14 0.5 0.5 0.5 0.5 0.5 0.47 0.5 0.5 0.5 0.38 0.5 0.5 0.5 0.5 0.5 0.5 0.5 0.5 0.5 0.5 0.5 0.5 0.5 0.5 	0.5 5.27614 	
0.5 0.5 0.5 0.5 0.44 0.17 0.5 0.5 0.5 0.5 0.5 0.44 0.5 0.5 0.5 0.38 0.5 0.5 0.5 0.5 0.5 0.5 0.5 0.5 0.5 0.5 0.5 0.5 0.5 0.5 	0.5 5.27614 	
0.5 0.5 0.5 0.5 0.44 0.2 0.5 0.5 0.5 0.5 0.5 0.41 0.5 0.5 0.5 0.38 0.5 0.5 0.5 0.5 0.5 0.5 0.5 0.5 0.5 0.5 0.5 0.5 0.5 0.5 	0.5 5.27614 	
0.5 0.5 0.5 0.5 0.44 0.2 0.5 0.5 0.5 0.5 0.5 0.44 0.5 0.5 0.5 0.38 0.5 0.5 0.5 0.5 0.5 0.5 0.47 0.5 0.5 0.5 0.5 0.5 0.5 0.5 	0.5 5.27614 	
0.5 0.5 0.5 0.5 0.44 0.2 0.5 0.5 0.5 0.5 0.5 0.44 0.5 0.5 0.5 0.38 0.5 0.5 0.5 0.5 0.5 0.5 0.5 0.5 0.5 0.5 0.5 0.5 0.5 0.5 	0.5 5.28553 	
0.5 0.5 0.5 0.5 0.44 0.2 0.5 0.5 0.5 0.5 0.5 0.44 0.5 0.5 0.5 0.38 0.5 0.5 0.5 0.5 0.5 0.5 0.5 0.5 0.53 0.5 0.5 0.5 0.5 0.5 	0.5 5.29492 	
0.5 0.5 0.5 0.5 0.44 0.2 0.5 0.5 0.5 0.5 0.5 0.44 0.5 0.5 0.5 0.38 0.5 0.5 0.5 0.5 0.5 0.5 0.53 0.5 0.5 0.5 0.5 0.5 0.5 0.5 	0.5 5.29492 	
0.5 0.5 0.5 0.5 0.44 0.2 0.5 0.5 0.5 0.5 0.5 0.47 0.5 0.5 0.5 0.38 0.5 0.5 0.5 0.5 0.5 0.5 0.5 0.5 0.5 0.5 0.5 0.5 0.5 0.5 	0.5 5.29492 	
0.5 0.5 0.5 0.5 0.44 0.23 0.5 0.5 0.5 0.5 0.5 0.44 0.5 0.5 0.5 0.38 0.5 0.5 0.5 0.5 0.5 0.5 0.5 0.5 0.5 0.5 0.5 0.5 0.5 0.5 	0.5 5.29492 	
0.5 0.5 0.5 0.5 0.44 0.26 0.5 0.5 0.5 0.5 0.5 0.41 0.5 0.5 0.5 0.38 0.5 0.5 0.5 0.5 0.5 0.5 0.5 0.5 0.5 0.5 0.5 0.5 0.5 0.5 	0.5 5.29492 	
0.5 0.5 0.5 0.5 0.44 0.26 0.5 0.5 0.5 0.5 0.5 0.44 0.5 0.5 0.5 0.38 0.5 0.5 0.5 0.5 0.5 0.5 0.47 0.5 0.5 0.5 0.5 0.5 0.5 0.5 	0.5 5.29492 	
0.5 0.5 0.5 0.5 0.44 0.26 0.5 0.5 0.5 0.5 0.5 0.44 0.5 0.5 0.5 0.38 0.5 0.5 0.5 0.5 0.5 0.5 0.5 0.5 0.5 0.5 0.5 0.5 0.5 0.5 	0.5 5.30431 	
0.5 0.5 0.5 0.5 0.44 0.26 0.5 0.5 0.5 0.5 0.5 0.44 0.5 0.5 0.5 0.38 0.5 0.5 0.5 0.5 0.5 0.5 0.5 0.5 0.53 0.5 0.5 0.5 0.5 0.5 	0.5 5.31371 	
0.5 0.5 0.5 0.5 0.44 0.26 0.5 0.5 0.5 0.5 0.5 0.44 0.5 0.5 0.5 0.38 0.5 0.5 0.5 0.5 0.5 0.5 0.53 0.5 0.5 0.5 0.5 0.5 0.5 0.5 	0.5 5.31371 	
0.5 0.5 0.5 0.5 0.44 0.26 0.5 0.5 0.5 0.5 0.5 0.47 0.5 0.5 0.5 0.38 0.5 0.5 0.5 0.5 0.5 0.5 0.5 0.5 0.5 0.5 0.5 0.5 0.5 0.5 	0.5 5.31371 	
0.5 0.5 0.5 0.5 0.44 0.29 0.5 0.5 0.5 0.5 0.5 0.44 0.5 0.5 0.5 0.38 0.5 0.5 0.5 0.5 0.5 0.5 0.5 0.5 0.5 0.5 0.5 0.5 0.5 0.5 	0.5 5.31371 	
0.5 0.5 0.5 0.5 0.44 0.32 0.5 0.5 0.5 0.5 0.5 0.41 0.5 0.5 0.5 0.38 0.5 0.5 0.5 0.5 0.5 0.5 0.5 0.5 0.5 0.5 0.5 0.5 0.5 0.5 	0.5 5.31371 	
0.5 0.5 0.5 0.5 0.44 0.32 0.5 0.5 0.5 0.5 0.5 0.44 0.5 0.5 0.5 0.38 0.5 0.5 0.5 0.5 0.5 0.5 0.47 0.5 0.5 0.5 0.5 0.5 0.5 0.5 	0.5 5.31371 	
0.5 0.5 0.5 0.5 0.44 0.32 0.5 0.5 0.5 0.5 0.5 0.44 0.5 0.5 0.5 0.38 0.5 0.5 0.5 0.5 0.5 0.5 0.5 0.5 0.5 0.5 0.5 0.5 0.5 0.5 	0.5 5.3231 	
0.5 0.5 0.5 0.5 0.44 0.32 0.5 0.5 0.5 0.5 0.5 0.44 0.5 0.5 0.5 0.38 0.5 0.5 0.5 0.5 0.5 0.5 0.5 0.5 0.53 0.5 0.5 0.5 0.5 0.5 	0.5 5.33249 	
0.5 0.5 0.5 0.5 0.44 0.32 0.5 0.5 0.5 0.5 0.5 0.44 0.5 0.5 0.5 0.38 0.5 0.5 0.5 0.5 0.5 0.5 0.53 0.5 0.5 0.5 0.5 0.5 0.5 0.5 	0.5 5.33249 	
0.5 0.5 0.5 0.5 0.44 0.32 0.5 0.5 0.5 0.5 0.5 0.47 0.5 0.5 0.5 0.38 0.5 0.5 0.5 0.5 0.5 0.5 0.5 0.5 0.5 0.5 0.5 0.5 0.5 0.5 	0.5 5.33249 	
0.5 0.5 0.5 0.5 0.44 0.35 0.5 0.5 0.5 0.5 0.5 0.44 0.5 0.5 0.5 0.38 0.5 0.5 0.5 0.5 0.5 0.5 0.5 0.5 0.5 0.5 0.5 0.5 0.5 0.5 	0.5 5.33249 	
0.5 0.5 0.5 0.5 0.44 0.38 0.5 0.5 0.5 0.5 0.5 0.41 0.5 0.5 0.5 0.38 0.5 0.5 0.5 0.5 0.5 0.5 0.5 0.5 0.5 0.5 0.5 0.5 0.5 0.5 	0.5 5.33249 	
0.5 0.5 0.5 0.5 0.44 0.38 0.5 0.5 0.5 0.5 0.5 0.44 0.5 0.5 0.5 0.38 0.5 0.5 0.5 0.5 0.5 0.5 0.47 0.5 0.5 0.5 0.5 0.5 0.5 0.5 	0.5 5.33249 	
0.5 0.5 0.5 0.5 0.44 0.38 0.5 0.5 0.5 0.5 0.5 0.44 0.5 0.5 0.5 0.38 0.5 0.5 0.5 0.5 0.5 0.5 0.5 0.5 0.5 0.5 0.5 0.5 0.5 0.5 	0.5 5.34188 	
0.5 0.5 0.5 0.5 0.44 0.38 0.5 0.5 0.5 0.5 0.5 0.44 0.5 0.5 0.5 0.38 0.5 0.5 0.5 0.5 0.5 0.5 0.5 0.5 0.53 0.5 0.5 0.5 0.5 0.5 	0.5 5.35127 	
0.5 0.5 0.5 0.5 0.44 0.38 0.5 0.5 0.5 0.5 0.5 0.44 0.5 0.5 0.5 0.38 0.5 0.5 0.5 0.5 0.5 0.5 0.53 0.5 0.5 0.5 0.5 0.5 0.5 0.5 	0.5 5.35127 	
0.5 0.5 0.5 0.5 0.44 0.38 0.5 0.5 0.5 0.5 0.5 0.47 0.5 0.5 0.5 0.38 0.5 0.5 0.5 0.5 0.5 0.5 0.5 0.5 0.5 0.5 0.5 0.5 0.5 0.5 	0.5 5.35127 	
0.5 0.5 0.5 0.5 0.44 0.41 0.5 0.5 0.5 0.5 0.5 0.44 0.5 0.5 0.5 0.38 0.5 0.5 0.5 0.5 0.5 0.5 0.5 0.5 0.5 0.5 0.5 0.5 0.5 0.5 	0.5 5.35127 	
0.5 0.5 0.5 0.5 0.44 0.44 0.5 0.5 0.5 0.5 0.5 0.41 0.5 0.5 0.5 0.38 0.5 0.5 0.5 0.5 0.5 0.5 0.5 0.5 0.5 0.5 0.5 0.5 0.5 0.5 	0.5 5.35127 	
0.5 0.5 0.5 0.5 0.44 0.44 0.5 0.5 0.5 0.5 0.5 0.44 0.5 0.5 0.5 0.38 0.5 0.5 0.5 0.5 0.5 0.5 0.47 0.5 0.5 0.5 0.5 0.5 0.5 0.5 	0.5 5.35127 	
0.5 0.5 0.5 0.5 0.44 0.44 0.5 0.5 0.5 0.5 0.5 0.44 0.5 0.5 0.5 0.38 0.5 0.5 0.5 0.5 0.5 0.5 0.5 0.5 0.5 0.5 0.5 0.5 0.5 0.5 	0.5 5.36066 	
0.5 0.5 0.5 0.5 0.44 0.44 0.5 0.5 0.5 0.5 0.5 0.44 0.5 0.5 0.5 0.38 0.5 0.5 0.5 0.5 0.5 0.5 0.5 0.5 0.53 0.5 0.5 0.5 0.5 0.5 	0.5 5.37005 	
0.5 0.5 0.5 0.5 0.44 0.44 0.5 0.5 0.5 0.5 0.5 0.44 0.5 0.5 0.5 0.38 0.5 0.5 0.5 0.5 0.5 0.5 0.53 0.5 0.5 0.5 0.5 0.5 0.5 0.5 	0.5 5.37005 	
0.5 0.5 0.5 0.5 0.44 0.44 0.5 0.5 0.5 0.5 0.5 0.47 0.5 0.5 0.5 0.38 0.5 0.5 0.5 0.5 0.5 0.5 0.5 0.5 0.5 0.5 0.5 0.5 0.5 0.5 	0.5 5.37005 	
0.5 0.5 0.5 0.5 0.44 0.47 0.5 0.5 0.5 0.5 0.5 0.44 0.5 0.5 0.5 0.38 0.5 0.5 0.5 0.5 0.5 0.5 0.5 0.5 0.5 0.5 0.5 0.5 0.5 0.5 	0.5 5.37005 	
0.5 0.5 0.5 0.5 0.44 0.47 0.5 0.5 0.5 0.5 0.5 0.5 0.5 0.5 0.5 0.38 0.5 0.5 0.5 0.5 0.5 0.5 0.5 0.5 0.5 0.5 0.5 0.5 0.5 0.5 	0.5 5.38883 	
0.5 0.5 0.5 0.5 0.44 0.5 0.5 0.5 0.5 0.5 0.5 0.41 0.5 0.5 0.5 0.38 0.5 0.5 0.5 0.5 0.5 0.5 0.5 0.5 0.5 0.5 0.5 0.5 0.5 0.5 	0.5 5.37005 	
0.5 0.5 0.5 0.5 0.44 0.5 0.5 0.5 0.5 0.5 0.5 0.44 0.5 0.5 0.5 0.38 0.5 0.5 0.5 0.5 0.5 0.5 0.47 0.5 0.5 0.5 0.5 0.5 0.5 0.5 	0.5 5.37005 	
0.5 0.5 0.5 0.5 0.44 0.5 0.5 0.5 0.5 0.5 0.5 0.44 0.5 0.5 0.5 0.38 0.5 0.5 0.5 0.5 0.5 0.5 0.5 0.5 0.5 0.5 0.5 0.5 0.5 0.5 	0.5 5.37944 	
0.5 0.5 0.5 0.5 0.44 0.5 0.5 0.5 0.5 0.5 0.5 0.44 0.5 0.5 0.5 0.38 0.5 0.5 0.5 0.5 0.5 0.5 0.5 0.5 0.53 0.5 0.5 0.5 0.5 0.5 	0.5 5.38883 	
0.5 0.5 0.5 0.5 0.44 0.5 0.5 0.5 0.5 0.5 0.5 0.44 0.5 0.5 0.5 0.38 0.5 0.5 0.5 0.5 0.5 0.5 0.53 0.5 0.5 0.5 0.5 0.5 0.5 0.5 	0.5 5.38883 	
0.5 0.5 0.5 0.5 0.44 0.5 0.5 0.5 0.5 0.5 0.5 0.47 0.5 0.5 0.5 0.38 0.5 0.5 0.5 0.5 0.5 0.5 0.5 0.5 0.5 0.5 0.5 0.5 0.5 0.5 	0.5 5.38883 	
0.5 0.5 0.5 0.5 0.44 0.5 0.5 0.5 0.5 0.5 0.5 0.5 0.5 0.5 0.5 0.38 0.5 0.5 0.5 0.5 0.5 0.5 0.47 0.5 0.5 0.5 0.5 0.5 0.5 0.5 	0.5 5.38883 	
0.5 0.5 0.5 0.5 0.44 0.5 0.5 0.5 0.5 0.5 0.5 0.5 0.5 0.5 0.5 0.38 0.5 0.5 0.5 0.5 0.5 0.5 0.5 0.5 0.5 0.5 0.5 0.5 0.5 0.5 	0.5 5.39822 	
0.5 0.5 0.5 0.5 0.44 0.5 0.5 0.5 0.5 0.5 0.5 0.5 0.5 0.5 0.5 0.38 0.5 0.5 0.5 0.5 0.5 0.5 0.5 0.5 0.53 0.5 0.5 0.5 0.5 0.5 	0.5 5.40761 	
0.5 0.5 0.5 0.5 0.44 0.5 0.5 0.5 0.5 0.5 0.5 0.5 0.5 0.5 0.5 0.38 0.5 0.5 0.5 0.5 0.5 0.5 0.53 0.5 0.5 0.5 0.5 0.5 0.5 0.5 	0.5 5.40761 	
0.5 0.5 0.5 0.5 0.44 0.5 0.5 0.5 0.5 0.5 0.5 0.5 0.5 0.5 0.5 0.41 0.5 0.5 0.5 0.5 0.5 0.5 0.5 0.5 0.5 0.5 0.5 0.5 0.5 0.5 	0.5 5.40761 	
0.5 0.5 0.5 0.5 0.44 0.5 0.5 0.5 0.5 0.5 0.5 0.5 0.5 0.5 0.5 0.44 0.5 0.5 0.5 0.5 0.47 0.5 0.5 0.5 0.5 0.5 0.5 0.5 0.5 0.5 	0.5 5.40761 	
0.5 0.5 0.5 0.5 0.44 0.5 0.5 0.5 0.5 0.5 0.5 0.5 0.5 0.5 0.5 0.44 0.5 0.5 0.5 0.5 0.5 0.47 0.5 0.5 0.5 0.5 0.5 0.5 0.5 0.5 	0.5 5.40761 	
0.5 0.5 0.5 0.5 0.44 0.5 0.5 0.5 0.5 0.5 0.5 0.5 0.5 0.5 0.5 0.44 0.5 0.5 0.5 0.5 0.5 0.5 0.5 0.5 0.5 0.5 0.5 0.5 0.5 0.5 	0.5 5.41699 	
0.5 0.5 0.5 0.5 0.44 0.5 0.5 0.5 0.5 0.5 0.5 0.5 0.5 0.5 0.5 0.44 0.5 0.53 0.5 0.5 0.5 0.5 0.5 0.5 0.5 0.5 0.5 0.5 0.5 0.5 	0.5 5.42638 	
0.5 0.5 0.5 0.5 0.44 0.5 0.5 0.5 0.5 0.5 0.5 0.5 0.5 0.5 0.5 0.44 0.53 0.5 0.5 0.5 0.5 0.5 0.5 0.5 0.5 0.5 0.5 0.5 0.5 0.5 	0.5 5.42638 	
0.5 0.5 0.5 0.5 0.44 0.5 0.5 0.5 0.5 0.5 0.5 0.5 0.5 0.5 0.5 0.47 0.5 0.5 0.5 0.5 0.5 0.5 0.5 0.5 0.5 0.5 0.5 0.5 0.5 0.5 	0.5 5.42638 	
0.5 0.5 0.5 0.5 0.44 0.5 0.5 0.5 0.5 0.5 0.5 0.5 0.5 0.5 0.5 0.5 0.5 0.5 0.5 0.5 0.47 0.5 0.5 0.5 0.5 0.5 0.5 0.5 0.5 0.5 	0.5 5.42638 	
0.5 0.5 0.5 0.5 0.44 0.5 0.5 0.5 0.5 0.5 0.5 0.5 0.5 0.5 0.5 0.5 0.5 0.5 0.5 0.5 0.5 0.47 0.5 0.5 0.5 0.5 0.5 0.5 0.5 0.5 	0.5 5.42638 	
0.5 0.5 0.5 0.5 0.44 0.5 0.5 0.5 0.5 0.5 0.5 0.5 0.5 0.5 0.5 0.5 0.5 0.5 0.5 0.5 0.5 0.5 0.5 0.5 0.5 0.5 0.5 0.5 0.5 0.5 	0.5 5.43577 	
0.5 0.5 0.5 0.5 0.44 0.5 0.5 0.5 0.5 0.5 0.5 0.5 0.5 0.5 0.5 0.5 0.5 0.53 0.5 0.5 0.5 0.5 0.5 0.5 0.5 0.5 0.5 0.5 0.5 0.5 	0.5 5.44516 	
0.5 0.5 0.5 0.5 0.44 0.5 0.5 0.5 0.5 0.5 0.5 0.5 0.5 0.5 0.5 0.5 0.53 0.5 0.5 0.5 0.5 0.5 0.5 0.5 0.5 0.5 0.5 0.5 0.5 0.5 	0.5 5.44516 	
0.5 0.5 0.5 0.5 0.44 0.5 0.5 0.5 0.5 0.5 0.53 0.44 0.5 0.5 0.5 0.38 0.5 0.5 0.5 0.5 0.5 0.5 0.5 0.5 0.5 0.5 0.5 0.5 0.5 0.5 	0.5 5.38883 	
0.5 0.5 0.5 0.5 0.44 0.5 0.5 0.5 0.5 0.5 0.53 0.5 0.5 0.5 0.5 0.38 0.5 0.5 0.5 0.5 0.5 0.5 0.5 0.5 0.5 0.5 0.5 0.5 0.5 0.5 	0.5 5.40761 	
0.5 0.5 0.5 0.5 0.44 0.5 0.53 0.5 0.5 0.5 0.5 0.5 0.5 0.5 0.5 0.5 0.5 0.5 0.5 0.5 0.5 0.5 0.5 0.5 0.5 0.5 0.5 0.5 0.5 0.5 	0.5 5.44516 	
0.5 0.5 0.5 0.5 0.44 0.53 0.5 0.5 0.5 0.5 0.5 0.5 0.5 0.5 0.5 0.44 0.5 0.5 0.5 0.5 0.5 0.5 0.5 0.5 0.5 0.5 0.5 0.5 0.5 0.5 	0.5 5.42638 	
0.5 0.5 0.5 0.5 0.47 0.5 0.5 0.5 0.5 0.5 0.5 0.5 0.5 0.5 0.5 0.5 0.5 0.5 0.5 0.5 0.5 0.5 0.5 0.5 0.5 0.5 0.5 0.5 0.5 0.5 	0.5 5.44516 	
0.5 0.5 0.5 0.5 0.5 0.5 0.5 0.5 0.5 0.5 0.5 0.5 0.5 0.5 0.5 0.5 0.5 0.5 0.5 0.5 0.47 0.5 0.5 0.5 0.5 0.5 0.5 0.5 0.5 0.5 	0.5 5.44516 	
0.5 0.5 0.5 0.5 0.5 0.5 0.5 0.5 0.5 0.5 0.5 0.5 0.5 0.5 0.5 0.5 0.5 0.5 0.5 0.5 0.5 0.5 0.5 0.5 0.5 0.5 0.5 0.5 0.5 0.5 	0.5 5.45455 	
0.5 0.5 0.5 0.5 0.5 0.5 0.5 0.5 0.5 0.5 0.5 0.5 0.5 0.5 0.5 0.5 0.53 0.5 0.5 0.5 0.5 0.5 0.5 0.5 0.5 0.5 0.5 0.5 0.5 0.5 	0.5 5.46393 	
0.5 0.5 0.5 0.5 0.5 0.5 0.5 0.5 0.5 0.5 0.5 0.5 0.5 0.5 0.5 0.53 0.5 0.5 0.5 0.5 0.5 0.5 0.5 0.5 0.5 0.5 0.5 0.5 0.5 0.5 	0.5 5.46393 	
0.5 0.5 0.5 0.5 0.5 0.5 0.5 0.5 0.53 0.5 0.5 0.5 0.5 0.5 0.5 0.5 0.5 0.5 0.5 0.5 0.5 0.5 0.5 0.5 0.5 0.5 0.5 0.5 0.5 0.5 	0.5 5.46393 	
0.5 0.5 0.5 0.5 0.5 0.5 0.5 0.53 0.5 0.5 0.5 0.5 0.5 0.5 0.5 0.5 0.5 0.5 0.5 0.5 0.5 0.5 0.5 0.5 0.5 0.5 0.5 0.5 0.5 0.5 	0.5 5.46393 	
