0.560651 0.212108 0.234135 0.17988 0.243518 0.00513011 0.0171925 0.0191843 0.00890382 0.0198227 0.0204942 0.02975 0.0191749 0.0175689 0.0116007 0.0119279 0.0229323 0.0266816 0.16748 0.35935 0.295407 0.0311743 0.0281928 0.00556578 0.00544969 0.00498712 0.00817081 0.0758445 0.0288199 0.28891 
0.560651 0.212108 0.234135 0.17988 0.243518 0.00513011 0.0171925 0.0191843 0.00890382 0.0198227 0.0204942 0.02975 0.0191749 0.0175689 0.0116007 0.0119279 0.0229323 0.00168162 0.16748 0.35935 0.295407 0.0311743 0.0281928 0.00556578 0.00544969 0.00498712 0.00817081 0.0758445 0.0288199 0.28891 
0.560651 0.312108 0.234135 0.17988 0.243518 0.00513011 0.0171925 0.0191843 0.00890382 0.0198227 0.0204942 0.00474995 0.0191749 0.0175689 0.0116007 0.0119279 0.0229323 0.00168162 0.14248 0.35935 0.295407 0.0311743 0.0281928 0.00556578 0.00544969 0.00498712 0.00817081 0.0758445 0.0288199 0.28891 
0.560651 0.287108 0.234135 0.17988 0.243518 0.00513011 0.0171925 0.0191843 0.00890382 0.0198227 0.0204942 0.00474995 0.0191749 0.0175689 0.0116007 0.0119279 0.0229323 0.00168162 0.14248 0.35935 0.295407 0.0311743 0.0281928 0.00556578 0.00544969 0.00498712 0.00817081 0.0758445 0.0288199 0.28891 
0.560651 0.262108 0.234135 0.17988 0.243518 0.00513011 0.0171925 0.0191843 0.00890382 0.0198227 0.0204942 0.00474995 0.0191749 0.0175689 0.0116007 0.0119279 0.0229323 0.00168162 0.14248 0.35935 0.295407 0.0311743 0.0281928 0.00556578 0.00544969 0.00498712 0.00817081 0.0758445 0.0288199 0.28891 
0.560651 0.262108 0.234135 0.17988 0.243518 0.00513011 0.0171925 0.0191843 0.00890382 0.0198227 0.0204942 0.00474995 0.0191749 0.0175689 0.0116007 0.0119279 0.0229323 0.00168162 0.16748 0.35935 0.295407 0.0311743 0.0281928 0.00556578 0.00544969 0.00498712 0.00817081 0.0758445 0.0288199 0.28891 
0.560651 0.237108 0.234135 0.17988 0.243518 0.00513011 0.0171925 0.0191843 0.00890382 0.0198227 0.0204942 0.00474995 0.0191749 0.0175689 0.0116007 0.0119279 0.0229323 0.00168162 0.16748 0.35935 0.295407 0.0311743 0.0281928 0.00556578 0.00544969 0.00498712 0.00817081 0.0758445 0.0288199 0.28891 
0.560651 0.212108 0.234135 0.17988 0.243518 0.00513011 0.0171925 0.0191843 0.00890382 0.0198227 0.0204942 0.00474995 0.0191749 0.0175689 0.0116007 0.0119279 0.0229323 0.00168162 0.16748 0.35935 0.295407 0.0311743 0.0281928 0.00556578 0.00544969 0.00498712 0.00817081 0.0758445 0.0288199 0.28891 
0.560651 0.187108 0.234135 0.17988 0.243518 0.00513011 0.0171925 0.0191843 0.00890382 0.0198227 0.0204942 0.00474995 0.0191749 0.0175689 0.0116007 0.0119279 0.0229323 0.00168162 0.16748 0.35935 0.295407 0.0311743 0.0281928 0.00556578 0.00544969 0.00498712 0.00817081 0.0758445 0.0288199 0.28891 
0.560651 0.162108 0.234135 0.17988 0.243518 0.00513011 0.0171925 0.0191843 0.00890382 0.0198227 0.0204942 0.00474995 0.0191749 0.0175689 0.0116007 0.0119279 0.0229323 0.00168162 0.16748 0.35935 0.295407 0.0311743 0.0281928 0.00556578 0.00544969 0.00498712 0.00817081 0.0758445 0.0288199 0.28891 
0.560651 0.137108 0.234135 0.17988 0.243518 0.00513011 0.0171925 0.0191843 0.00890382 0.0198227 0.0204942 0.00474995 0.0191749 0.0175689 0.0116007 0.0119279 0.0229323 0.00168162 0.16748 0.35935 0.295407 0.0311743 0.0281928 0.00556578 0.00544969 0.00498712 0.00817081 0.0758445 0.0288199 0.28891 
0.560651 0.112108 0.234135 0.17988 0.243518 0.00513011 0.0171925 0.0191843 0.00890382 0.0198227 0.0204942 0.00474995 0.0191749 0.0175689 0.0116007 0.0119279 0.0229323 0.00168162 0.16748 0.35935 0.295407 0.0311743 0.0281928 0.00556578 0.00544969 0.00498712 0.00817081 0.0758445 0.0288199 0.28891 
0.560651 0.112108 0.234135 0.17988 0.243518 0.00513011 0.0171925 0.0191843 0.00890382 0.269823 0.0204942 0.00474995 0.0191749 0.0175689 0.0116007 0.0119279 0.0229323 0.0266816 0.16748 0.35935 0.295407 0.0311743 0.0281928 0.00556578 0.00544969 0.00498712 0.00817081 0.0758445 0.0288199 0.28891 
0.560651 0.112108 0.234135 0.17988 0.243518 0.00513011 0.0171925 0.0191843 0.00890382 0.244823 0.0204942 0.00474995 0.0191749 0.0175689 0.0116007 0.0119279 0.0229323 0.0266816 0.16748 0.35935 0.295407 0.0311743 0.0281928 0.00556578 0.00544969 0.00498712 0.00817081 0.0758445 0.0288199 0.28891 
0.560651 0.112108 0.234135 0.17988 0.243518 0.00513011 0.0171925 0.0191843 0.00890382 0.219823 0.0204942 0.00474995 0.0191749 0.0175689 0.0116007 0.0119279 0.0229323 0.0266816 0.16748 0.35935 0.295407 0.0311743 0.0281928 0.00556578 0.00544969 0.00498712 0.00817081 0.0758445 0.0288199 0.28891 
0.560651 0.112108 0.234135 0.17988 0.243518 0.00513011 0.0171925 0.0191843 0.00890382 0.194823 0.0204942 0.00474995 0.0191749 0.0175689 0.0116007 0.0119279 0.0229323 0.0266816 0.16748 0.35935 0.295407 0.0311743 0.0281928 0.00556578 0.00544969 0.00498712 0.00817081 0.0758445 0.0288199 0.28891 
0.560651 0.112108 0.234135 0.17988 0.243518 0.00513011 0.0171925 0.0191843 0.00890382 0.169823 0.0204942 0.00474995 0.0191749 0.0175689 0.0116007 0.0119279 0.0229323 0.0266816 0.16748 0.35935 0.295407 0.0311743 0.0281928 0.00556578 0.00544969 0.00498712 0.00817081 0.0758445 0.0288199 0.28891 
0.560651 0.112108 0.234135 0.17988 0.243518 0.00513011 0.0171925 0.0191843 0.00890382 0.144823 0.0204942 0.00474995 0.0191749 0.0175689 0.0116007 0.0119279 0.0229323 0.0266816 0.16748 0.35935 0.295407 0.0311743 0.0281928 0.00556578 0.00544969 0.00498712 0.00817081 0.0758445 0.0288199 0.28891 
0.560651 0.112108 0.234135 0.17988 0.243518 0.00513011 0.0171925 0.0191843 0.00890382 0.119823 0.0204942 0.00474995 0.0191749 0.0175689 0.0116007 0.0119279 0.0229323 0.0266816 0.16748 0.35935 0.295407 0.0311743 0.0281928 0.00556578 0.00544969 0.00498712 0.00817081 0.0758445 0.0288199 0.28891 
0.560651 0.112108 0.234135 0.17988 0.243518 0.00513011 0.0171925 0.0191843 0.00890382 0.0948227 0.0204942 0.00474995 0.0191749 0.0175689 0.0116007 0.0119279 0.0229323 0.0266816 0.16748 0.35935 0.295407 0.0311743 0.0281928 0.00556578 0.00544969 0.00498712 0.00817081 0.0758445 0.0288199 0.28891 
