0.45 0 0 0 0.4 0 0 0.4 0.5 0.4 0 0.4 0.5 0 0.4 0 0.3 0 0.4 0.5 0.2 0.5 0.5 0.5 0.2 0 0 0 0.3 0.2 	0.45 2.98184 	
0.45 0 0 0 0.4 0 0 0.4 0.5 0.5 0 0.4 0.5 0 0.4 0 0.3 0 0.4 0.5 0.2 0.5 0.5 0.5 0.2 0 0 0 0.3 0.2 	0.45 3.01355 	
0.45 0 0 0 0.4 0 0.1 0.5 0.5 0.5 0.4 0.5 0.5 0 0.4 0 0.3 0 0.4 0.5 0.5 0.5 0.5 0.5 0.2 0.3 0 0.4 0.3 0.3 	0.45 3.58227 	
0.45 0 0 0 0.4 0 0.1 0.5 0.5 0.5 0.4 0.5 0.5 0 0.4 0 0.3 0 0.4 0.5 0.5 0.5 0.5 0.5 0.2 0.3 0 0.4 0.3 0.4 	0.45 3.61377 	
0.5 0 0 0 0.35 0 0 0.4 0.5 0.5 0 0.5 0.5 0 0.4 0 0.3 0 0.4 0.5 0.3 0.5 0.5 0.5 0.2 0 0 0 0.3 0.2 	0.5 3.04588 	
0.5 0 0 0 0.35 0 0 0.4 0.5 0.5 0.1 0.5 0.5 0 0.4 0 0.3 0 0.4 0.5 0.5 0.5 0.5 0.5 0.2 0 0 0 0.3 0.2 	0.5 3.1413 	
0.5 0 0 0 0.35 0 0 0.4 0.5 0.5 0.2 0.5 0.5 0 0.4 0 0.3 0 0.4 0.5 0.5 0.5 0.5 0.5 0.2 0 0 0 0.3 0.2 	0.5 3.17308 	
0.5 0 0 0 0.35 0 0 0.4 0.5 0.5 0.3 0.5 0.5 0 0.4 0 0.3 0 0.4 0.5 0.5 0.5 0.5 0.5 0.2 0 0 0 0.3 0.2 	0.5 3.20484 	
0.5 0 0 0 0.35 0 0 0.5 0.5 0.5 0.4 0.5 0.5 0 0.4 0 0.3 0 0.4 0.5 0.5 0.5 0.5 0.5 0.2 0 0 0 0.3 0.2 	0.5 3.26832 	
0.5 0 0 0 0.35 0 0.1 0.5 0.5 0.5 0.4 0.5 0.5 0 0.4 0 0.3 0 0.4 0.5 0.5 0.5 0.5 0.5 0.2 0 0 0.3 0.3 0.2 	0.5 3.39514 	
0.5 0 0 0 0.35 0 0.1 0.5 0.5 0.5 0.4 0.5 0.5 0 0.4 0 0.3 0 0.4 0.5 0.5 0.5 0.5 0.5 0.2 0.1 0 0.4 0.3 0.2 	0.5 3.45847 	
0.5 0 0 0 0.35 0 0.1 0.5 0.5 0.5 0.4 0.5 0.5 0 0.4 0 0.3 0 0.4 0.5 0.5 0.5 0.5 0.5 0.2 0.2 0 0.4 0.3 0.2 	0.5 3.49013 	
0.5 0 0 0 0.35 0 0.1 0.5 0.5 0.5 0.4 0.5 0.5 0 0.4 0 0.3 0 0.4 0.5 0.5 0.5 0.5 0.5 0.2 0.3 0 0.4 0.3 0.2 	0.5 3.52177 	
0.5 0 0 0 0.35 0 0.1 0.5 0.5 0.5 0.4 0.5 0.5 0 0.4 0 0.3 0 0.4 0.5 0.5 0.5 0.5 0.5 0.2 0.4 0 0.4 0.3 0.4 	0.5 3.61663 	
0.5 0 0 0 0.35 0 0.1 0.5 0.5 0.5 0.4 0.5 0.5 0 0.4 0 0.3 0 0.4 0.5 0.5 0.5 0.5 0.5 0.2 0.5 0 0.4 0.3 0.4 	0.5 3.64823 	
0.5 0 0 0 0.4 0 0 0.4 0.5 0.3 0 0.4 0.5 0 0.4 0 0.3 0 0.4 0.5 0.2 0.5 0.5 0.5 0.2 0 0 0 0.3 0.2 	0.5 2.93438 	
0.5 0 0 0 0.4 0 0 0.4 0.5 0.3 0 0.4 0.5 0 0.4 0 0.3 0 0.4 0.5 0.2 0.5 0.5 0.5 0.2 0 0.05 0 0.3 0.2 	0.5 2.95033 	
0.5 0 0 0 0.4 0 0 0.4 0.5 0.3 0 0.4 0.5 0 0.4 0 0.3 0 0.4 0.5 0.2 0.5 0.5 0.5 0.2 0.05 0 0 0.3 0.2 	0.5 2.95033 	
0.5 0 0 0 0.4 0 0 0.4 0.5 0.3 0 0.4 0.5 0 0.4 0 0.3 0 0.4 0.5 0.2 0.55 0.5 0.5 0.2 0 0 0 0.3 0.2 	0.5 2.95033 	
0.5 0 0 0 0.4 0 0 0.4 0.5 0.3 0 0.4 0.5 0 0.4 0 0.3 0 0.4 0.55 0.2 0.5 0.5 0.5 0.2 0 0 0 0.3 0.2 	0.5 2.95033 	
0.5 0 0 0 0.4 0 0 0.4 0.5 0.3 0.05 0.4 0.5 0 0.4 0 0.3 0 0.4 0.5 0.2 0.5 0.5 0.5 0.2 0 0 0 0.3 0.2 	0.5 2.95033 	
0.5 0 0 0 0.4 0 0 0.4 0.5 0.35 0 0.4 0.5 0 0.4 0 0.3 0 0.4 0.5 0.2 0.5 0.5 0.5 0.2 0 0 0 0.3 0.2 	0.5 2.95033 	
0.5 0 0 0 0.4 0 0 0.4 0.5 0.4 0 0.4 0.5 0 0.4 0 0.3 0 0.4 0.5 0.2 0.5 0.5 0.5 0.15 0 0 0 0.3 0.2 	0.5 2.95033 	
0.5 0 0 0 0.4 0 0 0.4 0.5 0.4 0 0.4 0.5 0 0.4 0 0.3 0 0.4 0.5 0.2 0.5 0.5 0.5 0.2 0 0 0 0.3 0.2 	0.5 2.96626 	
0.5 0 0 0 0.4 0 0 0.4 0.5 0.4 0 0.4 0.55 0 0.4 0 0.3 0 0.4 0.5 0.2 0.5 0.5 0.5 0.2 0 0 0 0.3 0.2 	0.5 2.98219 	
0.5 0 0 0 0.4 0 0 0.4 0.5 0.45 0 0.4 0.5 0 0.4 0 0.3 0 0.4 0.5 0.2 0.5 0.5 0.5 0.2 0 0 0 0.3 0.2 	0.5 2.98219 	
0.5 0 0 0 0.4 0 0 0.4 0.5 0.45 0 0.5 0.5 0 0.4 0 0.3 0 0.4 0.5 0.3 0.5 0.5 0.5 0.2 0 0 0 0.3 0.2 	0.5 3.04588 	
0.5 0 0 0 0.4 0 0 0.4 0.5 0.45 0.1 0.5 0.5 0 0.4 0 0.3 0 0.4 0.5 0.5 0.5 0.5 0.5 0.2 0 0 0 0.3 0.2 	0.5 3.1413 	
0.5 0 0 0 0.4 0 0 0.4 0.5 0.45 0.2 0.5 0.5 0 0.4 0 0.3 0 0.4 0.5 0.5 0.5 0.5 0.5 0.2 0 0 0 0.3 0.2 	0.5 3.17308 	
0.5 0 0 0 0.4 0 0 0.4 0.5 0.45 0.3 0.5 0.5 0 0.4 0 0.3 0 0.4 0.5 0.5 0.5 0.5 0.5 0.2 0 0 0 0.3 0.2 	0.5 3.20484 	
0.5 0 0 0 0.4 0 0 0.4 0.5 0.5 0 0.4 0.5 0 0.4 0 0.25 0 0.4 0.5 0.3 0.5 0.5 0.5 0.2 0 0 0 0.3 0.2 	0.5 3.01405 	
0.5 0 0 0 0.4 0 0 0.4 0.5 0.5 0 0.4 0.5 0 0.4 0 0.3 0 0.35 0.5 0.3 0.5 0.5 0.5 0.2 0 0 0 0.3 0.2 	0.5 3.01405 	
0.5 0 0 0 0.4 0 0 0.4 0.5 0.5 0 0.4 0.5 0 0.4 0 0.3 0 0.4 0.45 0.3 0.5 0.5 0.5 0.2 0 0 0 0.3 0.2 	0.5 3.01405 	
0.5 0 0 0 0.4 0 0 0.4 0.5 0.5 0 0.4 0.5 0 0.4 0 0.3 0 0.4 0.5 0.2 0.5 0.5 0.5 0.15 0 0 0 0.3 0.2 	0.5 2.98219 	
0.5 0 0 0 0.4 0 0 0.4 0.5 0.5 0 0.4 0.5 0 0.4 0 0.3 0 0.4 0.5 0.2 0.5 0.5 0.5 0.2 0 0 0 0.3 0.2 	0.5 2.99812 	
0.5 0 0 0 0.4 0 0 0.4 0.5 0.5 0 0.4 0.5 0 0.4 0 0.3 0 0.4 0.5 0.25 0.5 0.5 0.5 0.2 0 0 0 0.3 0.2 	0.5 3.01405 	
0.5 0 0 0 0.4 0 0 0.4 0.5 0.5 0 0.4 0.5 0 0.4 0 0.3 0 0.4 0.5 0.3 0.5 0.5 0.5 0.2 0 0 0 0.3 0.2 	0.5 3.02997 	
0.5 0 0 0 0.4 0 0 0.4 0.5 0.5 0 0.4 0.5 0 0.4 0 0.35 0 0.4 0.5 0.3 0.5 0.5 0.5 0.2 0 0 0 0.3 0.2 	0.5 3.04588 	
0.5 0 0 0 0.4 0 0 0.4 0.5 0.5 0 0.45 0.5 0 0.4 0 0.3 0 0.4 0.5 0.2 0.5 0.5 0.5 0.2 0 0 0 0.3 0.2 	0.5 3.01405 	
0.5 0 0 0 0.4 0 0 0.4 0.5 0.5 0 0.45 0.5 0 0.4 0 0.3 0 0.4 0.5 0.3 0.5 0.5 0.5 0.2 0 0 0 0.3 0.2 	0.5 3.04588 	
0.5 0 0 0 0.4 0 0 0.4 0.5 0.5 0 0.5 0.5 0 0.4 0 0.25 0 0.4 0.5 0.4 0.5 0.5 0.5 0.2 0 0 0 0.3 0.2 	0.5 3.0777 	
0.5 0 0 0 0.4 0 0 0.4 0.5 0.5 0 0.5 0.5 0 0.4 0 0.25 0 0.4 0.5 0.5 0.5 0.5 0.5 0.2 0 0 0 0.3 0.2 	0.5 3.10951 	
0.5 0 0 0 0.4 0 0 0.4 0.5 0.5 0 0.5 0.5 0 0.4 0 0.3 0 0.35 0.5 0.4 0.5 0.5 0.5 0.2 0 0 0 0.3 0.2 	0.5 3.0777 	
0.5 0 0 0 0.4 0 0 0.4 0.5 0.5 0 0.5 0.5 0 0.4 0 0.3 0 0.35 0.5 0.5 0.5 0.5 0.5 0.2 0 0 0 0.3 0.2 	0.5 3.10951 	
0.5 0 0 0 0.4 0 0 0.4 0.5 0.5 0 0.5 0.5 0 0.4 0 0.3 0 0.4 0.45 0.4 0.5 0.5 0.5 0.2 0 0 0 0.3 0.2 	0.5 3.0777 	
0.5 0 0 0 0.4 0 0 0.4 0.5 0.5 0 0.5 0.5 0 0.4 0 0.3 0 0.4 0.45 0.5 0.5 0.5 0.5 0.2 0 0 0 0.3 0.2 	0.5 3.10951 	
0.5 0 0 0 0.4 0 0 0.4 0.5 0.5 0 0.5 0.5 0 0.4 0 0.3 0 0.4 0.5 0.3 0.5 0.5 0.5 0.2 0 0 0 0.3 0.2 	0.5 3.0618 	
0.5 0 0 0 0.4 0 0 0.4 0.5 0.5 0 0.5 0.5 0 0.4 0 0.3 0 0.4 0.5 0.3 0.5 0.5 0.5 0.25 0 0 0 0.3 0.2 	0.5 3.0777 	
0.5 0 0 0 0.4 0 0 0.4 0.5 0.5 0 0.5 0.5 0 0.4 0 0.3 0 0.4 0.5 0.3 0.5 0.5 0.55 0.2 0 0 0 0.3 0.2 	0.5 3.0777 	
0.5 0 0 0 0.4 0 0 0.4 0.5 0.5 0 0.5 0.5 0 0.4 0 0.3 0 0.4 0.5 0.3 0.55 0.5 0.5 0.2 0 0 0 0.3 0.2 	0.5 3.0777 	
0.5 0 0 0 0.4 0 0 0.4 0.5 0.5 0 0.5 0.5 0 0.4 0 0.3 0 0.4 0.5 0.35 0.5 0.5 0.5 0.2 0 0 0 0.3 0.2 	0.5 3.0777 	
0.5 0 0 0 0.4 0 0 0.4 0.5 0.5 0 0.5 0.5 0 0.4 0 0.3 0 0.4 0.5 0.4 0.5 0.5 0.5 0.2 0 0 0 0.3 0.2 	0.5 3.09361 	
0.5 0 0 0 0.4 0 0 0.4 0.5 0.5 0 0.5 0.5 0 0.4 0 0.3 0 0.4 0.5 0.45 0.5 0.5 0.5 0.2 0 0 0 0.3 0.2 	0.5 3.10951 	
0.5 0 0 0 0.4 0 0 0.4 0.5 0.5 0 0.5 0.5 0 0.4 0 0.3 0 0.4 0.5 0.5 0.5 0.5 0.5 0.2 0 0 0 0.3 0.2 	0.5 3.12541 	
0.5 0 0 0 0.4 0 0 0.4 0.5 0.5 0 0.5 0.5 0 0.4 0 0.35 0 0.4 0.5 0.5 0.5 0.5 0.5 0.2 0 0 0 0.3 0.2 	0.5 3.1413 	
0.5 0 0 0 0.4 0 0 0.4 0.5 0.5 0 0.5 0.5 0 0.4 0.05 0.3 0 0.4 0.5 0.3 0.5 0.5 0.5 0.2 0 0 0 0.3 0.2 	0.5 3.0777 	
0.5 0 0 0 0.4 0 0 0.4 0.5 0.5 0 0.5 0.5 0 0.4 0.05 0.3 0 0.4 0.5 0.4 0.5 0.5 0.5 0.2 0 0 0 0.3 0.2 	0.5 3.10951 	
0.5 0 0 0 0.4 0 0 0.4 0.5 0.5 0 0.5 0.55 0 0.4 0 0.3 0 0.4 0.5 0.3 0.5 0.5 0.5 0.2 0 0 0 0.3 0.2 	0.5 3.0777 	
0.5 0 0 0 0.4 0 0 0.4 0.5 0.5 0 0.55 0.5 0 0.4 0 0.3 0 0.4 0.5 0.3 0.5 0.5 0.5 0.2 0 0 0 0.3 0.2 	0.5 3.0777 	
0.5 0 0 0 0.4 0 0 0.4 0.5 0.5 0.05 0.5 0.5 0 0.4 0 0.3 0 0.4 0.5 0.5 0.5 0.5 0.5 0.2 0 0 0 0.3 0.2 	0.5 3.1413 	
0.5 0 0 0 0.4 0 0 0.4 0.5 0.5 0.1 0.5 0.5 0 0.4 0 0.3 0 0.4 0.5 0.5 0.5 0.5 0.5 0.2 0 0 0 0.3 0.2 	0.5 3.15719 	
0.5 0 0 0 0.4 0 0 0.4 0.5 0.5 0.1 0.5 0.5 0 0.4 0 0.3 0 0.4 0.5 0.5 0.5 0.5 0.5 0.2 0.05 0 0 0.3 0.2 	0.5 3.17308 	
0.5 0 0 0 0.4 0 0 0.4 0.5 0.5 0.1 0.5 0.5 0 0.4 0 0.3 0 0.4 0.5 0.5 0.5 0.5 0.5 0.25 0 0 0 0.3 0.2 	0.5 3.17308 	
0.5 0 0 0 0.4 0 0 0.4 0.5 0.5 0.1 0.5 0.5 0 0.4 0 0.3 0 0.4 0.5 0.5 0.5 0.55 0.5 0.2 0 0 0 0.3 0.2 	0.5 3.17308 	
0.5 0 0 0 0.4 0 0 0.4 0.5 0.5 0.1 0.5 0.5 0 0.4 0 0.35 0 0.4 0.5 0.5 0.5 0.5 0.5 0.2 0 0 0 0.3 0.2 	0.5 3.17308 	
0.5 0 0 0 0.4 0 0 0.4 0.5 0.5 0.1 0.5 0.5 0.05 0.4 0 0.3 0 0.4 0.5 0.5 0.5 0.5 0.5 0.2 0 0 0 0.3 0.2 	0.5 3.17308 	
0.5 0 0 0 0.4 0 0 0.4 0.5 0.5 0.1 0.5 0.55 0 0.4 0 0.3 0 0.4 0.5 0.5 0.5 0.5 0.5 0.2 0 0 0 0.3 0.2 	0.5 3.17308 	
0.5 0 0 0 0.4 0 0 0.4 0.5 0.5 0.15 0.5 0.5 0 0.4 0 0.3 0 0.4 0.5 0.5 0.5 0.5 0.5 0.2 0 0 0 0.3 0.2 	0.5 3.17308 	
0.5 0 0 0 0.4 0 0 0.4 0.5 0.5 0.2 0.5 0.5 0 0.4 0 0.3 0 0.4 0.5 0.5 0.5 0.5 0.5 0.2 0 0 0 0.3 0.2 	0.5 3.18896 	
0.5 0 0 0 0.4 0 0 0.4 0.5 0.5 0.2 0.5 0.5 0 0.4 0 0.3 0 0.4 0.5 0.5 0.5 0.5 0.5 0.2 0.05 0 0 0.3 0.2 	0.5 3.20484 	
0.5 0 0 0 0.4 0 0 0.4 0.5 0.5 0.2 0.5 0.5 0 0.4 0 0.3 0 0.4 0.5 0.5 0.5 0.5 0.5 0.25 0 0 0 0.3 0.2 	0.5 3.20484 	
0.5 0 0 0 0.4 0 0 0.4 0.5 0.5 0.2 0.5 0.5 0 0.4 0 0.3 0 0.4 0.5 0.5 0.5 0.55 0.5 0.2 0 0 0 0.3 0.2 	0.5 3.20484 	
0.5 0 0 0 0.4 0 0 0.4 0.5 0.5 0.2 0.5 0.5 0 0.4 0 0.35 0 0.4 0.5 0.5 0.5 0.5 0.5 0.2 0 0 0 0.3 0.2 	0.5 3.20484 	
0.5 0 0 0 0.4 0 0 0.4 0.5 0.5 0.2 0.5 0.5 0.05 0.4 0 0.3 0 0.4 0.5 0.5 0.5 0.5 0.5 0.2 0 0 0 0.3 0.2 	0.5 3.20484 	
0.5 0 0 0 0.4 0 0 0.4 0.5 0.5 0.2 0.5 0.55 0 0.4 0 0.3 0 0.4 0.5 0.5 0.5 0.5 0.5 0.2 0 0 0 0.3 0.2 	0.5 3.20484 	
0.5 0 0 0 0.4 0 0 0.4 0.5 0.5 0.25 0.5 0.5 0 0.4 0 0.3 0 0.4 0.5 0.5 0.5 0.5 0.5 0.2 0 0 0 0.3 0.2 	0.5 3.20484 	
0.5 0 0 0 0.4 0 0 0.4 0.5 0.5 0.3 0.5 0.5 0 0.4 0 0.3 0 0.4 0.5 0.5 0.5 0.5 0.5 0.2 0 0 0 0.3 0.2 	0.5 3.22071 	
0.5 0 0 0 0.4 0 0 0.4 0.5 0.5 0.3 0.5 0.5 0 0.4 0 0.3 0 0.4 0.5 0.5 0.5 0.5 0.5 0.2 0.05 0 0 0.3 0.2 	0.5 3.23659 	
0.5 0 0 0 0.4 0 0 0.4 0.5 0.5 0.3 0.5 0.5 0 0.4 0 0.3 0 0.4 0.5 0.5 0.5 0.5 0.5 0.25 0 0 0 0.3 0.2 	0.5 3.23659 	
0.5 0 0 0 0.4 0 0 0.4 0.5 0.5 0.3 0.5 0.5 0 0.4 0 0.3 0 0.4 0.5 0.5 0.5 0.55 0.5 0.2 0 0 0 0.3 0.2 	0.5 3.23659 	
0.5 0 0 0 0.4 0 0 0.4 0.5 0.5 0.3 0.5 0.5 0 0.4 0 0.35 0 0.4 0.5 0.5 0.5 0.5 0.5 0.2 0 0 0 0.3 0.2 	0.5 3.23659 	
0.5 0 0 0 0.4 0 0 0.4 0.5 0.5 0.3 0.5 0.5 0.05 0.4 0 0.3 0 0.4 0.5 0.5 0.5 0.5 0.5 0.2 0 0 0 0.3 0.2 	0.5 3.23659 	
0.5 0 0 0 0.4 0 0 0.4 0.5 0.5 0.3 0.5 0.55 0 0.4 0 0.3 0 0.4 0.5 0.5 0.5 0.5 0.5 0.2 0 0 0 0.3 0.2 	0.5 3.23659 	
0.5 0 0 0 0.4 0 0 0.4 0.55 0.5 0 0.4 0.5 0 0.4 0 0.3 0 0.4 0.5 0.3 0.5 0.5 0.5 0.2 0 0 0 0.3 0.2 	0.5 3.04588 	
0.5 0 0 0 0.4 0 0 0.4 0.55 0.5 0 0.5 0.5 0 0.4 0 0.3 0 0.4 0.5 0.4 0.5 0.5 0.5 0.2 0 0 0 0.3 0.2 	0.5 3.10951 	
0.5 0 0 0 0.4 0 0 0.4 0.55 0.5 0 0.5 0.5 0 0.4 0 0.3 0 0.4 0.5 0.5 0.5 0.5 0.5 0.2 0 0 0 0.3 0.2 	0.5 3.1413 	
0.5 0 0 0 0.4 0 0 0.45 0.5 0.5 0.3 0.5 0.5 0 0.4 0 0.3 0 0.4 0.5 0.5 0.5 0.5 0.5 0.2 0 0 0 0.3 0.2 	0.5 3.23659 	
0.5 0 0 0 0.4 0 0 0.5 0.5 0.45 0.4 0.5 0.5 0 0.4 0 0.3 0 0.4 0.5 0.5 0.5 0.5 0.5 0.2 0 0 0 0.3 0.2 	0.5 3.26832 	
0.5 0 0 0 0.4 0 0 0.5 0.5 0.5 0.3 0.5 0.5 0 0.4 0 0.3 0 0.4 0.5 0.5 0.5 0.5 0.5 0.2 0 0 0 0.3 0.2 	0.5 3.25246 	
0.5 0 0 0 0.4 0 0 0.5 0.5 0.5 0.3 0.5 0.5 0 0.4 0 0.3 0 0.4 0.5 0.5 0.5 0.5 0.55 0.2 0 0 0 0.3 0.2 	0.5 3.26832 	
0.5 0 0 0 0.4 0 0 0.5 0.5 0.5 0.3 0.5 0.5 0 0.4 0 0.35 0 0.4 0.5 0.5 0.5 0.5 0.5 0.2 0 0 0 0.3 0.2 	0.5 3.26832 	
0.5 0 0 0 0.4 0 0 0.5 0.5 0.5 0.35 0.5 0.5 0 0.4 0 0.3 0 0.4 0.5 0.5 0.5 0.5 0.5 0.2 0 0 0 0.3 0.2 	0.5 3.26832 	
0.5 0 0 0 0.4 0 0 0.5 0.5 0.5 0.4 0.5 0.5 0 0.4 0 0.3 0 0.4 0.5 0.5 0.5 0.5 0.5 0.2 0 0 0 0.3 0.2 	0.5 3.28419 	
0.5 0 0 0 0.4 0 0 0.5 0.5 0.5 0.4 0.5 0.5 0 0.4 0 0.3 0 0.4 0.5 0.5 0.5 0.5 0.5 0.2 0.05 0 0 0.3 0.2 	0.5 3.30004 	
0.5 0 0 0 0.4 0 0 0.5 0.5 0.5 0.4 0.5 0.5 0 0.4 0 0.3 0 0.4 0.5 0.5 0.5 0.5 0.5 0.25 0 0 0 0.3 0.2 	0.5 3.30004 	
0.5 0 0 0 0.4 0 0 0.5 0.5 0.5 0.4 0.5 0.5 0 0.4 0 0.3 0 0.4 0.5 0.5 0.5 0.55 0.5 0.2 0 0 0 0.3 0.2 	0.5 3.30004 	
0.5 0 0 0 0.4 0 0 0.5 0.5 0.5 0.4 0.5 0.5 0 0.4 0 0.35 0 0.4 0.5 0.5 0.5 0.5 0.5 0.2 0 0 0 0.3 0.2 	0.5 3.30004 	
0.5 0 0 0 0.4 0 0 0.5 0.5 0.5 0.4 0.5 0.5 0.05 0.4 0 0.3 0 0.4 0.5 0.5 0.5 0.5 0.5 0.2 0 0 0 0.3 0.2 	0.5 3.30004 	
0.5 0 0 0 0.4 0 0 0.5 0.5 0.5 0.4 0.5 0.55 0 0.4 0 0.3 0 0.4 0.5 0.5 0.5 0.5 0.5 0.2 0 0 0 0.3 0.2 	0.5 3.30004 	
0.5 0 0 0 0.4 0 0 0.55 0.5 0.5 0.3 0.5 0.5 0 0.4 0 0.3 0 0.4 0.5 0.5 0.5 0.5 0.5 0.2 0 0 0 0.3 0.2 	0.5 3.26832 	
0.5 0 0 0 0.4 0 0.05 0.5 0.5 0.5 0.4 0.5 0.5 0 0.4 0 0.3 0 0.4 0.5 0.5 0.5 0.5 0.5 0.2 0 0 0 0.3 0.2 	0.5 3.30004 	
0.5 0 0 0 0.4 0 0.05 0.5 0.5 0.5 0.4 0.5 0.5 0 0.4 0 0.3 0 0.4 0.5 0.5 0.5 0.5 0.5 0.2 0 0 0.1 0.3 0.2 	0.5 3.33175 	
0.5 0 0 0 0.4 0 0.05 0.5 0.5 0.5 0.4 0.5 0.5 0 0.4 0 0.3 0 0.4 0.5 0.5 0.5 0.5 0.5 0.2 0 0 0.2 0.3 0.2 	0.5 3.36345 	
0.5 0 0 0 0.4 0 0.05 0.5 0.5 0.5 0.4 0.5 0.5 0 0.4 0 0.3 0 0.4 0.5 0.5 0.5 0.5 0.5 0.2 0 0 0.3 0.3 0.2 	0.5 3.39514 	
0.5 0 0 0 0.4 0 0.05 0.5 0.5 0.5 0.4 0.5 0.5 0 0.4 0 0.3 0 0.4 0.5 0.5 0.5 0.5 0.5 0.2 0 0 0.4 0.3 0.2 	0.5 3.42681 	
0.5 0 0 0 0.4 0 0.05 0.5 0.5 0.5 0.4 0.5 0.5 0 0.4 0 0.3 0 0.4 0.5 0.5 0.5 0.5 0.5 0.2 0.1 0 0.4 0.3 0.2 	0.5 3.45847 	
0.5 0 0 0 0.4 0 0.05 0.5 0.5 0.5 0.4 0.5 0.5 0 0.4 0 0.3 0 0.4 0.5 0.5 0.5 0.5 0.5 0.2 0.2 0 0.4 0.3 0.2 	0.5 3.49013 	
0.5 0 0 0 0.4 0 0.05 0.5 0.5 0.5 0.4 0.5 0.5 0 0.4 0 0.3 0 0.4 0.5 0.5 0.5 0.5 0.5 0.2 0.3 0 0.4 0.3 0.2 	0.5 3.52177 	
0.5 0 0 0 0.4 0 0.05 0.5 0.5 0.5 0.4 0.5 0.5 0 0.4 0 0.3 0 0.4 0.5 0.5 0.5 0.5 0.5 0.2 0.4 0 0.4 0.3 0.4 	0.5 3.61663 	
0.5 0 0 0 0.4 0 0.05 0.5 0.5 0.5 0.4 0.5 0.5 0 0.4 0 0.3 0 0.4 0.5 0.5 0.5 0.5 0.5 0.2 0.5 0 0.4 0.3 0.4 	0.5 3.64823 	
0.5 0 0 0 0.4 0 0.1 0.45 0.5 0.5 0.4 0.5 0.5 0 0.4 0 0.3 0 0.4 0.5 0.5 0.5 0.5 0.5 0.2 0 0 0.1 0.3 0.2 	0.5 3.33175 	
0.5 0 0 0 0.4 0 0.1 0.45 0.5 0.5 0.4 0.5 0.5 0 0.4 0 0.3 0 0.4 0.5 0.5 0.5 0.5 0.5 0.2 0 0 0.2 0.3 0.2 	0.5 3.36345 	
0.5 0 0 0 0.4 0 0.1 0.45 0.5 0.5 0.4 0.5 0.5 0 0.4 0 0.3 0 0.4 0.5 0.5 0.5 0.5 0.5 0.2 0 0 0.4 0.3 0.2 	0.5 3.42681 	
0.5 0 0 0 0.4 0 0.1 0.45 0.5 0.5 0.4 0.5 0.5 0 0.4 0 0.3 0 0.4 0.5 0.5 0.5 0.5 0.5 0.2 0.3 0 0.4 0.3 0.3 	0.5 3.5534 	
0.5 0 0 0 0.4 0 0.1 0.45 0.5 0.5 0.4 0.5 0.5 0 0.4 0 0.3 0 0.4 0.5 0.5 0.5 0.5 0.5 0.2 0.3 0 0.4 0.3 0.4 	0.5 3.58502 	
0.5 0 0 0 0.4 0 0.1 0.5 0.5 0.45 0.4 0.5 0.5 0 0.4 0 0.3 0 0.4 0.5 0.5 0.5 0.5 0.5 0.2 0 0 0.1 0.3 0.2 	0.5 3.33175 	
0.5 0 0 0 0.4 0 0.1 0.5 0.5 0.45 0.4 0.5 0.5 0 0.4 0 0.3 0 0.4 0.5 0.5 0.5 0.5 0.5 0.2 0 0 0.2 0.3 0.2 	0.5 3.36345 	
0.5 0 0 0 0.4 0 0.1 0.5 0.5 0.45 0.4 0.5 0.5 0 0.4 0 0.3 0 0.4 0.5 0.5 0.5 0.5 0.5 0.2 0 0 0.4 0.3 0.2 	0.5 3.42681 	
0.5 0 0 0 0.4 0 0.1 0.5 0.5 0.5 0.4 0.5 0.5 0 0.4 0 0.3 0 0.4 0.5 0.5 0.5 0.5 0.45 0.2 0 0 0.3 0.3 0.2 	0.5 3.39514 	
0.5 0 0 0 0.4 0 0.1 0.5 0.5 0.5 0.4 0.5 0.5 0 0.4 0 0.3 0 0.4 0.5 0.5 0.5 0.5 0.45 0.2 0.1 0 0.4 0.3 0.2 	0.5 3.45847 	
0.5 0 0 0 0.4 0 0.1 0.5 0.5 0.5 0.4 0.5 0.5 0 0.4 0 0.3 0 0.4 0.5 0.5 0.5 0.5 0.45 0.2 0.2 0 0.4 0.3 0.2 	0.5 3.49013 	
0.5 0 0 0 0.4 0 0.1 0.5 0.5 0.5 0.4 0.5 0.5 0 0.4 0 0.3 0 0.4 0.5 0.5 0.5 0.5 0.45 0.2 0.3 0 0.4 0.3 0.2 	0.5 3.52177 	
0.5 0 0 0 0.4 0 0.1 0.5 0.5 0.5 0.4 0.5 0.5 0 0.4 0 0.3 0 0.4 0.5 0.5 0.5 0.5 0.45 0.2 0.4 0 0.4 0.3 0.4 	0.5 3.61663 	
0.5 0 0 0 0.4 0 0.1 0.5 0.5 0.5 0.4 0.5 0.5 0 0.4 0 0.3 0 0.4 0.5 0.5 0.5 0.5 0.45 0.2 0.5 0 0.4 0.3 0.4 	0.5 3.64823 	
0.5 0 0 0 0.4 0 0.1 0.5 0.5 0.5 0.4 0.5 0.5 0 0.4 0 0.3 0 0.4 0.5 0.5 0.5 0.5 0.5 0.2 0 0 0 0.3 0.2 	0.5 3.3159 	
0.5 0 0 0 0.4 0 0.1 0.5 0.5 0.5 0.4 0.5 0.5 0 0.4 0 0.3 0 0.4 0.5 0.5 0.5 0.5 0.5 0.2 0 0 0.05 0.3 0.2 	0.5 3.33175 	
0.5 0 0 0 0.4 0 0.1 0.5 0.5 0.5 0.4 0.5 0.5 0 0.4 0 0.3 0 0.4 0.5 0.5 0.5 0.5 0.5 0.2 0 0 0.1 0.3 0.2 	0.5 3.3476 	
0.5 0 0 0 0.4 0 0.1 0.5 0.5 0.5 0.4 0.5 0.5 0 0.4 0 0.3 0 0.4 0.5 0.5 0.5 0.5 0.5 0.2 0 0 0.1 0.3 0.25 	0.5 3.36345 	
0.5 0 0 0 0.4 0 0.1 0.5 0.5 0.5 0.4 0.5 0.5 0 0.4 0 0.3 0 0.4 0.5 0.5 0.5 0.5 0.5 0.2 0 0 0.15 0.3 0.2 	0.5 3.36345 	
0.5 0 0 0 0.4 0 0.1 0.5 0.5 0.5 0.4 0.5 0.5 0 0.4 0 0.3 0 0.4 0.5 0.5 0.5 0.5 0.5 0.2 0 0 0.2 0.3 0.2 	0.5 3.3793 	
0.5 0 0 0 0.4 0 0.1 0.5 0.5 0.5 0.4 0.5 0.5 0 0.4 0 0.3 0 0.4 0.5 0.5 0.5 0.5 0.5 0.2 0 0 0.2 0.3 0.25 	0.5 3.39514 	
0.5 0 0 0 0.4 0 0.1 0.5 0.5 0.5 0.4 0.5 0.5 0 0.4 0 0.3 0 0.4 0.5 0.5 0.5 0.5 0.5 0.2 0 0 0.25 0.3 0.2 	0.5 3.39514 	
0.5 0 0 0 0.4 0 0.1 0.5 0.5 0.5 0.4 0.5 0.5 0 0.4 0 0.3 0 0.4 0.5 0.5 0.5 0.5 0.5 0.2 0 0 0.3 0.3 0.2 	0.5 3.41098 	
0.5 0 0 0 0.4 0 0.1 0.5 0.5 0.5 0.4 0.5 0.5 0 0.4 0 0.3 0 0.4 0.5 0.5 0.5 0.5 0.5 0.2 0 0 0.35 0.3 0.2 	0.5 3.42681 	
0.5 0 0 0 0.4 0 0.1 0.5 0.5 0.5 0.4 0.5 0.5 0 0.4 0 0.3 0 0.4 0.5 0.5 0.5 0.5 0.5 0.2 0 0 0.4 0.3 0.2 	0.5 3.44264 	
0.5 0 0 0 0.4 0 0.1 0.5 0.5 0.5 0.4 0.5 0.5 0 0.4 0 0.3 0 0.4 0.5 0.5 0.5 0.5 0.5 0.2 0 0 0.4 0.3 0.25 	0.5 3.45847 	
0.5 0 0 0 0.4 0 0.1 0.5 0.5 0.5 0.4 0.5 0.5 0 0.4 0 0.3 0 0.4 0.5 0.5 0.5 0.5 0.5 0.2 0.05 0 0.4 0.3 0.2 	0.5 3.45847 	
0.5 0 0 0 0.4 0 0.1 0.5 0.5 0.5 0.4 0.5 0.5 0 0.4 0 0.3 0 0.4 0.5 0.5 0.5 0.5 0.5 0.2 0.1 0 0.4 0.3 0.2 	0.5 3.4743 	
0.5 0 0 0 0.4 0 0.1 0.5 0.5 0.5 0.4 0.5 0.5 0 0.4 0 0.3 0 0.4 0.5 0.5 0.5 0.5 0.5 0.2 0.15 0 0.4 0.3 0.2 	0.5 3.49013 	
0.5 0 0 0 0.4 0 0.1 0.5 0.5 0.5 0.4 0.5 0.5 0 0.4 0 0.3 0 0.4 0.5 0.5 0.5 0.5 0.5 0.2 0.2 0 0.4 0.3 0.2 	0.5 3.50595 	
0.5 0 0 0 0.4 0 0.1 0.5 0.5 0.5 0.4 0.5 0.5 0 0.4 0 0.3 0 0.4 0.5 0.5 0.5 0.5 0.5 0.2 0.25 0 0.4 0.3 0.2 	0.5 3.52177 	
0.5 0 0 0 0.4 0 0.1 0.5 0.5 0.5 0.4 0.5 0.5 0 0.4 0 0.3 0 0.4 0.5 0.5 0.5 0.5 0.5 0.2 0.3 0 0.4 0.3 0.2 	0.5 3.53758 	
0.5 0 0 0 0.4 0 0.1 0.5 0.5 0.5 0.4 0.5 0.5 0 0.4 0 0.3 0 0.4 0.5 0.5 0.5 0.5 0.5 0.2 0.3 0 0.4 0.3 0.25 	0.5 3.5534 	
0.5 0 0 0 0.4 0 0.1 0.5 0.5 0.5 0.4 0.5 0.5 0 0.4 0 0.3 0 0.4 0.5 0.5 0.5 0.5 0.5 0.2 0.3 0 0.4 0.3 0.3 	0.5 3.56921 	
0.5 0 0 0 0.4 0 0.1 0.5 0.5 0.5 0.4 0.5 0.5 0 0.4 0 0.3 0 0.4 0.5 0.5 0.5 0.5 0.5 0.2 0.3 0 0.4 0.3 0.35 	0.5 3.58502 	
0.5 0 0 0 0.4 0 0.1 0.5 0.5 0.5 0.4 0.5 0.5 0 0.4 0 0.3 0 0.4 0.5 0.5 0.5 0.5 0.5 0.2 0.3 0 0.4 0.3 0.4 	0.5 3.60083 	
0.5 0 0 0 0.4 0 0.1 0.5 0.5 0.5 0.4 0.5 0.5 0 0.4 0 0.3 0 0.4 0.5 0.5 0.5 0.5 0.5 0.2 0.35 0 0.4 0.3 0.4 	0.5 3.61663 	
0.5 0 0 0 0.4 0 0.1 0.5 0.5 0.5 0.4 0.5 0.5 0 0.4 0 0.3 0 0.4 0.5 0.5 0.5 0.5 0.5 0.2 0.4 0 0.4 0.3 0.4 	0.5 3.63243 	
0.5 0 0 0 0.4 0 0.1 0.5 0.5 0.5 0.4 0.5 0.5 0 0.4 0 0.3 0 0.4 0.5 0.5 0.5 0.5 0.5 0.2 0.45 0 0.4 0.3 0.4 	0.5 3.64823 	
0.5 0 0 0 0.4 0 0.1 0.5 0.5 0.5 0.4 0.5 0.5 0 0.4 0 0.3 0 0.4 0.5 0.5 0.5 0.5 0.5 0.2 0.5 0 0.4 0.3 0.4 	0.5 3.66403 	
0.5 0 0 0 0.4 0 0.1 0.5 0.5 0.5 0.4 0.5 0.5 0 0.4 0 0.3 0 0.4 0.5 0.5 0.5 0.5 0.5 0.25 0.5 0 0.4 0.3 0.4 	0.5 3.67982 	
0.5 0 0 0 0.4 0 0.1 0.5 0.5 0.5 0.4 0.5 0.5 0 0.4 0 0.3 0 0.4 0.5 0.5 0.5 0.5 0.55 0.2 0 0 0 0.3 0.2 	0.5 3.33175 	
0.5 0 0 0 0.4 0 0.1 0.5 0.5 0.5 0.4 0.5 0.5 0 0.4 0 0.3 0 0.4 0.5 0.5 0.5 0.5 0.55 0.2 0 0 0.1 0.3 0.2 	0.5 3.36345 	
0.5 0 0 0 0.4 0 0.1 0.5 0.5 0.5 0.4 0.5 0.5 0 0.4 0 0.3 0 0.4 0.5 0.5 0.5 0.5 0.55 0.2 0 0 0.2 0.3 0.2 	0.5 3.39514 	
0.5 0 0 0 0.4 0 0.1 0.5 0.5 0.5 0.4 0.5 0.5 0 0.4 0 0.3 0 0.4 0.5 0.5 0.5 0.5 0.55 0.2 0 0 0.3 0.3 0.2 	0.5 3.42681 	
0.5 0 0 0 0.4 0 0.1 0.5 0.5 0.5 0.4 0.5 0.5 0 0.4 0 0.3 0 0.4 0.5 0.5 0.5 0.5 0.55 0.2 0 0 0.4 0.3 0.2 	0.5 3.45847 	
0.5 0 0 0 0.4 0 0.1 0.5 0.5 0.5 0.4 0.5 0.5 0 0.4 0 0.3 0 0.4 0.5 0.5 0.5 0.5 0.55 0.2 0.1 0 0.4 0.3 0.2 	0.5 3.49013 	
0.5 0 0 0 0.4 0 0.1 0.5 0.5 0.5 0.4 0.5 0.5 0 0.4 0 0.3 0 0.4 0.5 0.5 0.5 0.5 0.55 0.2 0.2 0 0.4 0.3 0.2 	0.5 3.52177 	
0.5 0 0 0 0.4 0 0.1 0.5 0.5 0.5 0.4 0.5 0.5 0 0.4 0 0.3 0 0.4 0.5 0.5 0.5 0.5 0.55 0.2 0.3 0 0.4 0.3 0.2 	0.5 3.5534 	
0.5 0 0 0 0.4 0 0.1 0.5 0.5 0.5 0.4 0.5 0.5 0 0.4 0 0.3 0 0.4 0.5 0.5 0.5 0.5 0.55 0.2 0.4 0 0.4 0.3 0.4 	0.5 3.64823 	
0.5 0 0 0 0.4 0 0.1 0.5 0.5 0.5 0.4 0.5 0.5 0 0.4 0 0.35 0 0.4 0.5 0.5 0.5 0.5 0.5 0.2 0 0 0 0.3 0.2 	0.5 3.33175 	
0.5 0 0 0 0.4 0 0.1 0.5 0.5 0.5 0.4 0.5 0.55 0 0.4 0 0.3 0 0.4 0.5 0.5 0.5 0.5 0.5 0.2 0.5 0 0.4 0.3 0.4 	0.5 3.67982 	
0.5 0 0 0 0.4 0 0.1 0.5 0.5 0.5 0.4 0.55 0.5 0 0.4 0 0.3 0 0.4 0.5 0.5 0.5 0.5 0.5 0.2 0 0 0.3 0.3 0.2 	0.5 3.42681 	
0.5 0 0 0 0.4 0 0.1 0.5 0.5 0.5 0.4 0.55 0.5 0 0.4 0 0.3 0 0.4 0.5 0.5 0.5 0.5 0.5 0.2 0.1 0 0.4 0.3 0.2 	0.5 3.49013 	
0.5 0 0 0 0.4 0 0.1 0.5 0.5 0.5 0.4 0.55 0.5 0 0.4 0 0.3 0 0.4 0.5 0.5 0.5 0.5 0.5 0.2 0.2 0 0.4 0.3 0.2 	0.5 3.52177 	
0.5 0 0 0 0.4 0 0.1 0.5 0.5 0.5 0.4 0.55 0.5 0 0.4 0 0.3 0 0.4 0.5 0.5 0.5 0.5 0.5 0.2 0.3 0 0.4 0.3 0.2 	0.5 3.5534 	
0.5 0 0 0 0.4 0 0.1 0.5 0.5 0.5 0.4 0.55 0.5 0 0.4 0 0.3 0 0.4 0.5 0.5 0.5 0.5 0.5 0.2 0.3 0 0.4 0.3 0.3 	0.5 3.58502 	
0.5 0 0 0 0.4 0 0.1 0.5 0.5 0.5 0.4 0.55 0.5 0 0.4 0 0.3 0 0.4 0.5 0.5 0.5 0.5 0.5 0.2 0.3 0 0.4 0.3 0.4 	0.5 3.61663 	
0.5 0 0 0 0.4 0 0.1 0.5 0.5 0.5 0.4 0.55 0.5 0 0.4 0 0.3 0 0.4 0.5 0.5 0.5 0.5 0.5 0.2 0.4 0 0.4 0.3 0.4 	0.5 3.64823 	
0.5 0 0 0 0.4 0 0.1 0.5 0.5 0.55 0.4 0.5 0.5 0 0.4 0 0.3 0 0.4 0.5 0.5 0.5 0.5 0.5 0.2 0.3 0 0.4 0.3 0.3 	0.5 3.58502 	
0.5 0 0 0 0.4 0 0.1 0.5 0.5 0.55 0.4 0.5 0.5 0 0.4 0 0.3 0 0.4 0.5 0.5 0.5 0.5 0.5 0.2 0.3 0 0.4 0.3 0.4 	0.5 3.61663 	
0.5 0 0 0 0.4 0 0.1 0.55 0.5 0.5 0.4 0.5 0.5 0 0.4 0 0.3 0 0.4 0.5 0.5 0.5 0.5 0.5 0.2 0 0 0 0.3 0.2 	0.5 3.33175 	
0.5 0 0 0 0.4 0.05 0 0.4 0.5 0.4 0 0.4 0.5 0 0.4 0 0.3 0 0.4 0.5 0.2 0.5 0.5 0.5 0.2 0 0 0 0.3 0.2 	0.5 2.98219 	
0.5 0 0 0 0.4 0.05 0 0.4 0.5 0.5 0 0.4 0.5 0 0.4 0 0.3 0 0.4 0.5 0.2 0.5 0.5 0.5 0.2 0 0 0 0.3 0.2 	0.5 3.01405 	
0.5 0 0 0 0.4 0.05 0.1 0.5 0.5 0.5 0.4 0.5 0.5 0 0.4 0 0.3 0 0.4 0.5 0.5 0.5 0.5 0.5 0.2 0.3 0 0.4 0.3 0.3 	0.5 3.58502 	
0.5 0 0 0 0.4 0.05 0.1 0.5 0.5 0.5 0.4 0.5 0.5 0 0.4 0 0.3 0 0.4 0.5 0.5 0.5 0.5 0.5 0.2 0.3 0 0.4 0.3 0.4 	0.5 3.61663 	
0.5 0 0 0 0.45 0 0.1 0.5 0.5 0.5 0.4 0.5 0.5 0 0.4 0 0.3 0 0.4 0.5 0.5 0.5 0.5 0.5 0.2 0.5 0 0.4 0.3 0.4 	0.5 3.67982 	
0.5 0 0 0 0.5 0 0.1 0.5 0.5 0.5 0.4 0.5 0.5 0 0.4 0 0.3 0 0.4 0.5 0.5 0.5 0.5 0.45 0.2 0.5 0 0.4 0.3 0.4 	0.5 3.67982 	
0.5 0 0 0 0.5 0 0.1 0.5 0.5 0.5 0.4 0.5 0.5 0 0.4 0 0.3 0 0.4 0.5 0.5 0.5 0.5 0.5 0.2 0.5 0 0.4 0.25 0.4 	0.5 3.67982 	
0.5 0 0 0 0.5 0 0.1 0.5 0.5 0.5 0.4 0.5 0.5 0 0.4 0 0.3 0 0.4 0.5 0.5 0.5 0.5 0.5 0.2 0.5 0 0.4 0.3 0.35 	0.5 3.67982 	
0.5 0 0 0 0.5 0 0.1 0.5 0.5 0.5 0.4 0.5 0.5 0 0.4 0 0.3 0 0.4 0.5 0.5 0.5 0.5 0.5 0.2 0.5 0 0.4 0.3 0.4 	0.5 3.69562 	
0.5 0 0 0 0.5 0 0.1 0.5 0.5 0.5 0.4 0.5 0.5 0 0.4 0 0.3 0 0.4 0.55 0.5 0.5 0.5 0.5 0.2 0.5 0 0.4 0.3 0.4 	0.5 3.71141 	
0.5 0 0 0 0.5 0 0.1 0.5 0.5 0.5 0.4 0.5 0.5 0 0.4 0 0.35 0 0.4 0.5 0.5 0.5 0.5 0.5 0.2 0.5 0 0.4 0.3 0.4 	0.5 3.71141 	
0.5 0 0 0 0.5 0 0.1 0.5 0.5 0.5 0.4 0.5 0.5 0 0.4 0 0.4 0 0.4 0.5 0.5 0.5 0.5 0.5 0.2 0.5 0 0.4 0.3 0.4 	0.5 3.72719 	
0.5 0 0 0 0.5 0 0.1 0.5 0.5 0.5 0.4 0.5 0.5 0 0.4 0 0.4 0 0.4 0.5 0.5 0.5 0.5 0.5 0.2 0.5 0 0.4 0.3 0.45 	0.5 3.74298 	
0.5 0 0 0 0.5 0 0.1 0.5 0.5 0.5 0.4 0.5 0.5 0 0.4 0 0.4 0 0.4 0.5 0.5 0.5 0.5 0.55 0.2 0.5 0 0.4 0.3 0.4 	0.5 3.74298 	
0.5 0 0 0 0.5 0 0.1 0.5 0.5 0.5 0.4 0.5 0.5 0 0.4 0 0.4 0 0.45 0.5 0.5 0.5 0.5 0.5 0.2 0.5 0 0.4 0.3 0.4 	0.5 3.74298 	
0.5 0 0 0.05 0.4 0 0 0.4 0.5 0.5 0 0.5 0.5 0 0.4 0 0.3 0 0.4 0.5 0.3 0.5 0.5 0.5 0.2 0 0 0 0.3 0.2 	0.5 3.0777 	
0.5 0 0 0.05 0.4 0 0 0.4 0.5 0.5 0.1 0.5 0.5 0 0.4 0 0.3 0 0.4 0.5 0.5 0.5 0.5 0.5 0.2 0 0 0 0.3 0.2 	0.5 3.17308 	
0.5 0 0 0.05 0.4 0 0 0.4 0.5 0.5 0.2 0.5 0.5 0 0.4 0 0.3 0 0.4 0.5 0.5 0.5 0.5 0.5 0.2 0 0 0 0.3 0.2 	0.5 3.20484 	
0.5 0 0 0.05 0.4 0 0 0.4 0.5 0.5 0.3 0.5 0.5 0 0.4 0 0.3 0 0.4 0.5 0.5 0.5 0.5 0.5 0.2 0 0 0 0.3 0.2 	0.5 3.23659 	
0.5 0 0 0.05 0.4 0 0 0.5 0.5 0.5 0.3 0.5 0.5 0 0.4 0 0.3 0 0.4 0.5 0.5 0.5 0.5 0.5 0.2 0 0 0 0.3 0.2 	0.5 3.26832 	
0.5 0 0 0.05 0.4 0 0 0.5 0.5 0.5 0.4 0.5 0.5 0 0.4 0 0.3 0 0.4 0.5 0.5 0.5 0.5 0.5 0.2 0 0 0 0.3 0.2 	0.5 3.30004 	
0.5 0 0 0.05 0.4 0 0.1 0.5 0.5 0.5 0.4 0.5 0.5 0 0.4 0 0.3 0 0.4 0.5 0.5 0.5 0.5 0.5 0.2 0 0 0 0.3 0.2 	0.5 3.33175 	
0.5 0 0 0.05 0.5 0 0.1 0.5 0.5 0.5 0.4 0.5 0.5 0 0.4 0 0.4 0 0.4 0.5 0.5 0.5 0.5 0.5 0.2 0.5 0 0.4 0.3 0.4 	0.5 3.74298 	
0.5 0 0 0.05 0.5 0 0.1 0.5 0.5 0.5 0.4 0.5 0.5 0 0.4 0 0.4 0 0.4 0.5 0.5 0.5 0.5 0.5 0.2 0.5 0 0.4 0.4 0.4 	0.5 3.77455 	
0.5 0 0 0.05 0.5 0 0.1 0.5 0.5 0.5 0.4 0.5 0.5 0 0.4 0 0.4 0 0.4 0.5 0.5 0.5 0.5 0.5 0.2 0.5 0 0.4 0.5 0.4 	0.5 3.8061 	
0.5 0 0 0.1 0.5 0 0.1 0.5 0.5 0.5 0.35 0.5 0.5 0 0.4 0 0.4 0 0.4 0.5 0.5 0.5 0.5 0.5 0.2 0.5 0 0.4 0.3 0.4 	0.5 3.74298 	
0.5 0 0 0.1 0.5 0 0.1 0.5 0.5 0.5 0.4 0.5 0.5 0 0.4 0 0.4 0 0.4 0.5 0.5 0.5 0.45 0.5 0.2 0.5 0 0.4 0.4 0.4 	0.5 3.77455 	
0.5 0 0 0.1 0.5 0 0.1 0.5 0.5 0.5 0.4 0.5 0.5 0 0.4 0 0.4 0 0.4 0.5 0.5 0.5 0.45 0.5 0.2 0.5 0 0.4 0.5 0.4 	0.5 3.8061 	
0.5 0 0 0.1 0.5 0 0.1 0.5 0.5 0.5 0.4 0.5 0.5 0 0.4 0 0.4 0 0.4 0.5 0.5 0.5 0.5 0.5 0.2 0.5 0 0.35 0.4 0.4 	0.5 3.77455 	
0.5 0 0 0.1 0.5 0 0.1 0.5 0.5 0.5 0.4 0.5 0.5 0 0.4 0 0.4 0 0.4 0.5 0.5 0.5 0.5 0.5 0.2 0.5 0 0.35 0.5 0.4 	0.5 3.8061 	
0.5 0 0 0.1 0.5 0 0.1 0.5 0.5 0.5 0.4 0.5 0.5 0 0.4 0 0.4 0 0.4 0.5 0.5 0.5 0.5 0.5 0.2 0.5 0 0.4 0.3 0.4 	0.5 3.75876 	
0.5 0 0 0.1 0.5 0 0.1 0.5 0.5 0.5 0.4 0.5 0.5 0 0.4 0 0.4 0 0.4 0.5 0.5 0.5 0.5 0.5 0.2 0.5 0 0.4 0.35 0.4 	0.5 3.77455 	
0.5 0 0 0.1 0.5 0 0.1 0.5 0.5 0.5 0.4 0.5 0.5 0 0.4 0 0.4 0 0.4 0.5 0.5 0.5 0.5 0.5 0.2 0.5 0 0.4 0.4 0.4 	0.5 3.79032 	
0.5 0 0 0.1 0.5 0 0.1 0.5 0.5 0.5 0.4 0.5 0.5 0 0.4 0 0.4 0 0.4 0.5 0.5 0.5 0.5 0.5 0.2 0.5 0 0.4 0.45 0.4 	0.5 3.8061 	
0.5 0 0 0.1 0.5 0 0.1 0.5 0.5 0.5 0.4 0.5 0.5 0 0.4 0 0.4 0 0.4 0.5 0.5 0.5 0.5 0.5 0.2 0.5 0 0.4 0.5 0.4 	0.5 3.82188 	
0.5 0 0 0.1 0.5 0 0.1 0.5 0.5 0.5 0.4 0.5 0.5 0 0.4 0 0.4 0 0.4 0.5 0.5 0.5 0.5 0.5 0.25 0.5 0 0.4 0.3 0.4 	0.5 3.77455 	
0.5 0 0 0.1 0.5 0 0.1 0.5 0.5 0.5 0.4 0.5 0.5 0 0.4 0 0.4 0 0.4 0.5 0.5 0.5 0.5 0.55 0.2 0.5 0 0.4 0.3 0.4 	0.5 3.77455 	
0.5 0 0 0.1 0.5 0 0.1 0.5 0.5 0.5 0.4 0.5 0.5 0 0.4 0 0.4 0 0.4 0.5 0.55 0.5 0.5 0.5 0.2 0.5 0 0.4 0.5 0.4 	0.5 3.83765 	
0.5 0 0 0.1 0.5 0 0.1 0.5 0.5 0.5 0.4 0.5 0.5 0 0.4 0 0.4 0 0.4 0.55 0.5 0.5 0.5 0.5 0.2 0.5 0 0.4 0.4 0.4 	0.5 3.8061 	
0.5 0 0 0.1 0.5 0 0.1 0.5 0.5 0.5 0.4 0.5 0.5 0 0.4 0.05 0.4 0 0.4 0.5 0.5 0.5 0.5 0.5 0.2 0.5 0 0.4 0.3 0.4 	0.5 3.77455 	
0.5 0 0 0.15 0.5 0 0.1 0.5 0.5 0.5 0.4 0.5 0.5 0 0.4 0 0.4 0 0.4 0.5 0.5 0.5 0.5 0.5 0.2 0.5 0 0.4 0.5 0.4 	0.5 3.83765 	
0.5 0 0 0.2 0.5 0 0.1 0.5 0.5 0.5 0.4 0.5 0.5 0 0.4 0 0.4 0 0.4 0.5 0.5 0.5 0.45 0.5 0.2 0.5 0 0.4 0.5 0.4 	0.5 3.83765 	
0.5 0 0 0.2 0.5 0 0.1 0.5 0.5 0.5 0.4 0.5 0.5 0 0.4 0 0.4 0 0.4 0.5 0.5 0.5 0.5 0.5 0.2 0.5 0 0.35 0.5 0.4 	0.5 3.83765 	
0.5 0 0 0.2 0.5 0 0.1 0.5 0.5 0.5 0.4 0.5 0.5 0 0.4 0 0.4 0 0.4 0.5 0.5 0.5 0.5 0.5 0.2 0.5 0 0.4 0.45 0.4 	0.5 3.83765 	
0.5 0 0 0.2 0.5 0 0.1 0.5 0.5 0.5 0.4 0.5 0.5 0 0.4 0 0.4 0 0.4 0.5 0.5 0.5 0.5 0.5 0.2 0.5 0 0.4 0.5 0.4 	0.5 3.85342 	
0.5 0 0 0.2 0.5 0 0.1 0.5 0.5 0.5 0.4 0.5 0.5 0 0.4 0 0.4 0 0.4 0.5 0.55 0.5 0.5 0.5 0.2 0.5 0 0.4 0.5 0.4 	0.5 3.86919 	
0.5 0 0 0.25 0.5 0 0.1 0.5 0.5 0.5 0.4 0.5 0.5 0 0.4 0 0.4 0 0.4 0.5 0.5 0.5 0.5 0.5 0.2 0.5 0 0.4 0.5 0.4 	0.5 3.86919 	
0.5 0 0 0.3 0.5 0 0.1 0.5 0.5 0.5 0.35 0.5 0.5 0 0.4 0 0.4 0 0.4 0.5 0.5 0.5 0.5 0.5 0.2 0.5 0 0.4 0.5 0.4 	0.5 3.86919 	
0.5 0 0 0.3 0.5 0 0.1 0.5 0.5 0.5 0.4 0.5 0.5 0 0.4 0 0.4 0 0.4 0.5 0.5 0.5 0.5 0.5 0.2 0.5 0 0.4 0.5 0.4 	0.5 3.88496 	
0.5 0 0 0.3 0.5 0 0.1 0.5 0.5 0.5 0.4 0.5 0.5 0 0.4 0 0.4 0 0.4 0.5 0.5 0.5 0.5 0.5 0.25 0.5 0 0.4 0.5 0.4 	0.5 3.90072 	
0.5 0 0 0.3 0.5 0 0.1 0.5 0.5 0.5 0.4 0.5 0.5 0 0.4 0 0.4 0 0.4 0.5 0.5 0.5 0.5 0.55 0.2 0.5 0 0.4 0.5 0.4 	0.5 3.90072 	
0.5 0 0 0.3 0.5 0 0.1 0.5 0.5 0.5 0.4 0.5 0.5 0 0.4 0.05 0.4 0 0.4 0.5 0.5 0.5 0.5 0.5 0.2 0.5 0 0.4 0.5 0.4 	0.5 3.90072 	
0.5 0 0 0.35 0.5 0 0.1 0.5 0.5 0.5 0.4 0.5 0.5 0 0.4 0 0.4 0 0.4 0.5 0.5 0.5 0.5 0.5 0.2 0.5 0 0.4 0.5 0.4 	0.5 3.90072 	
0.5 0 0 0.4 0.5 0 0.1 0.5 0.5 0.5 0.4 0.5 0.5 0 0.4 0 0.4 0 0.4 0.5 0.5 0.5 0.45 0.5 0.2 0.5 0 0.4 0.5 0.4 	0.5 3.90072 	
0.5 0 0 0.4 0.5 0 0.1 0.5 0.5 0.5 0.4 0.5 0.5 0 0.4 0 0.4 0 0.4 0.5 0.5 0.5 0.5 0.5 0.2 0.5 0 0.35 0.5 0.4 	0.5 3.90072 	
0.5 0 0 0.4 0.5 0 0.1 0.5 0.5 0.5 0.4 0.5 0.5 0 0.4 0 0.4 0 0.4 0.5 0.5 0.5 0.5 0.5 0.2 0.5 0 0.4 0.45 0.4 	0.5 3.90072 	
0.5 0 0 0.4 0.5 0 0.1 0.5 0.5 0.5 0.4 0.5 0.5 0 0.4 0 0.4 0 0.4 0.5 0.5 0.5 0.5 0.5 0.2 0.5 0 0.4 0.5 0.4 	0.5 3.91649 	
0.5 0 0 0.4 0.5 0 0.1 0.5 0.5 0.5 0.4 0.5 0.5 0 0.4 0 0.4 0 0.4 0.5 0.55 0.5 0.5 0.5 0.2 0.5 0 0.4 0.5 0.4 	0.5 3.93225 	
0.5 0 0.05 0 0.4 0 0 0.4 0.5 0.4 0 0.4 0.5 0 0.4 0 0.3 0 0.4 0.5 0.2 0.5 0.5 0.5 0.2 0 0 0 0.3 0.2 	0.5 2.98219 	
0.5 0 0.05 0 0.4 0 0 0.4 0.5 0.5 0 0.4 0.5 0 0.4 0 0.3 0 0.4 0.5 0.2 0.5 0.5 0.5 0.2 0 0 0 0.3 0.2 	0.5 3.01405 	
0.5 0 0.05 0 0.4 0 0 0.4 0.5 0.5 0 0.5 0.5 0 0.4 0 0.3 0 0.4 0.5 0.3 0.5 0.5 0.5 0.2 0 0 0 0.3 0.2 	0.5 3.0777 	
0.5 0 0.05 0 0.4 0 0 0.4 0.5 0.5 0.1 0.5 0.5 0 0.4 0 0.3 0 0.4 0.5 0.5 0.5 0.5 0.5 0.2 0 0 0 0.3 0.2 	0.5 3.17308 	
0.5 0 0.05 0 0.4 0 0 0.4 0.5 0.5 0.2 0.5 0.5 0 0.4 0 0.3 0 0.4 0.5 0.5 0.5 0.5 0.5 0.2 0 0 0 0.3 0.2 	0.5 3.20484 	
0.5 0 0.05 0 0.4 0 0 0.4 0.5 0.5 0.3 0.5 0.5 0 0.4 0 0.3 0 0.4 0.5 0.5 0.5 0.5 0.5 0.2 0 0 0 0.3 0.2 	0.5 3.23659 	
0.5 0 0.05 0 0.4 0 0 0.5 0.5 0.5 0.4 0.5 0.5 0 0.4 0 0.3 0 0.4 0.5 0.5 0.5 0.5 0.5 0.2 0 0 0 0.3 0.2 	0.5 3.30004 	
0.5 0 0.05 0.1 0.5 0 0.1 0.5 0.5 0.5 0.4 0.5 0.5 0 0.4 0 0.4 0 0.4 0.5 0.5 0.5 0.5 0.5 0.2 0.5 0 0.4 0.3 0.4 	0.5 3.77455 	
0.5 0 0.05 0.3 0.5 0 0.1 0.5 0.5 0.5 0.4 0.5 0.5 0 0.4 0 0.4 0 0.4 0.5 0.5 0.5 0.5 0.5 0.2 0.5 0 0.4 0.5 0.4 	0.5 3.90072 	
0.5 0 0.05 0.4 0.5 0 0.1 0.5 0.5 0.5 0.4 0.5 0.5 0 0.4 0 0.4 0 0.4 0.5 0.5 0.5 0.5 0.5 0.2 0.5 0 0.4 0.5 0.4 	0.5 3.93225 	
0.5 0.05 0 0 0.4 0 0 0.4 0.5 0.5 0 0.5 0.5 0 0.4 0 0.3 0 0.4 0.5 0.3 0.5 0.5 0.5 0.2 0 0 0 0.3 0.2 	0.5 3.0777 	
0.5 0.05 0 0 0.4 0 0 0.4 0.5 0.5 0.1 0.5 0.5 0 0.4 0 0.3 0 0.4 0.5 0.5 0.5 0.5 0.5 0.2 0 0 0 0.3 0.2 	0.5 3.17308 	
0.5 0.05 0 0 0.4 0 0 0.4 0.5 0.5 0.2 0.5 0.5 0 0.4 0 0.3 0 0.4 0.5 0.5 0.5 0.5 0.5 0.2 0 0 0 0.3 0.2 	0.5 3.20484 	
0.5 0.05 0 0 0.4 0 0 0.4 0.5 0.5 0.3 0.5 0.5 0 0.4 0 0.3 0 0.4 0.5 0.5 0.5 0.5 0.5 0.2 0 0 0 0.3 0.2 	0.5 3.23659 	
0.5 0.05 0 0 0.4 0 0 0.5 0.5 0.5 0.3 0.5 0.5 0 0.4 0 0.3 0 0.4 0.5 0.5 0.5 0.5 0.5 0.2 0 0 0 0.3 0.2 	0.5 3.26832 	
0.5 0.05 0 0 0.4 0 0 0.5 0.5 0.5 0.4 0.5 0.5 0 0.4 0 0.3 0 0.4 0.5 0.5 0.5 0.5 0.5 0.2 0 0 0 0.3 0.2 	0.5 3.30004 	
0.5 0.05 0 0 0.4 0 0.1 0.5 0.5 0.5 0.4 0.5 0.5 0 0.4 0 0.3 0 0.4 0.5 0.5 0.5 0.5 0.5 0.2 0 0 0 0.3 0.2 	0.5 3.33175 	
0.5 0.05 0 0 0.5 0 0.1 0.5 0.5 0.5 0.4 0.5 0.5 0 0.4 0 0.3 0 0.4 0.5 0.5 0.5 0.5 0.5 0.2 0.5 0 0.4 0.3 0.4 	0.5 3.71141 	
0.5 0.05 0 0 0.5 0 0.1 0.5 0.5 0.5 0.4 0.5 0.5 0 0.4 0 0.4 0 0.4 0.5 0.5 0.5 0.5 0.5 0.2 0.5 0 0.4 0.3 0.4 	0.5 3.74298 	
0.5 0.05 0 0.1 0.5 0 0.1 0.5 0.5 0.5 0.4 0.5 0.5 0 0.4 0 0.4 0 0.4 0.5 0.5 0.5 0.5 0.5 0.2 0.5 0 0.4 0.4 0.4 	0.5 3.8061 	
0.5 0.05 0 0.1 0.5 0 0.1 0.5 0.5 0.5 0.4 0.5 0.5 0 0.4 0 0.4 0 0.4 0.5 0.5 0.5 0.5 0.5 0.2 0.5 0 0.4 0.5 0.4 	0.5 3.83765 	
0.5 0.05 0 0.2 0.5 0 0.1 0.5 0.5 0.5 0.4 0.5 0.5 0 0.4 0 0.4 0 0.4 0.5 0.5 0.5 0.5 0.5 0.2 0.5 0 0.4 0.5 0.4 	0.5 3.86919 	
0.5 0.05 0 0.4 0.5 0 0.1 0.5 0.5 0.5 0.4 0.5 0.5 0 0.4 0 0.4 0 0.4 0.5 0.5 0.5 0.5 0.5 0.2 0.5 0 0.4 0.5 0.4 	0.5 3.93225 	
0.5 0.1 0 0.4 0.5 0 0.1 0.5 0.5 0.45 0.4 0.5 0.5 0 0.4 0 0.4 0 0.4 0.5 0.5 0.5 0.5 0.5 0.2 0.5 0 0.4 0.5 0.4 	0.5 3.93225 	
0.5 0.1 0 0.4 0.5 0 0.1 0.5 0.5 0.5 0.4 0.5 0.5 0 0.4 0 0.4 0 0.4 0.5 0.5 0.5 0.5 0.5 0.2 0.5 0 0.4 0.5 0.4 	0.5 3.94801 	
0.5 0.1 0 0.4 0.5 0 0.1 0.5 0.5 0.5 0.4 0.5 0.5 0 0.4 0 0.4 0 0.4 0.5 0.5 0.5 0.5 0.5 0.2 0.55 0 0.4 0.5 0.4 	0.5 3.96376 	
0.5 0.1 0 0.4 0.5 0 0.1 0.5 0.5 0.5 0.4 0.5 0.5 0 0.4 0 0.4 0 0.4 0.5 0.5 0.5 0.5 0.5 0.25 0.5 0 0.4 0.5 0.4 	0.5 3.96376 	
0.5 0.1 0 0.4 0.5 0 0.1 0.5 0.5 0.5 0.4 0.5 0.5 0 0.4 0 0.45 0 0.4 0.5 0.5 0.5 0.5 0.5 0.2 0.5 0 0.4 0.5 0.4 	0.5 3.96376 	
0.5 0.1 0 0.45 0.5 0 0.1 0.5 0.5 0.5 0.4 0.5 0.5 0 0.4 0 0.4 0 0.4 0.5 0.5 0.5 0.5 0.5 0.2 0.5 0 0.4 0.5 0.4 	0.5 3.96376 	
0.5 0.15 0 0.4 0.5 0 0.1 0.5 0.5 0.5 0.4 0.5 0.5 0 0.4 0 0.4 0 0.4 0.5 0.5 0.5 0.5 0.5 0.2 0.5 0 0.4 0.5 0.4 	0.5 3.96376 	
0.5 0.2 0 0.4 0.5 0 0.1 0.5 0.5 0.45 0.4 0.5 0.5 0 0.4 0 0.4 0 0.4 0.5 0.5 0.5 0.5 0.5 0.2 0.5 0 0.4 0.5 0.4 	0.5 3.96376 	
0.5 0.2 0 0.4 0.5 0 0.1 0.5 0.5 0.5 0.4 0.5 0.5 0 0.4 0 0.4 0 0.4 0.5 0.5 0.5 0.5 0.5 0.2 0.5 0 0.4 0.5 0.4 	0.5 3.97952 	
0.5 0.2 0 0.4 0.5 0 0.1 0.5 0.5 0.5 0.4 0.5 0.5 0 0.4 0 0.4 0 0.4 0.5 0.5 0.5 0.5 0.5 0.2 0.55 0 0.4 0.5 0.4 	0.5 3.99527 	
0.5 0.2 0 0.4 0.5 0 0.1 0.5 0.5 0.5 0.4 0.5 0.5 0 0.4 0 0.4 0 0.4 0.5 0.5 0.5 0.5 0.5 0.25 0.5 0 0.4 0.5 0.4 	0.5 3.99527 	
0.5 0.2 0 0.4 0.5 0 0.1 0.5 0.5 0.5 0.4 0.5 0.5 0 0.4 0 0.45 0 0.4 0.5 0.5 0.5 0.5 0.5 0.2 0.5 0 0.4 0.5 0.4 	0.5 3.99527 	
0.5 0.2 0 0.45 0.5 0 0.1 0.5 0.5 0.5 0.4 0.5 0.5 0 0.4 0 0.4 0 0.4 0.5 0.5 0.5 0.5 0.5 0.2 0.5 0 0.4 0.5 0.4 	0.5 3.99527 	
0.5 0.25 0 0.4 0.5 0 0.1 0.5 0.5 0.5 0.4 0.5 0.5 0 0.4 0 0.4 0 0.4 0.5 0.5 0.5 0.5 0.5 0.2 0.5 0 0.4 0.5 0.4 	0.5 3.99527 	
0.5 0.3 0 0.4 0.5 0 0.1 0.5 0.5 0.45 0.4 0.5 0.5 0 0.4 0 0.4 0 0.4 0.5 0.5 0.5 0.5 0.5 0.2 0.5 0 0.4 0.5 0.4 	0.5 3.99527 	
0.5 0.3 0 0.4 0.5 0 0.1 0.5 0.5 0.5 0.4 0.5 0.5 0 0.4 0 0.4 0 0.4 0.5 0.5 0.5 0.5 0.5 0.2 0.5 0 0.4 0.5 0.4 	0.5 4.01103 	
0.5 0.3 0 0.4 0.5 0 0.1 0.5 0.5 0.5 0.4 0.5 0.5 0 0.4 0 0.4 0 0.4 0.5 0.5 0.5 0.5 0.5 0.2 0.55 0 0.4 0.5 0.4 	0.5 4.02678 	
0.5 0.3 0 0.4 0.5 0 0.1 0.5 0.5 0.5 0.4 0.5 0.5 0 0.4 0 0.4 0 0.4 0.5 0.5 0.5 0.5 0.5 0.25 0.5 0 0.4 0.5 0.4 	0.5 4.02678 	
0.5 0.3 0 0.4 0.5 0 0.1 0.5 0.5 0.5 0.4 0.5 0.5 0 0.4 0 0.4 0 0.45 0.5 0.5 0.5 0.5 0.5 0.2 0.5 0 0.4 0.5 0.4 	0.5 4.02678 	
0.5 0.3 0 0.4 0.5 0 0.1 0.5 0.5 0.5 0.4 0.5 0.5 0 0.4 0 0.4 0 0.5 0.5 0.5 0.5 0.5 0.5 0.15 0.5 0 0.4 0.5 0.4 	0.5 4.02678 	
0.5 0.3 0 0.4 0.5 0 0.1 0.5 0.5 0.5 0.4 0.5 0.5 0 0.4 0 0.4 0 0.5 0.5 0.5 0.5 0.5 0.5 0.2 0.5 0 0.4 0.5 0.4 	0.5 4.04252 	
0.5 0.3 0 0.4 0.5 0 0.1 0.5 0.5 0.5 0.4 0.5 0.5 0 0.4 0 0.4 0 0.5 0.55 0.5 0.5 0.5 0.5 0.2 0.5 0 0.4 0.5 0.4 	0.5 4.05827 	
0.5 0.3 0 0.4 0.5 0 0.1 0.5 0.5 0.5 0.4 0.5 0.5 0 0.4 0 0.4 0.05 0.5 0.5 0.5 0.5 0.5 0.5 0.2 0.5 0 0.4 0.5 0.4 	0.5 4.05827 	
0.5 0.3 0 0.4 0.5 0 0.1 0.5 0.5 0.5 0.4 0.5 0.5 0 0.4 0.05 0.4 0 0.4 0.5 0.5 0.5 0.5 0.5 0.2 0.5 0 0.4 0.5 0.4 	0.5 4.02678 	
0.5 0.3 0 0.4 0.5 0 0.1 0.5 0.5 0.5 0.4 0.5 0.5 0 0.4 0.05 0.4 0 0.5 0.5 0.5 0.5 0.5 0.5 0.2 0.5 0 0.4 0.5 0.4 	0.5 4.05827 	
0.5 0.3 0 0.4 0.5 0 0.1 0.5 0.5 0.5 0.4 0.5 0.55 0 0.4 0 0.4 0 0.5 0.5 0.5 0.5 0.5 0.5 0.2 0.5 0 0.4 0.5 0.4 	0.5 4.05827 	
0.5 0.3 0.05 0.4 0.5 0 0.1 0.5 0.5 0.5 0.4 0.5 0.5 0 0.4 0 0.4 0 0.4 0.5 0.5 0.5 0.5 0.5 0.2 0.5 0 0.4 0.5 0.4 	0.5 4.02678 	
0.5 0.35 0 0.4 0.5 0 0.1 0.5 0.5 0.5 0.4 0.5 0.5 0 0.4 0 0.4 0 0.5 0.5 0.5 0.5 0.5 0.5 0.2 0.5 0 0.4 0.5 0.4 	0.5 4.05827 	
0.5 0.4 0 0.4 0.5 0 0.1 0.5 0.5 0.45 0.4 0.5 0.5 0 0.4 0 0.4 0 0.5 0.5 0.5 0.5 0.5 0.5 0.2 0.5 0 0.4 0.5 0.4 	0.5 4.05827 	
0.5 0.4 0 0.4 0.5 0 0.1 0.5 0.5 0.5 0.4 0.5 0.5 0 0.4 0 0.4 0 0.5 0.5 0.5 0.5 0.5 0.5 0.2 0.5 0 0.4 0.5 0.4 	0.5 4.07402 	
0.5 0.4 0 0.4 0.5 0 0.1 0.5 0.5 0.5 0.4 0.5 0.5 0 0.4 0 0.4 0 0.5 0.5 0.5 0.5 0.5 0.5 0.2 0.55 0 0.4 0.5 0.4 	0.5 4.08976 	
0.5 0.4 0 0.4 0.5 0 0.1 0.5 0.5 0.5 0.4 0.5 0.5 0 0.4 0 0.4 0 0.5 0.5 0.5 0.5 0.5 0.5 0.25 0.5 0 0.4 0.5 0.4 	0.5 4.08976 	
0.5 0.4 0 0.4 0.5 0 0.1 0.5 0.5 0.5 0.4 0.5 0.5 0 0.4 0 0.45 0 0.5 0.5 0.5 0.5 0.5 0.5 0.2 0.5 0 0.4 0.5 0.4 	0.5 4.08976 	
0.5 0.4 0 0.45 0.5 0 0.1 0.5 0.5 0.5 0.4 0.5 0.5 0 0.4 0 0.4 0 0.5 0.5 0.5 0.5 0.5 0.5 0.2 0.5 0 0.4 0.5 0.4 	0.5 4.08976 	
0.5 0.45 0 0.4 0.5 0 0.1 0.5 0.5 0.5 0.4 0.5 0.5 0 0.4 0 0.4 0 0.5 0.5 0.5 0.5 0.5 0.5 0.2 0.5 0 0.4 0.5 0.4 	0.5 4.08976 	
0.5 0.45 0 0.5 0.5 0 0.1 0.5 0.5 0.5 0.5 0.5 0.5 0 0.4 0.3 0.5 0.5 0.5 0.5 0.5 0.5 0.5 0.5 0.2 0.5 0 0.4 0.5 0.4 	0.5 4.43572 	
0.5 0.45 0.1 0.5 0.5 0 0.1 0.5 0.5 0.5 0.5 0.5 0.5 0 0.4 0.5 0.5 0.5 0.5 0.5 0.5 0.5 0.5 0.5 0.2 0.5 0 0.4 0.5 0.4 	0.5 4.52995 	
0.5 0.45 0.2 0.5 0.5 0 0.1 0.5 0.5 0.5 0.5 0.5 0.5 0 0.4 0.5 0.5 0.5 0.5 0.5 0.5 0.5 0.5 0.5 0.2 0.5 0 0.4 0.5 0.4 	0.5 4.56135 	
0.5 0.45 0.3 0.5 0.5 0 0.1 0.5 0.5 0.5 0.5 0.5 0.5 0 0.4 0.5 0.5 0.5 0.5 0.5 0.5 0.5 0.5 0.5 0.2 0.5 0 0.4 0.5 0.4 	0.5 4.59275 	
0.5 0.45 0.4 0.5 0.5 0 0.2 0.5 0.5 0.5 0.5 0.5 0.5 0 0.4 0.5 0.5 0.5 0.5 0.5 0.5 0.5 0.5 0.5 0.2 0.5 0 0.4 0.5 0.4 	0.5 4.65553 	
0.5 0.45 0.5 0.5 0.5 0 0.2 0.5 0.5 0.5 0.5 0.5 0.5 0 0.4 0.5 0.5 0.5 0.5 0.5 0.5 0.5 0.5 0.5 0.2 0.5 0 0.4 0.5 0.4 	0.5 4.68691 	
0.5 0.5 0 0.4 0.5 0 0.05 0.5 0.5 0.5 0.5 0.5 0.5 0 0.4 0 0.4 0 0.5 0.5 0.5 0.5 0.5 0.5 0.2 0.5 0 0.4 0.5 0.4 	0.5 4.12124 	
0.5 0.5 0 0.4 0.5 0 0.1 0.5 0.5 0.45 0.4 0.5 0.5 0 0.4 0 0.4 0 0.5 0.5 0.5 0.5 0.5 0.5 0.2 0.5 0 0.4 0.5 0.4 	0.5 4.08976 	
0.5 0.5 0 0.4 0.5 0 0.1 0.5 0.5 0.5 0.4 0.5 0.5 0 0.4 0 0.4 0 0.5 0.5 0.5 0.5 0.5 0.5 0.2 0.5 0 0.4 0.5 0.4 	0.5 4.1055 	
0.5 0.5 0 0.4 0.5 0 0.1 0.5 0.5 0.5 0.4 0.5 0.5 0 0.4 0 0.4 0 0.5 0.5 0.5 0.5 0.5 0.5 0.2 0.55 0 0.4 0.5 0.4 	0.5 4.12124 	
0.5 0.5 0 0.4 0.5 0 0.1 0.5 0.5 0.5 0.4 0.5 0.5 0 0.4 0 0.4 0 0.5 0.5 0.5 0.5 0.5 0.5 0.25 0.5 0 0.4 0.5 0.4 	0.5 4.12124 	
0.5 0.5 0 0.4 0.5 0 0.1 0.5 0.5 0.5 0.4 0.5 0.5 0 0.4 0 0.45 0 0.5 0.5 0.5 0.5 0.5 0.5 0.2 0.5 0 0.4 0.5 0.4 	0.5 4.12124 	
0.5 0.5 0 0.4 0.5 0 0.1 0.5 0.5 0.5 0.45 0.5 0.5 0 0.4 0 0.4 0 0.5 0.5 0.5 0.5 0.5 0.5 0.2 0.5 0 0.4 0.5 0.4 	0.5 4.12124 	
0.5 0.5 0 0.4 0.5 0 0.1 0.5 0.5 0.5 0.5 0.5 0.45 0 0.4 0 0.4 0.1 0.5 0.5 0.5 0.5 0.5 0.5 0.2 0.5 0 0.4 0.5 0.4 	0.5 4.15272 	
0.5 0.5 0 0.4 0.5 0 0.1 0.5 0.5 0.5 0.5 0.5 0.45 0 0.4 0 0.4 0.2 0.5 0.5 0.5 0.5 0.5 0.5 0.2 0.5 0 0.4 0.5 0.4 	0.5 4.18418 	
0.5 0.5 0 0.4 0.5 0 0.1 0.5 0.5 0.5 0.5 0.5 0.45 0 0.4 0 0.4 0.3 0.5 0.5 0.5 0.5 0.5 0.5 0.2 0.5 0 0.4 0.5 0.4 	0.5 4.21565 	
0.5 0.5 0 0.4 0.5 0 0.1 0.5 0.5 0.5 0.5 0.5 0.45 0 0.4 0 0.5 0.3 0.5 0.5 0.5 0.5 0.5 0.5 0.2 0.5 0 0.4 0.5 0.4 	0.5 4.2471 	
0.5 0.5 0 0.4 0.5 0 0.1 0.5 0.5 0.5 0.5 0.5 0.45 0 0.4 0 0.5 0.4 0.5 0.5 0.5 0.5 0.5 0.5 0.2 0.5 0 0.4 0.5 0.4 	0.5 4.27855 	
0.5 0.5 0 0.4 0.5 0 0.1 0.5 0.5 0.5 0.5 0.5 0.45 0 0.4 0 0.5 0.5 0.5 0.5 0.5 0.5 0.5 0.5 0.2 0.5 0 0.4 0.5 0.4 	0.5 4.31 	
0.5 0.5 0 0.4 0.5 0 0.1 0.5 0.5 0.5 0.5 0.5 0.45 0 0.4 0.1 0.5 0.5 0.5 0.5 0.5 0.5 0.5 0.5 0.2 0.5 0 0.4 0.5 0.4 	0.5 4.34144 	
0.5 0.5 0 0.4 0.5 0 0.1 0.5 0.5 0.5 0.5 0.5 0.45 0 0.4 0.2 0.5 0.5 0.5 0.5 0.5 0.5 0.5 0.5 0.2 0.5 0 0.4 0.5 0.4 	0.5 4.37287 	
0.5 0.5 0 0.4 0.5 0 0.1 0.5 0.5 0.5 0.5 0.5 0.45 0 0.4 0.3 0.5 0.5 0.5 0.5 0.5 0.5 0.5 0.5 0.2 0.5 0 0.4 0.5 0.4 	0.5 4.4043 	
0.5 0.5 0 0.4 0.5 0 0.1 0.5 0.5 0.5 0.5 0.5 0.5 0 0.4 0 0.4 0 0.5 0.5 0.5 0.5 0.5 0.5 0.2 0.5 0 0.4 0.5 0.4 	0.5 4.13698 	
0.5 0.5 0 0.4 0.5 0 0.1 0.5 0.5 0.5 0.5 0.5 0.5 0 0.4 0 0.4 0.05 0.5 0.5 0.5 0.5 0.5 0.5 0.2 0.5 0 0.4 0.5 0.4 	0.5 4.15272 	
0.5 0.5 0 0.4 0.5 0 0.1 0.5 0.5 0.5 0.5 0.5 0.5 0 0.4 0 0.4 0.1 0.5 0.5 0.5 0.5 0.5 0.45 0.2 0.5 0 0.4 0.5 0.4 	0.5 4.15272 	
0.5 0.5 0 0.4 0.5 0 0.1 0.5 0.5 0.5 0.5 0.5 0.5 0 0.4 0 0.4 0.1 0.5 0.5 0.5 0.5 0.5 0.5 0.2 0.5 0 0.4 0.5 0.4 	0.5 4.16845 	
0.5 0.5 0 0.4 0.5 0 0.1 0.5 0.5 0.5 0.5 0.5 0.5 0 0.4 0 0.4 0.15 0.5 0.5 0.5 0.5 0.5 0.5 0.2 0.5 0 0.4 0.5 0.4 	0.5 4.18418 	
0.5 0.5 0 0.4 0.5 0 0.1 0.5 0.5 0.5 0.5 0.5 0.5 0 0.4 0 0.4 0.2 0.5 0.5 0.5 0.5 0.5 0.45 0.2 0.5 0 0.4 0.5 0.4 	0.5 4.18418 	
0.5 0.5 0 0.4 0.5 0 0.1 0.5 0.5 0.5 0.5 0.5 0.5 0 0.4 0 0.4 0.2 0.5 0.5 0.5 0.5 0.5 0.5 0.2 0.5 0 0.4 0.5 0.4 	0.5 4.19992 	
0.5 0.5 0 0.4 0.5 0 0.1 0.5 0.5 0.5 0.5 0.5 0.5 0 0.4 0 0.4 0.25 0.5 0.5 0.5 0.5 0.5 0.5 0.2 0.5 0 0.4 0.5 0.4 	0.5 4.21565 	
0.5 0.5 0 0.4 0.5 0 0.1 0.5 0.5 0.5 0.5 0.5 0.5 0 0.4 0 0.4 0.3 0.5 0.5 0.5 0.5 0.5 0.45 0.2 0.5 0 0.4 0.5 0.4 	0.5 4.21565 	
0.5 0.5 0 0.4 0.5 0 0.1 0.5 0.5 0.5 0.5 0.5 0.5 0 0.4 0 0.4 0.3 0.5 0.5 0.5 0.5 0.5 0.5 0.2 0.5 0 0.4 0.5 0.4 	0.5 4.23138 	
0.5 0.5 0 0.4 0.5 0 0.1 0.5 0.5 0.5 0.5 0.5 0.5 0 0.4 0 0.4 0.35 0.5 0.5 0.5 0.5 0.5 0.5 0.2 0.5 0 0.4 0.5 0.4 	0.5 4.2471 	
0.5 0.5 0 0.4 0.5 0 0.1 0.5 0.5 0.5 0.5 0.5 0.5 0 0.4 0 0.45 0.1 0.5 0.5 0.5 0.5 0.5 0.5 0.2 0.5 0 0.4 0.5 0.4 	0.5 4.18418 	
0.5 0.5 0 0.4 0.5 0 0.1 0.5 0.5 0.5 0.5 0.5 0.5 0 0.4 0 0.45 0.2 0.5 0.5 0.5 0.5 0.5 0.5 0.2 0.5 0 0.4 0.5 0.4 	0.5 4.21565 	
0.5 0.5 0 0.4 0.5 0 0.1 0.5 0.5 0.5 0.5 0.5 0.5 0 0.4 0 0.45 0.3 0.5 0.5 0.5 0.5 0.5 0.5 0.2 0.5 0 0.4 0.5 0.4 	0.5 4.2471 	
0.5 0.5 0 0.4 0.5 0 0.1 0.5 0.5 0.5 0.5 0.5 0.5 0 0.4 0 0.5 0.3 0.5 0.5 0.5 0.5 0.45 0.5 0.2 0.5 0 0.4 0.5 0.4 	0.5 4.2471 	
0.5 0.5 0 0.4 0.5 0 0.1 0.5 0.5 0.5 0.5 0.5 0.5 0 0.4 0 0.5 0.3 0.5 0.5 0.5 0.5 0.5 0.5 0.2 0.5 0 0.4 0.5 0.4 	0.5 4.26283 	
0.5 0.5 0 0.4 0.5 0 0.1 0.5 0.5 0.5 0.5 0.5 0.5 0 0.4 0 0.5 0.3 0.5 0.5 0.5 0.5 0.55 0.5 0.2 0.5 0 0.4 0.5 0.4 	0.5 4.27855 	
0.5 0.5 0 0.4 0.5 0 0.1 0.5 0.5 0.5 0.5 0.5 0.5 0 0.4 0 0.5 0.3 0.5 0.5 0.55 0.5 0.5 0.5 0.2 0.5 0 0.4 0.5 0.4 	0.5 4.27855 	
0.5 0.5 0 0.4 0.5 0 0.1 0.5 0.5 0.5 0.5 0.5 0.5 0 0.4 0 0.5 0.3 0.55 0.5 0.5 0.5 0.5 0.5 0.2 0.5 0 0.4 0.5 0.4 	0.5 4.27855 	
0.5 0.5 0 0.4 0.5 0 0.1 0.5 0.5 0.5 0.5 0.5 0.5 0 0.4 0 0.5 0.35 0.5 0.5 0.5 0.5 0.5 0.5 0.2 0.5 0 0.4 0.5 0.4 	0.5 4.27855 	
0.5 0.5 0 0.4 0.5 0 0.1 0.5 0.5 0.5 0.5 0.5 0.5 0 0.4 0 0.5 0.4 0.5 0.5 0.5 0.5 0.5 0.45 0.2 0.5 0 0.4 0.5 0.4 	0.5 4.27855 	
0.5 0.5 0 0.4 0.5 0 0.1 0.5 0.5 0.5 0.5 0.5 0.5 0 0.4 0 0.5 0.4 0.5 0.5 0.5 0.5 0.5 0.5 0.2 0.5 0 0.4 0.5 0.4 	0.5 4.29428 	
0.5 0.5 0 0.4 0.5 0 0.1 0.5 0.5 0.5 0.5 0.5 0.5 0 0.4 0 0.5 0.45 0.5 0.5 0.5 0.5 0.5 0.5 0.2 0.5 0 0.4 0.5 0.4 	0.5 4.31 	
0.5 0.5 0 0.4 0.5 0 0.1 0.5 0.5 0.5 0.5 0.5 0.5 0 0.4 0 0.5 0.5 0.5 0.5 0.5 0.5 0.5 0.45 0.2 0.5 0 0.4 0.5 0.4 	0.5 4.31 	
0.5 0.5 0 0.4 0.5 0 0.1 0.5 0.5 0.5 0.5 0.5 0.5 0 0.4 0 0.5 0.5 0.5 0.5 0.5 0.5 0.5 0.5 0.2 0.5 0 0.4 0.5 0.4 	0.5 4.32572 	
0.5 0.5 0 0.4 0.5 0 0.1 0.5 0.5 0.5 0.5 0.5 0.5 0 0.4 0 0.5 0.55 0.5 0.5 0.5 0.5 0.5 0.5 0.2 0.5 0 0.4 0.5 0.4 	0.5 4.34144 	
0.5 0.5 0 0.4 0.5 0 0.1 0.5 0.5 0.5 0.5 0.5 0.5 0 0.4 0 0.55 0.4 0.5 0.5 0.5 0.5 0.5 0.5 0.2 0.5 0 0.4 0.5 0.4 	0.5 4.31 	
0.5 0.5 0 0.4 0.5 0 0.1 0.5 0.5 0.5 0.5 0.5 0.5 0 0.4 0 0.55 0.5 0.5 0.5 0.5 0.5 0.5 0.5 0.2 0.5 0 0.4 0.5 0.4 	0.5 4.34144 	
0.5 0.5 0 0.4 0.5 0 0.1 0.5 0.5 0.5 0.5 0.5 0.5 0 0.4 0.05 0.4 0.1 0.5 0.5 0.5 0.5 0.5 0.5 0.2 0.5 0 0.4 0.5 0.4 	0.5 4.18418 	
0.5 0.5 0 0.4 0.5 0 0.1 0.5 0.5 0.5 0.5 0.5 0.5 0 0.4 0.05 0.4 0.2 0.5 0.5 0.5 0.5 0.5 0.5 0.2 0.5 0 0.4 0.5 0.4 	0.5 4.21565 	
0.5 0.5 0 0.4 0.5 0 0.1 0.5 0.5 0.5 0.5 0.5 0.5 0 0.4 0.05 0.4 0.3 0.5 0.5 0.5 0.5 0.5 0.5 0.2 0.5 0 0.4 0.5 0.4 	0.5 4.2471 	
0.5 0.5 0 0.4 0.5 0 0.1 0.5 0.5 0.5 0.5 0.5 0.5 0 0.4 0.05 0.5 0.4 0.5 0.5 0.5 0.5 0.5 0.5 0.2 0.5 0 0.4 0.5 0.4 	0.5 4.31 	
0.5 0.5 0 0.4 0.5 0 0.1 0.5 0.5 0.5 0.5 0.5 0.5 0 0.4 0.05 0.5 0.5 0.5 0.5 0.5 0.5 0.5 0.5 0.2 0.5 0 0.4 0.5 0.4 	0.5 4.34144 	
0.5 0.5 0 0.4 0.5 0 0.1 0.5 0.5 0.5 0.5 0.5 0.5 0 0.4 0.1 0.5 0.5 0.5 0.5 0.5 0.45 0.5 0.5 0.2 0.5 0 0.4 0.5 0.4 	0.5 4.34144 	
0.5 0.5 0 0.4 0.5 0 0.1 0.5 0.5 0.5 0.5 0.5 0.5 0 0.4 0.1 0.5 0.5 0.5 0.5 0.5 0.5 0.5 0.5 0.2 0.5 0 0.4 0.5 0.4 	0.5 4.35715 	
0.5 0.5 0 0.4 0.5 0 0.1 0.5 0.5 0.5 0.5 0.5 0.5 0 0.4 0.1 0.5 0.5 0.5 0.5 0.5 0.5 0.5 0.55 0.2 0.5 0 0.4 0.5 0.4 	0.5 4.37287 	
0.5 0.5 0 0.4 0.5 0 0.1 0.5 0.5 0.5 0.5 0.5 0.5 0 0.4 0.1 0.5 0.5 0.5 0.5 0.5 0.55 0.5 0.5 0.2 0.5 0 0.4 0.5 0.4 	0.5 4.37287 	
0.5 0.5 0 0.4 0.5 0 0.1 0.5 0.5 0.5 0.5 0.5 0.5 0 0.4 0.1 0.5 0.5 0.5 0.55 0.5 0.5 0.5 0.5 0.2 0.5 0 0.4 0.5 0.4 	0.5 4.37287 	
0.5 0.5 0 0.4 0.5 0 0.1 0.5 0.5 0.5 0.5 0.5 0.5 0 0.4 0.15 0.5 0.5 0.5 0.5 0.5 0.5 0.5 0.5 0.2 0.5 0 0.4 0.5 0.4 	0.5 4.37287 	
0.5 0.5 0 0.4 0.5 0 0.1 0.5 0.5 0.5 0.5 0.5 0.5 0 0.4 0.2 0.5 0.5 0.5 0.5 0.5 0.45 0.5 0.5 0.2 0.5 0 0.4 0.5 0.4 	0.5 4.37287 	
0.5 0.5 0 0.4 0.5 0 0.1 0.5 0.5 0.5 0.5 0.5 0.5 0 0.4 0.2 0.5 0.5 0.5 0.5 0.5 0.5 0.5 0.5 0.2 0.5 0 0.4 0.5 0.4 	0.5 4.38858 	
0.5 0.5 0 0.4 0.5 0 0.1 0.5 0.5 0.5 0.5 0.5 0.5 0 0.4 0.2 0.5 0.5 0.5 0.5 0.5 0.5 0.5 0.55 0.2 0.5 0 0.4 0.5 0.4 	0.5 4.4043 	
0.5 0.5 0 0.4 0.5 0 0.1 0.5 0.5 0.5 0.5 0.5 0.5 0 0.4 0.2 0.5 0.5 0.5 0.5 0.5 0.55 0.5 0.5 0.2 0.5 0 0.4 0.5 0.4 	0.5 4.4043 	
0.5 0.5 0 0.4 0.5 0 0.1 0.5 0.5 0.5 0.5 0.5 0.5 0 0.4 0.2 0.5 0.5 0.5 0.55 0.5 0.5 0.5 0.5 0.2 0.5 0 0.4 0.5 0.4 	0.5 4.4043 	
0.5 0.5 0 0.4 0.5 0 0.1 0.5 0.5 0.5 0.5 0.5 0.5 0 0.4 0.25 0.5 0.5 0.5 0.5 0.5 0.5 0.5 0.5 0.2 0.5 0 0.4 0.5 0.4 	0.5 4.4043 	
0.5 0.5 0 0.4 0.5 0 0.1 0.5 0.5 0.5 0.5 0.5 0.5 0 0.4 0.3 0.5 0.5 0.5 0.5 0.5 0.45 0.5 0.5 0.2 0.5 0 0.4 0.5 0.4 	0.5 4.4043 	
0.5 0.5 0 0.4 0.5 0 0.1 0.5 0.5 0.5 0.5 0.5 0.5 0 0.4 0.3 0.5 0.5 0.5 0.5 0.5 0.5 0.5 0.5 0.2 0.5 0 0.4 0.5 0.4 	0.5 4.42001 	
0.5 0.5 0 0.4 0.5 0 0.1 0.5 0.5 0.5 0.5 0.5 0.5 0 0.4 0.3 0.5 0.5 0.5 0.5 0.5 0.5 0.5 0.55 0.2 0.5 0 0.4 0.5 0.4 	0.5 4.43572 	
0.5 0.5 0 0.4 0.5 0 0.1 0.5 0.5 0.5 0.5 0.5 0.5 0 0.4 0.3 0.5 0.5 0.5 0.5 0.5 0.55 0.5 0.5 0.2 0.5 0 0.4 0.5 0.4 	0.5 4.43572 	
0.5 0.5 0 0.4 0.5 0 0.1 0.5 0.5 0.5 0.5 0.5 0.5 0 0.4 0.3 0.5 0.5 0.5 0.55 0.5 0.5 0.5 0.5 0.2 0.5 0 0.4 0.5 0.4 	0.5 4.43572 	
0.5 0.5 0 0.4 0.5 0 0.1 0.5 0.5 0.5 0.5 0.55 0.5 0 0.4 0 0.4 0 0.5 0.5 0.5 0.5 0.5 0.5 0.2 0.5 0 0.4 0.5 0.4 	0.5 4.15272 	
0.5 0.5 0 0.4 0.5 0 0.1 0.5 0.5 0.5 0.55 0.5 0.5 0 0.4 0 0.4 0.1 0.5 0.5 0.5 0.5 0.5 0.5 0.2 0.5 0 0.4 0.5 0.4 	0.5 4.18418 	
0.5 0.5 0 0.4 0.5 0 0.1 0.5 0.5 0.5 0.55 0.5 0.5 0 0.4 0 0.4 0.2 0.5 0.5 0.5 0.5 0.5 0.5 0.2 0.5 0 0.4 0.5 0.4 	0.5 4.21565 	
0.5 0.5 0 0.4 0.5 0 0.1 0.5 0.5 0.5 0.55 0.5 0.5 0 0.4 0 0.4 0.3 0.5 0.5 0.5 0.5 0.5 0.5 0.2 0.5 0 0.4 0.5 0.4 	0.5 4.2471 	
0.5 0.5 0 0.4 0.5 0 0.1 0.5 0.5 0.5 0.55 0.5 0.5 0 0.4 0 0.5 0.4 0.5 0.5 0.5 0.5 0.5 0.5 0.2 0.5 0 0.4 0.5 0.4 	0.5 4.31 	
0.5 0.5 0 0.4 0.5 0 0.1 0.5 0.5 0.5 0.55 0.5 0.5 0 0.4 0 0.5 0.5 0.5 0.5 0.5 0.5 0.5 0.5 0.2 0.5 0 0.4 0.5 0.4 	0.5 4.34144 	
0.5 0.5 0 0.4 0.5 0 0.1 0.5 0.55 0.5 0.5 0.5 0.5 0 0.4 0 0.4 0 0.5 0.5 0.5 0.5 0.5 0.5 0.2 0.5 0 0.4 0.5 0.4 	0.5 4.15272 	
0.5 0.5 0 0.4 0.55 0 0.1 0.5 0.5 0.5 0.5 0.5 0.5 0 0.4 0 0.4 0 0.5 0.5 0.5 0.5 0.5 0.5 0.2 0.5 0 0.4 0.5 0.4 	0.5 4.15272 	
0.5 0.5 0 0.45 0.5 0 0.1 0.5 0.5 0.5 0.5 0.5 0.5 0 0.4 0.3 0.5 0.5 0.5 0.5 0.5 0.5 0.5 0.5 0.2 0.5 0 0.4 0.5 0.4 	0.5 4.43572 	
0.5 0.5 0 0.5 0.5 0 0.1 0.5 0.5 0.5 0.5 0.5 0.45 0 0.4 0.4 0.5 0.5 0.5 0.5 0.5 0.5 0.5 0.5 0.2 0.5 0 0.4 0.5 0.4 	0.5 4.46713 	
0.5 0.5 0 0.5 0.5 0 0.1 0.5 0.5 0.5 0.5 0.5 0.45 0 0.4 0.5 0.5 0.5 0.5 0.5 0.5 0.5 0.5 0.5 0.2 0.5 0 0.4 0.5 0.4 	0.5 4.49854 	
0.5 0.5 0 0.5 0.5 0 0.1 0.5 0.5 0.5 0.5 0.5 0.5 0 0.4 0.3 0.5 0.5 0.5 0.5 0.5 0.45 0.5 0.5 0.2 0.5 0 0.4 0.5 0.4 	0.5 4.43572 	
0.5 0.5 0 0.5 0.5 0 0.1 0.5 0.5 0.5 0.5 0.5 0.5 0 0.4 0.3 0.5 0.5 0.5 0.5 0.5 0.5 0.45 0.5 0.2 0.5 0 0.4 0.5 0.4 	0.5 4.43572 	
0.5 0.5 0 0.5 0.5 0 0.1 0.5 0.5 0.5 0.5 0.5 0.5 0 0.4 0.3 0.5 0.5 0.5 0.5 0.5 0.5 0.5 0.5 0.2 0.5 0 0.4 0.5 0.4 	0.5 4.45143 	
0.5 0.5 0 0.5 0.5 0 0.1 0.5 0.5 0.5 0.5 0.5 0.5 0 0.4 0.3 0.5 0.5 0.5 0.5 0.55 0.5 0.5 0.5 0.2 0.5 0 0.4 0.5 0.4 	0.5 4.46713 	
0.5 0.5 0 0.5 0.5 0 0.1 0.5 0.5 0.5 0.5 0.5 0.5 0 0.4 0.35 0.5 0.5 0.5 0.5 0.5 0.5 0.5 0.5 0.2 0.5 0 0.4 0.5 0.4 	0.5 4.46713 	
0.5 0.5 0 0.5 0.5 0 0.1 0.5 0.5 0.5 0.5 0.5 0.5 0 0.4 0.4 0.5 0.5 0.5 0.5 0.5 0.45 0.5 0.5 0.2 0.5 0 0.4 0.5 0.4 	0.5 4.46713 	
0.5 0.5 0 0.5 0.5 0 0.1 0.5 0.5 0.5 0.5 0.5 0.5 0 0.4 0.4 0.5 0.5 0.5 0.5 0.5 0.5 0.5 0.5 0.2 0.5 0 0.4 0.5 0.4 	0.5 4.48284 	
0.5 0.5 0 0.5 0.5 0 0.1 0.5 0.5 0.5 0.5 0.5 0.5 0 0.4 0.4 0.5 0.5 0.5 0.5 0.5 0.5 0.5 0.55 0.2 0.5 0 0.4 0.5 0.4 	0.5 4.49854 	
0.5 0.5 0 0.5 0.5 0 0.1 0.5 0.5 0.5 0.5 0.5 0.5 0 0.4 0.4 0.5 0.5 0.5 0.5 0.5 0.55 0.5 0.5 0.2 0.5 0 0.4 0.5 0.4 	0.5 4.49854 	
0.5 0.5 0 0.5 0.5 0 0.1 0.5 0.5 0.5 0.5 0.5 0.5 0 0.4 0.4 0.5 0.5 0.5 0.55 0.5 0.5 0.5 0.5 0.2 0.5 0 0.4 0.5 0.4 	0.5 4.49854 	
0.5 0.5 0 0.5 0.5 0 0.1 0.5 0.5 0.5 0.5 0.5 0.5 0 0.4 0.45 0.5 0.5 0.5 0.5 0.5 0.5 0.5 0.5 0.2 0.5 0 0.4 0.5 0.4 	0.5 4.49854 	
0.5 0.5 0 0.5 0.5 0 0.1 0.5 0.5 0.5 0.5 0.5 0.5 0 0.4 0.5 0.5 0.5 0.5 0.5 0.5 0.45 0.5 0.5 0.2 0.5 0 0.4 0.5 0.4 	0.5 4.49854 	
0.5 0.5 0 0.5 0.5 0 0.1 0.5 0.5 0.5 0.5 0.5 0.5 0 0.4 0.5 0.5 0.5 0.5 0.5 0.5 0.5 0.5 0.5 0.2 0.5 0 0.4 0.5 0.4 	0.5 4.51425 	
0.5 0.5 0 0.5 0.5 0 0.1 0.5 0.5 0.5 0.5 0.5 0.5 0 0.4 0.5 0.5 0.5 0.5 0.5 0.5 0.5 0.5 0.55 0.2 0.5 0 0.4 0.5 0.4 	0.5 4.52995 	
0.5 0.5 0 0.5 0.5 0 0.1 0.5 0.5 0.5 0.5 0.5 0.5 0 0.4 0.5 0.5 0.5 0.5 0.5 0.5 0.55 0.5 0.5 0.2 0.5 0 0.4 0.5 0.4 	0.5 4.52995 	
0.5 0.5 0 0.5 0.5 0 0.1 0.5 0.5 0.5 0.5 0.5 0.5 0 0.4 0.5 0.5 0.5 0.5 0.55 0.5 0.5 0.5 0.5 0.2 0.5 0 0.4 0.5 0.4 	0.5 4.52995 	
0.5 0.5 0.05 0.4 0.5 0 0.1 0.5 0.5 0.5 0.4 0.5 0.5 0 0.4 0 0.4 0 0.5 0.5 0.5 0.5 0.5 0.5 0.2 0.5 0 0.4 0.5 0.4 	0.5 4.12124 	
0.5 0.5 0.05 0.5 0.5 0 0.1 0.5 0.5 0.5 0.5 0.5 0.5 0 0.4 0.3 0.5 0.5 0.5 0.5 0.5 0.5 0.5 0.5 0.2 0.5 0 0.4 0.5 0.4 	0.5 4.46713 	
0.5 0.5 0.05 0.5 0.5 0 0.1 0.5 0.5 0.5 0.5 0.5 0.5 0 0.4 0.5 0.5 0.5 0.5 0.5 0.5 0.5 0.5 0.5 0.2 0.5 0 0.4 0.5 0.4 	0.5 4.52995 	
0.5 0.5 0.1 0.5 0.5 0 0.1 0.5 0.5 0.5 0.5 0.5 0.5 0 0.4 0.5 0.5 0.5 0.5 0.5 0.45 0.5 0.5 0.5 0.2 0.5 0 0.4 0.5 0.4 	0.5 4.52995 	
0.5 0.5 0.1 0.5 0.5 0 0.1 0.5 0.5 0.5 0.5 0.5 0.5 0 0.4 0.5 0.5 0.5 0.5 0.5 0.5 0.45 0.5 0.5 0.2 0.5 0 0.4 0.5 0.4 	0.5 4.52995 	
0.5 0.5 0.1 0.5 0.5 0 0.1 0.5 0.5 0.5 0.5 0.5 0.5 0 0.4 0.5 0.5 0.5 0.5 0.5 0.5 0.5 0.5 0.5 0.2 0.5 0 0.4 0.5 0.4 	0.5 4.54565 	
0.5 0.5 0.1 0.5 0.5 0 0.1 0.5 0.5 0.5 0.5 0.5 0.5 0 0.4 0.5 0.5 0.5 0.5 0.5 0.5 0.55 0.5 0.5 0.2 0.5 0 0.4 0.5 0.4 	0.5 4.56135 	
0.5 0.5 0.1 0.55 0.5 0 0.1 0.5 0.5 0.5 0.5 0.5 0.5 0 0.4 0.5 0.5 0.5 0.5 0.5 0.5 0.5 0.5 0.5 0.2 0.5 0 0.4 0.5 0.4 	0.5 4.56135 	
0.5 0.5 0.15 0.5 0.5 0 0.1 0.5 0.5 0.5 0.5 0.5 0.5 0 0.4 0.5 0.5 0.5 0.5 0.5 0.5 0.5 0.5 0.5 0.2 0.5 0 0.4 0.5 0.4 	0.5 4.56135 	
0.5 0.5 0.2 0.5 0.5 0 0.1 0.5 0.5 0.5 0.5 0.5 0.5 0 0.4 0.5 0.5 0.5 0.5 0.5 0.45 0.5 0.5 0.5 0.2 0.5 0 0.4 0.5 0.4 	0.5 4.56135 	
0.5 0.5 0.2 0.5 0.5 0 0.1 0.5 0.5 0.5 0.5 0.5 0.5 0 0.4 0.5 0.5 0.5 0.5 0.5 0.5 0.45 0.5 0.5 0.2 0.5 0 0.4 0.5 0.4 	0.5 4.56135 	
0.5 0.5 0.2 0.5 0.5 0 0.1 0.5 0.5 0.5 0.5 0.5 0.5 0 0.4 0.5 0.5 0.5 0.5 0.5 0.5 0.5 0.5 0.5 0.2 0.5 0 0.4 0.5 0.4 	0.5 4.57705 	
0.5 0.5 0.2 0.5 0.5 0 0.1 0.5 0.5 0.5 0.5 0.5 0.5 0 0.4 0.5 0.5 0.5 0.5 0.5 0.5 0.55 0.5 0.5 0.2 0.5 0 0.4 0.5 0.4 	0.5 4.59275 	
0.5 0.5 0.2 0.55 0.5 0 0.1 0.5 0.5 0.5 0.5 0.5 0.5 0 0.4 0.5 0.5 0.5 0.5 0.5 0.5 0.5 0.5 0.5 0.2 0.5 0 0.4 0.5 0.4 	0.5 4.59275 	
0.5 0.5 0.25 0.5 0.5 0 0.1 0.5 0.5 0.5 0.5 0.5 0.5 0 0.4 0.5 0.5 0.5 0.5 0.5 0.5 0.5 0.5 0.5 0.2 0.5 0 0.4 0.5 0.4 	0.5 4.59275 	
0.5 0.5 0.3 0.45 0.5 0 0.2 0.5 0.5 0.5 0.5 0.5 0.5 0 0.4 0.5 0.5 0.5 0.5 0.5 0.5 0.5 0.5 0.5 0.2 0.5 0 0.4 0.5 0.4 	0.5 4.62414 	
0.5 0.5 0.3 0.5 0.5 0 0.1 0.5 0.5 0.5 0.5 0.5 0.5 0 0.4 0.5 0.5 0.5 0.5 0.5 0.45 0.5 0.5 0.5 0.2 0.5 0 0.4 0.5 0.4 	0.5 4.59275 	
0.5 0.5 0.3 0.5 0.5 0 0.1 0.5 0.5 0.5 0.5 0.5 0.5 0 0.4 0.5 0.5 0.5 0.5 0.5 0.5 0.45 0.5 0.5 0.2 0.5 0 0.4 0.5 0.4 	0.5 4.59275 	
0.5 0.5 0.3 0.5 0.5 0 0.1 0.5 0.5 0.5 0.5 0.5 0.5 0 0.4 0.5 0.5 0.5 0.5 0.5 0.5 0.5 0.5 0.5 0.2 0.5 0 0.4 0.5 0.4 	0.5 4.60844 	
0.5 0.5 0.3 0.5 0.5 0 0.1 0.5 0.5 0.5 0.5 0.5 0.5 0 0.4 0.5 0.5 0.5 0.5 0.5 0.5 0.55 0.5 0.5 0.2 0.5 0 0.4 0.5 0.4 	0.5 4.62414 	
0.5 0.5 0.3 0.5 0.5 0 0.15 0.5 0.5 0.5 0.5 0.5 0.5 0 0.4 0.5 0.5 0.5 0.5 0.5 0.5 0.5 0.5 0.5 0.2 0.5 0 0.4 0.5 0.4 	0.5 4.62414 	
0.5 0.5 0.3 0.5 0.5 0 0.2 0.5 0.5 0.5 0.5 0.5 0.5 0 0.4 0.5 0.5 0.45 0.5 0.5 0.5 0.5 0.5 0.5 0.2 0.5 0 0.4 0.5 0.4 	0.5 4.62414 	
0.5 0.5 0.3 0.5 0.5 0 0.2 0.5 0.5 0.5 0.5 0.5 0.5 0 0.4 0.5 0.5 0.5 0.5 0.5 0.5 0.5 0.5 0.5 0.2 0.5 0 0.35 0.5 0.4 	0.5 4.62414 	
0.5 0.5 0.3 0.5 0.5 0 0.2 0.5 0.5 0.5 0.5 0.5 0.5 0 0.4 0.5 0.5 0.5 0.5 0.5 0.5 0.5 0.5 0.5 0.2 0.5 0 0.4 0.5 0.4 	0.5 4.63983 	
0.5 0.5 0.3 0.5 0.5 0 0.2 0.5 0.5 0.5 0.5 0.5 0.5 0 0.4 0.5 0.5 0.5 0.5 0.5 0.5 0.5 0.5 0.5 0.2 0.55 0 0.4 0.5 0.4 	0.5 4.65553 	
0.5 0.5 0.3 0.5 0.5 0 0.2 0.5 0.5 0.5 0.5 0.5 0.5 0 0.4 0.5 0.55 0.5 0.5 0.5 0.5 0.5 0.5 0.5 0.2 0.5 0 0.4 0.5 0.4 	0.5 4.65553 	
0.5 0.5 0.35 0.5 0.5 0 0.1 0.5 0.5 0.5 0.5 0.5 0.5 0 0.4 0.5 0.5 0.5 0.5 0.5 0.5 0.5 0.5 0.5 0.2 0.5 0 0.4 0.5 0.4 	0.5 4.62414 	
0.5 0.5 0.35 0.5 0.5 0 0.2 0.5 0.5 0.5 0.5 0.5 0.5 0 0.4 0.5 0.5 0.5 0.5 0.5 0.5 0.5 0.5 0.5 0.2 0.5 0 0.4 0.5 0.4 	0.5 4.65553 	
0.5 0.5 0.4 0.5 0.5 0 0.2 0.5 0.5 0.5 0.5 0.5 0.5 0 0.4 0.5 0.5 0.5 0.5 0.5 0.45 0.5 0.5 0.5 0.2 0.5 0 0.4 0.5 0.4 	0.5 4.65553 	
0.5 0.5 0.4 0.5 0.5 0 0.2 0.5 0.5 0.5 0.5 0.5 0.5 0 0.4 0.5 0.5 0.5 0.5 0.5 0.5 0.45 0.5 0.5 0.2 0.5 0 0.4 0.5 0.4 	0.5 4.65553 	
0.5 0.5 0.4 0.5 0.5 0 0.2 0.5 0.5 0.5 0.5 0.5 0.5 0 0.4 0.5 0.5 0.5 0.5 0.5 0.5 0.5 0.5 0.5 0.2 0.5 0 0.4 0.5 0.4 	0.5 4.67122 	
0.5 0.5 0.4 0.5 0.5 0 0.2 0.5 0.5 0.5 0.5 0.5 0.5 0 0.4 0.5 0.5 0.5 0.5 0.5 0.5 0.55 0.5 0.5 0.2 0.5 0 0.4 0.5 0.4 	0.5 4.68691 	
0.5 0.5 0.4 0.55 0.5 0 0.2 0.5 0.5 0.5 0.5 0.5 0.5 0 0.4 0.5 0.5 0.5 0.5 0.5 0.5 0.5 0.5 0.5 0.2 0.5 0 0.4 0.5 0.4 	0.5 4.68691 	
0.5 0.5 0.45 0.5 0.5 0 0.2 0.5 0.5 0.5 0.5 0.5 0.5 0 0.4 0.5 0.5 0.5 0.5 0.5 0.5 0.5 0.5 0.5 0.2 0.5 0 0.4 0.5 0.4 	0.5 4.68691 	
0.5 0.5 0.45 0.5 0.5 0.3 0.2 0.5 0.5 0.5 0.5 0.5 0.5 0 0.5 0.5 0.5 0.5 0.5 0.5 0.5 0.5 0.5 0.5 0.2 0.5 0 0.4 0.5 0.4 	0.5 4.81239 	
0.5 0.5 0.45 0.5 0.5 0.5 0.2 0.5 0.5 0.5 0.5 0.5 0.5 0.1 0.5 0.5 0.5 0.5 0.5 0.5 0.5 0.5 0.5 0.5 0.2 0.5 0 0.4 0.5 0.4 	0.5 4.90646 	
0.5 0.5 0.45 0.5 0.5 0.5 0.2 0.5 0.5 0.5 0.5 0.5 0.5 0.2 0.5 0.5 0.5 0.5 0.5 0.5 0.5 0.5 0.5 0.5 0.2 0.5 0 0.4 0.5 0.4 	0.5 4.93781 	
0.5 0.5 0.45 0.5 0.5 0.5 0.2 0.5 0.5 0.5 0.5 0.5 0.5 0.3 0.5 0.5 0.5 0.5 0.5 0.5 0.5 0.5 0.5 0.5 0.2 0.5 0 0.4 0.5 0.4 	0.5 4.96915 	
0.5 0.5 0.45 0.5 0.5 0.5 0.2 0.5 0.5 0.5 0.5 0.5 0.5 0.4 0.5 0.5 0.5 0.5 0.5 0.5 0.5 0.5 0.5 0.5 0.2 0.5 0 0.5 0.5 0.4 	0.5 5.03183 	
0.5 0.5 0.45 0.5 0.5 0.5 0.2 0.5 0.5 0.5 0.5 0.5 0.5 0.5 0.5 0.5 0.5 0.5 0.5 0.5 0.5 0.5 0.5 0.5 0.2 0.5 0 0.5 0.5 0.4 	0.5 5.06317 	
0.5 0.5 0.5 0.45 0.5 0.1 0.2 0.5 0.5 0.5 0.5 0.5 0.5 0 0.4 0.5 0.5 0.5 0.5 0.5 0.5 0.5 0.5 0.5 0.2 0.5 0 0.4 0.5 0.4 	0.5 4.71829 	
0.5 0.5 0.5 0.45 0.5 0.2 0.2 0.5 0.5 0.5 0.5 0.5 0.5 0 0.4 0.5 0.5 0.5 0.5 0.5 0.5 0.5 0.5 0.5 0.2 0.5 0 0.4 0.5 0.4 	0.5 4.74966 	
0.5 0.5 0.5 0.45 0.5 0.3 0.2 0.5 0.5 0.5 0.5 0.5 0.5 0 0.4 0.5 0.5 0.5 0.5 0.5 0.5 0.5 0.5 0.5 0.2 0.5 0 0.4 0.5 0.4 	0.5 4.78103 	
0.5 0.5 0.5 0.45 0.5 0.4 0.2 0.5 0.5 0.5 0.5 0.5 0.5 0 0.5 0.5 0.5 0.5 0.5 0.5 0.5 0.5 0.5 0.5 0.2 0.5 0 0.4 0.5 0.4 	0.5 4.84375 	
0.5 0.5 0.5 0.45 0.5 0.5 0.2 0.5 0.5 0.5 0.5 0.5 0.5 0 0.5 0.5 0.5 0.5 0.5 0.5 0.5 0.5 0.5 0.5 0.2 0.5 0 0.4 0.5 0.4 	0.5 4.87511 	
0.5 0.5 0.5 0.5 0.5 0 0.2 0.5 0.5 0.5 0.5 0.5 0.5 0 0.4 0.5 0.5 0.5 0.5 0.5 0.45 0.5 0.5 0.5 0.2 0.5 0 0.4 0.5 0.4 	0.5 4.68691 	
0.5 0.5 0.5 0.5 0.5 0 0.2 0.5 0.5 0.5 0.5 0.5 0.5 0 0.4 0.5 0.5 0.5 0.5 0.5 0.5 0.45 0.5 0.5 0.2 0.5 0 0.4 0.5 0.4 	0.5 4.68691 	
0.5 0.5 0.5 0.5 0.5 0 0.2 0.5 0.5 0.5 0.5 0.5 0.5 0 0.4 0.5 0.5 0.5 0.5 0.5 0.5 0.5 0.5 0.5 0.2 0.5 0 0.4 0.5 0.4 	0.5 4.7026 	
0.5 0.5 0.5 0.5 0.5 0 0.2 0.5 0.5 0.5 0.5 0.5 0.5 0 0.4 0.5 0.5 0.5 0.5 0.5 0.5 0.55 0.5 0.5 0.2 0.5 0 0.4 0.5 0.4 	0.5 4.71829 	
0.5 0.5 0.5 0.5 0.5 0.05 0.2 0.5 0.5 0.5 0.5 0.5 0.5 0 0.4 0.5 0.5 0.5 0.5 0.5 0.5 0.5 0.5 0.5 0.2 0.5 0 0.4 0.5 0.4 	0.5 4.71829 	
0.5 0.5 0.5 0.5 0.5 0.1 0.2 0.5 0.5 0.5 0.5 0.5 0.5 0 0.4 0.5 0.45 0.5 0.5 0.5 0.5 0.5 0.5 0.5 0.2 0.5 0 0.4 0.5 0.4 	0.5 4.71829 	
0.5 0.5 0.5 0.5 0.5 0.1 0.2 0.5 0.5 0.5 0.5 0.5 0.5 0 0.4 0.5 0.5 0.5 0.5 0.5 0.5 0.5 0.5 0.5 0.2 0.45 0 0.4 0.5 0.4 	0.5 4.71829 	
0.5 0.5 0.5 0.5 0.5 0.1 0.2 0.5 0.5 0.5 0.5 0.5 0.5 0 0.4 0.5 0.5 0.5 0.5 0.5 0.5 0.5 0.5 0.5 0.2 0.5 0 0.4 0.5 0.4 	0.5 4.73397 	
0.5 0.5 0.5 0.5 0.5 0.1 0.2 0.5 0.5 0.5 0.5 0.5 0.5 0 0.4 0.5 0.5 0.5 0.5 0.5 0.5 0.5 0.5 0.5 0.2 0.5 0.05 0.4 0.5 0.4 	0.5 4.74966 	
0.5 0.5 0.5 0.5 0.5 0.1 0.2 0.5 0.5 0.5 0.5 0.5 0.5 0 0.4 0.5 0.5 0.55 0.5 0.5 0.5 0.5 0.5 0.5 0.2 0.5 0 0.4 0.5 0.4 	0.5 4.74966 	
0.5 0.5 0.5 0.5 0.5 0.15 0.2 0.5 0.5 0.5 0.5 0.5 0.5 0 0.4 0.5 0.5 0.5 0.5 0.5 0.5 0.5 0.5 0.5 0.2 0.5 0 0.4 0.5 0.4 	0.5 4.74966 	
0.5 0.5 0.5 0.5 0.5 0.2 0.2 0.5 0.5 0.5 0.5 0.5 0.5 0 0.4 0.5 0.45 0.5 0.5 0.5 0.5 0.5 0.5 0.5 0.2 0.5 0 0.4 0.5 0.4 	0.5 4.74966 	
0.5 0.5 0.5 0.5 0.5 0.2 0.2 0.5 0.5 0.5 0.5 0.5 0.5 0 0.4 0.5 0.5 0.5 0.5 0.5 0.5 0.5 0.5 0.5 0.2 0.45 0 0.4 0.5 0.4 	0.5 4.74966 	
0.5 0.5 0.5 0.5 0.5 0.2 0.2 0.5 0.5 0.5 0.5 0.5 0.5 0 0.4 0.5 0.5 0.5 0.5 0.5 0.5 0.5 0.5 0.5 0.2 0.5 0 0.4 0.5 0.4 	0.5 4.76534 	
0.5 0.5 0.5 0.5 0.5 0.2 0.2 0.5 0.5 0.5 0.5 0.5 0.5 0 0.4 0.5 0.5 0.5 0.5 0.5 0.5 0.5 0.5 0.5 0.2 0.5 0.05 0.4 0.5 0.4 	0.5 4.78103 	
0.5 0.5 0.5 0.5 0.5 0.2 0.2 0.5 0.5 0.5 0.5 0.5 0.5 0 0.4 0.5 0.5 0.55 0.5 0.5 0.5 0.5 0.5 0.5 0.2 0.5 0 0.4 0.5 0.4 	0.5 4.78103 	
0.5 0.5 0.5 0.5 0.5 0.25 0.2 0.5 0.5 0.5 0.5 0.5 0.5 0 0.4 0.5 0.5 0.5 0.5 0.5 0.5 0.5 0.5 0.5 0.2 0.5 0 0.4 0.5 0.4 	0.5 4.78103 	
0.5 0.5 0.5 0.5 0.5 0.3 0.2 0.5 0.5 0.5 0.5 0.5 0.5 0 0.4 0.5 0.45 0.5 0.5 0.5 0.5 0.5 0.5 0.5 0.2 0.5 0 0.4 0.5 0.4 	0.5 4.78103 	
0.5 0.5 0.5 0.5 0.5 0.3 0.2 0.5 0.5 0.5 0.5 0.5 0.5 0 0.4 0.5 0.5 0.5 0.5 0.5 0.5 0.5 0.5 0.5 0.2 0.45 0 0.4 0.5 0.4 	0.5 4.78103 	
0.5 0.5 0.5 0.5 0.5 0.3 0.2 0.5 0.5 0.5 0.5 0.5 0.5 0 0.4 0.5 0.5 0.5 0.5 0.5 0.5 0.5 0.5 0.5 0.2 0.5 0 0.4 0.5 0.4 	0.5 4.79671 	
0.5 0.5 0.5 0.5 0.5 0.3 0.2 0.5 0.5 0.5 0.5 0.5 0.5 0 0.4 0.5 0.5 0.5 0.5 0.5 0.5 0.5 0.5 0.5 0.2 0.5 0.05 0.4 0.5 0.4 	0.5 4.81239 	
0.5 0.5 0.5 0.5 0.5 0.3 0.2 0.5 0.5 0.5 0.5 0.5 0.5 0 0.4 0.5 0.5 0.55 0.5 0.5 0.5 0.5 0.5 0.5 0.2 0.5 0 0.4 0.5 0.4 	0.5 4.81239 	
0.5 0.5 0.5 0.5 0.5 0.3 0.2 0.5 0.5 0.5 0.5 0.5 0.5 0 0.45 0.5 0.5 0.5 0.5 0.5 0.5 0.5 0.5 0.5 0.2 0.5 0 0.4 0.5 0.4 	0.5 4.81239 	
0.5 0.5 0.5 0.5 0.5 0.3 0.2 0.5 0.5 0.5 0.5 0.5 0.5 0 0.5 0.5 0.5 0.5 0.5 0.5 0.5 0.5 0.5 0.5 0.2 0.5 0 0.4 0.5 0.4 	0.5 4.82807 	
0.5 0.5 0.5 0.5 0.5 0.3 0.2 0.5 0.5 0.5 0.5 0.5 0.5 0 0.5 0.5 0.5 0.5 0.5 0.5 0.5 0.5 0.5 0.5 0.2 0.5 0.05 0.4 0.5 0.4 	0.5 4.84375 	
0.5 0.5 0.5 0.5 0.5 0.3 0.2 0.5 0.5 0.5 0.5 0.5 0.5 0 0.5 0.5 0.5 0.5 0.5 0.5 0.5 0.5 0.5 0.5 0.2 0.55 0 0.4 0.5 0.4 	0.5 4.84375 	
0.5 0.5 0.5 0.5 0.5 0.3 0.2 0.5 0.5 0.5 0.55 0.5 0.5 0 0.5 0.5 0.5 0.5 0.5 0.5 0.5 0.5 0.5 0.5 0.2 0.5 0 0.4 0.5 0.4 	0.5 4.84375 	
0.5 0.5 0.5 0.5 0.5 0.35 0.2 0.5 0.5 0.5 0.5 0.5 0.5 0 0.5 0.5 0.5 0.5 0.5 0.5 0.5 0.5 0.5 0.5 0.2 0.5 0 0.4 0.5 0.4 	0.5 4.84375 	
0.5 0.5 0.5 0.5 0.5 0.4 0.2 0.5 0.5 0.5 0.5 0.5 0.5 0 0.5 0.5 0.45 0.5 0.5 0.5 0.5 0.5 0.5 0.5 0.2 0.5 0 0.4 0.5 0.4 	0.5 4.84375 	
0.5 0.5 0.5 0.5 0.5 0.4 0.2 0.5 0.5 0.5 0.5 0.5 0.5 0 0.5 0.5 0.5 0.5 0.5 0.5 0.5 0.5 0.5 0.5 0.2 0.45 0 0.4 0.5 0.4 	0.5 4.84375 	
0.5 0.5 0.5 0.5 0.5 0.4 0.2 0.5 0.5 0.5 0.5 0.5 0.5 0 0.5 0.5 0.5 0.5 0.5 0.5 0.5 0.5 0.5 0.5 0.2 0.5 0 0.4 0.5 0.4 	0.5 4.85943 	
0.5 0.5 0.5 0.5 0.5 0.4 0.2 0.5 0.5 0.5 0.5 0.5 0.5 0 0.5 0.5 0.5 0.5 0.5 0.5 0.5 0.5 0.5 0.5 0.2 0.5 0.05 0.4 0.5 0.4 	0.5 4.87511 	
0.5 0.5 0.5 0.5 0.5 0.4 0.2 0.5 0.5 0.5 0.5 0.5 0.5 0 0.5 0.5 0.5 0.55 0.5 0.5 0.5 0.5 0.5 0.5 0.2 0.5 0 0.4 0.5 0.4 	0.5 4.87511 	
0.5 0.5 0.5 0.5 0.5 0.45 0.2 0.5 0.5 0.5 0.5 0.5 0.5 0 0.5 0.5 0.5 0.5 0.5 0.5 0.5 0.5 0.5 0.5 0.2 0.5 0 0.4 0.5 0.4 	0.5 4.87511 	
0.5 0.5 0.5 0.5 0.5 0.5 0.15 0.5 0.5 0.5 0.5 0.5 0.5 0.3 0.5 0.5 0.5 0.5 0.5 0.5 0.5 0.5 0.5 0.5 0.2 0.5 0 0.5 0.5 0.4 	0.5 5.0005 	
0.5 0.5 0.5 0.5 0.5 0.5 0.15 0.5 0.5 0.5 0.5 0.5 0.5 0.5 0.5 0.5 0.5 0.5 0.5 0.5 0.5 0.5 0.5 0.5 0.2 0.5 0.1 0.5 0.5 0.4 	0.5 5.09449 	
0.5 0.5 0.5 0.5 0.5 0.5 0.2 0.5 0.5 0.5 0.5 0.5 0.5 0 0.5 0.5 0.45 0.5 0.5 0.5 0.5 0.5 0.5 0.5 0.2 0.5 0 0.4 0.5 0.4 	0.5 4.87511 	
0.5 0.5 0.5 0.5 0.5 0.5 0.2 0.5 0.5 0.5 0.5 0.5 0.5 0 0.5 0.5 0.5 0.5 0.5 0.5 0.5 0.5 0.5 0.5 0.2 0.45 0 0.4 0.5 0.4 	0.5 4.87511 	
0.5 0.5 0.5 0.5 0.5 0.5 0.2 0.5 0.5 0.5 0.5 0.5 0.5 0 0.5 0.5 0.5 0.5 0.5 0.5 0.5 0.5 0.5 0.5 0.2 0.5 0 0.4 0.5 0.4 	0.5 4.89079 	
0.5 0.5 0.5 0.5 0.5 0.5 0.2 0.5 0.5 0.5 0.5 0.5 0.5 0 0.5 0.5 0.5 0.5 0.5 0.5 0.5 0.5 0.5 0.5 0.2 0.5 0.05 0.4 0.5 0.4 	0.5 4.90646 	
0.5 0.5 0.5 0.5 0.5 0.5 0.2 0.5 0.5 0.5 0.5 0.5 0.5 0 0.5 0.5 0.5 0.55 0.5 0.5 0.5 0.5 0.5 0.5 0.2 0.5 0 0.4 0.5 0.4 	0.5 4.90646 	
0.5 0.5 0.5 0.5 0.5 0.5 0.2 0.5 0.5 0.5 0.5 0.5 0.5 0.05 0.5 0.5 0.5 0.5 0.5 0.5 0.5 0.5 0.5 0.5 0.2 0.5 0 0.4 0.5 0.4 	0.5 4.90646 	
0.5 0.5 0.5 0.5 0.5 0.5 0.2 0.5 0.5 0.5 0.5 0.5 0.5 0.1 0.5 0.5 0.5 0.5 0.5 0.5 0.5 0.5 0.5 0.5 0.2 0.5 0 0.4 0.5 0.4 	0.5 4.92214 	
0.5 0.5 0.5 0.5 0.5 0.5 0.2 0.5 0.5 0.5 0.5 0.5 0.5 0.1 0.5 0.5 0.5 0.5 0.5 0.5 0.5 0.5 0.5 0.5 0.2 0.5 0 0.45 0.5 0.4 	0.5 4.93781 	
0.5 0.5 0.5 0.5 0.5 0.5 0.2 0.5 0.5 0.5 0.5 0.5 0.5 0.1 0.5 0.5 0.5 0.5 0.5 0.5 0.5 0.5 0.5 0.5 0.2 0.5 0.05 0.4 0.5 0.4 	0.5 4.93781 	
0.5 0.5 0.5 0.5 0.5 0.5 0.2 0.5 0.5 0.5 0.5 0.5 0.5 0.15 0.5 0.5 0.5 0.5 0.5 0.5 0.5 0.5 0.5 0.5 0.2 0.5 0 0.4 0.5 0.4 	0.5 4.93781 	
0.5 0.5 0.5 0.5 0.5 0.5 0.2 0.5 0.5 0.5 0.5 0.5 0.5 0.2 0.5 0.5 0.5 0.5 0.5 0.5 0.5 0.5 0.5 0.5 0.2 0.5 0 0.4 0.5 0.4 	0.5 4.95348 	
0.5 0.5 0.5 0.5 0.5 0.5 0.2 0.5 0.5 0.5 0.5 0.5 0.5 0.2 0.5 0.5 0.5 0.5 0.5 0.5 0.5 0.5 0.5 0.5 0.2 0.5 0 0.45 0.5 0.4 	0.5 4.96915 	
0.5 0.5 0.5 0.5 0.5 0.5 0.2 0.5 0.5 0.5 0.5 0.5 0.5 0.2 0.5 0.5 0.5 0.5 0.5 0.5 0.5 0.5 0.5 0.5 0.2 0.5 0.05 0.4 0.5 0.4 	0.5 4.96915 	
0.5 0.5 0.5 0.5 0.5 0.5 0.2 0.5 0.5 0.5 0.5 0.5 0.5 0.25 0.5 0.5 0.5 0.5 0.5 0.5 0.5 0.5 0.5 0.5 0.2 0.5 0 0.4 0.5 0.4 	0.5 4.96915 	
0.5 0.5 0.5 0.5 0.5 0.5 0.2 0.5 0.5 0.5 0.5 0.5 0.5 0.3 0.5 0.5 0.5 0.5 0.5 0.5 0.5 0.5 0.5 0.5 0.2 0.5 0 0.4 0.5 0.4 	0.5 4.98483 	
0.5 0.5 0.5 0.5 0.5 0.5 0.2 0.5 0.5 0.5 0.5 0.5 0.5 0.3 0.5 0.5 0.5 0.5 0.5 0.5 0.5 0.5 0.5 0.5 0.2 0.5 0 0.45 0.5 0.4 	0.5 5.0005 	
0.5 0.5 0.5 0.5 0.5 0.5 0.2 0.5 0.5 0.5 0.5 0.5 0.5 0.3 0.5 0.5 0.5 0.5 0.5 0.5 0.5 0.5 0.5 0.5 0.2 0.5 0 0.5 0.5 0.4 	0.5 5.01616 	
0.5 0.5 0.5 0.5 0.5 0.5 0.2 0.5 0.5 0.5 0.5 0.5 0.5 0.3 0.5 0.5 0.5 0.5 0.5 0.5 0.5 0.5 0.5 0.5 0.2 0.5 0.05 0.4 0.5 0.4 	0.5 5.0005 	
0.5 0.5 0.5 0.5 0.5 0.5 0.2 0.5 0.5 0.5 0.5 0.5 0.5 0.3 0.5 0.5 0.5 0.5 0.5 0.5 0.5 0.5 0.5 0.5 0.2 0.55 0 0.4 0.5 0.4 	0.5 5.0005 	
0.5 0.5 0.5 0.5 0.5 0.5 0.2 0.5 0.5 0.5 0.5 0.5 0.5 0.3 0.5 0.5 0.5 0.5 0.5 0.5 0.5 0.5 0.5 0.55 0.2 0.5 0 0.5 0.5 0.4 	0.5 5.03183 	
0.5 0.5 0.5 0.5 0.5 0.5 0.2 0.5 0.5 0.5 0.5 0.5 0.5 0.3 0.5 0.5 0.55 0.5 0.5 0.5 0.5 0.5 0.5 0.5 0.2 0.5 0 0.5 0.5 0.4 	0.5 5.03183 	
0.5 0.5 0.5 0.5 0.5 0.5 0.2 0.5 0.5 0.5 0.5 0.5 0.5 0.35 0.5 0.5 0.5 0.5 0.5 0.5 0.5 0.5 0.5 0.5 0.2 0.5 0 0.5 0.5 0.4 	0.5 5.03183 	
0.5 0.5 0.5 0.5 0.5 0.5 0.2 0.5 0.5 0.5 0.5 0.5 0.5 0.4 0.5 0.5 0.5 0.5 0.5 0.5 0.5 0.5 0.5 0.5 0.2 0.5 0 0.5 0.5 0.4 	0.5 5.0475 	
0.5 0.5 0.5 0.5 0.5 0.5 0.2 0.5 0.5 0.5 0.5 0.5 0.5 0.4 0.5 0.5 0.5 0.5 0.5 0.5 0.5 0.5 0.5 0.5 0.2 0.5 0 0.55 0.5 0.4 	0.5 5.06317 	
0.5 0.5 0.5 0.5 0.5 0.5 0.2 0.5 0.5 0.5 0.5 0.5 0.5 0.4 0.5 0.5 0.5 0.5 0.5 0.5 0.5 0.5 0.5 0.5 0.2 0.5 0.05 0.5 0.5 0.4 	0.5 5.06317 	
0.5 0.5 0.5 0.5 0.5 0.5 0.2 0.5 0.5 0.5 0.5 0.5 0.5 0.45 0.5 0.5 0.5 0.5 0.5 0.5 0.5 0.5 0.5 0.5 0.2 0.5 0 0.5 0.5 0.4 	0.5 5.06317 	
0.5 0.5 0.5 0.5 0.5 0.5 0.2 0.5 0.5 0.5 0.5 0.5 0.5 0.5 0.5 0.5 0.5 0.5 0.5 0.5 0.5 0.5 0.5 0.5 0.2 0.5 0 0.5 0.5 0.4 	0.5 5.07883 	
0.5 0.5 0.5 0.5 0.5 0.5 0.2 0.5 0.5 0.5 0.5 0.5 0.5 0.5 0.5 0.5 0.5 0.5 0.5 0.5 0.5 0.5 0.5 0.5 0.2 0.5 0 0.55 0.5 0.4 	0.5 5.09449 	
0.5 0.5 0.5 0.5 0.5 0.5 0.2 0.5 0.5 0.5 0.5 0.5 0.5 0.5 0.5 0.5 0.5 0.5 0.5 0.5 0.5 0.5 0.5 0.5 0.2 0.5 0.05 0.5 0.5 0.4 	0.5 5.09449 	
0.5 0.5 0.5 0.5 0.5 0.5 0.2 0.5 0.5 0.5 0.5 0.5 0.5 0.5 0.5 0.5 0.5 0.5 0.5 0.5 0.5 0.5 0.5 0.5 0.2 0.5 0.1 0.5 0.5 0.4 	0.5 5.11016 	
0.5 0.5 0.5 0.5 0.5 0.5 0.2 0.5 0.5 0.5 0.5 0.5 0.5 0.5 0.5 0.5 0.5 0.5 0.5 0.5 0.5 0.5 0.5 0.5 0.2 0.55 0 0.5 0.5 0.4 	0.5 5.09449 	
0.5 0.5 0.5 0.5 0.5 0.5 0.2 0.5 0.5 0.5 0.5 0.5 0.5 0.5 0.5 0.5 0.5 0.5 0.5 0.5 0.5 0.5 0.5 0.5 0.25 0.5 0.1 0.5 0.5 0.4 	0.5 5.12582 	
0.5 0.5 0.5 0.5 0.5 0.5 0.2 0.5 0.5 0.5 0.5 0.5 0.5 0.5 0.5 0.5 0.5 0.55 0.5 0.5 0.5 0.5 0.5 0.5 0.2 0.5 0.1 0.5 0.5 0.4 	0.5 5.12582 	
0.5 0.5 0.5 0.5 0.5 0.5 0.2 0.5 0.5 0.5 0.55 0.5 0.5 0.1 0.5 0.5 0.5 0.5 0.5 0.5 0.5 0.5 0.5 0.5 0.2 0.5 0 0.4 0.5 0.4 	0.5 4.93781 	
0.5 0.5 0.5 0.5 0.5 0.5 0.2 0.5 0.5 0.5 0.55 0.5 0.5 0.2 0.5 0.5 0.5 0.5 0.5 0.5 0.5 0.5 0.5 0.5 0.2 0.5 0 0.4 0.5 0.4 	0.5 4.96915 	
0.5 0.5 0.5 0.5 0.5 0.5 0.2 0.5 0.5 0.5 0.55 0.5 0.5 0.3 0.5 0.5 0.5 0.5 0.5 0.5 0.5 0.5 0.5 0.5 0.2 0.5 0 0.4 0.5 0.4 	0.5 5.0005 	
0.5 0.5 0.5 0.5 0.5 0.5 0.2 0.5 0.5 0.5 0.55 0.5 0.5 0.4 0.5 0.5 0.5 0.5 0.5 0.5 0.5 0.5 0.5 0.5 0.2 0.5 0 0.5 0.5 0.4 	0.5 5.06317 	
0.5 0.5 0.5 0.5 0.5 0.5 0.2 0.5 0.5 0.5 0.55 0.5 0.5 0.5 0.5 0.5 0.5 0.5 0.5 0.5 0.5 0.5 0.5 0.5 0.2 0.5 0 0.5 0.5 0.4 	0.5 5.09449 	
0.5 0.5 0.5 0.5 0.5 0.5 0.2 0.5 0.5 0.5 0.55 0.5 0.5 0.5 0.5 0.5 0.5 0.5 0.5 0.5 0.5 0.5 0.5 0.5 0.2 0.5 0.1 0.5 0.5 0.4 	0.5 5.12582 	
0.5 0.5 0.5 0.5 0.5 0.5 0.2 0.5 0.5 0.55 0.5 0.5 0.5 0.3 0.5 0.5 0.5 0.5 0.5 0.5 0.5 0.5 0.5 0.5 0.2 0.5 0 0.5 0.5 0.4 	0.5 5.03183 	
0.5 0.5 0.5 0.5 0.5 0.5 0.25 0.5 0.5 0.5 0.5 0.5 0.5 0.5 0.5 0.5 0.5 0.5 0.5 0.5 0.5 0.5 0.5 0.5 0.2 0.5 0.1 0.5 0.5 0.4 	0.5 5.12582 	
0.5 0.5 0.5 0.5 0.5 0.5 0.3 0.5 0.5 0.5 0.5 0.5 0.5 0.5 0.5 0.5 0.5 0.5 0.5 0.5 0.5 0.45 0.5 0.5 0.2 0.5 0.1 0.5 0.5 0.5 	0.5 5.15714 	
0.5 0.5 0.5 0.5 0.5 0.5 0.3 0.5 0.5 0.5 0.5 0.5 0.5 0.5 0.5 0.5 0.5 0.5 0.5 0.5 0.5 0.5 0.5 0.5 0.15 0.5 0.1 0.5 0.5 0.5 	0.5 5.15714 	
0.5 0.5 0.5 0.5 0.5 0.5 0.3 0.5 0.5 0.5 0.5 0.5 0.5 0.5 0.5 0.5 0.5 0.5 0.5 0.5 0.5 0.5 0.5 0.5 0.2 0.5 0.05 0.5 0.5 0.4 	0.5 5.12582 	
0.5 0.5 0.5 0.5 0.5 0.5 0.3 0.5 0.5 0.5 0.5 0.5 0.5 0.5 0.5 0.5 0.5 0.5 0.5 0.5 0.5 0.5 0.5 0.5 0.2 0.5 0.1 0.5 0.5 0.4 	0.5 5.14148 	
0.5 0.5 0.5 0.5 0.5 0.5 0.3 0.5 0.5 0.5 0.5 0.5 0.5 0.5 0.5 0.5 0.5 0.5 0.5 0.5 0.5 0.5 0.5 0.5 0.2 0.5 0.1 0.5 0.5 0.45 	0.5 5.15714 	
0.5 0.5 0.5 0.5 0.5 0.5 0.3 0.5 0.5 0.5 0.5 0.5 0.5 0.5 0.5 0.5 0.5 0.5 0.5 0.5 0.5 0.5 0.5 0.5 0.2 0.5 0.1 0.5 0.5 0.5 	0.5 5.1728 	
0.5 0.5 0.5 0.5 0.5 0.5 0.3 0.5 0.5 0.5 0.5 0.5 0.5 0.5 0.5 0.5 0.5 0.5 0.5 0.5 0.5 0.5 0.5 0.5 0.2 0.5 0.1 0.55 0.5 0.5 	0.5 5.18846 	
0.5 0.5 0.5 0.5 0.5 0.5 0.3 0.5 0.5 0.5 0.5 0.5 0.5 0.5 0.5 0.5 0.5 0.5 0.5 0.5 0.5 0.5 0.5 0.55 0.2 0.5 0.1 0.5 0.5 0.4 	0.5 5.15714 	
0.5 0.5 0.5 0.5 0.5 0.5 0.3 0.5 0.5 0.5 0.5 0.5 0.5 0.5 0.5 0.5 0.5 0.5 0.5 0.55 0.5 0.5 0.5 0.5 0.2 0.5 0.1 0.5 0.5 0.5 	0.5 5.18846 	
0.5 0.5 0.5 0.5 0.5 0.5 0.3 0.5 0.5 0.5 0.5 0.5 0.5 0.5 0.5 0.5 0.55 0.5 0.5 0.5 0.5 0.5 0.5 0.5 0.2 0.5 0.1 0.5 0.5 0.4 	0.5 5.15714 	
0.5 0.5 0.5 0.5 0.5 0.5 0.3 0.5 0.5 0.5 0.55 0.5 0.5 0.5 0.5 0.5 0.5 0.5 0.5 0.5 0.5 0.5 0.5 0.5 0.2 0.5 0.1 0.5 0.5 0.5 	0.5 5.18846 	
0.5 0.5 0.5 0.5 0.5 0.5 0.3 0.5 0.5 0.55 0.5 0.5 0.5 0.5 0.5 0.5 0.5 0.5 0.5 0.5 0.5 0.5 0.5 0.5 0.2 0.5 0.1 0.5 0.5 0.4 	0.5 5.15714 	
0.5 0.5 0.5 0.5 0.5 0.5 0.35 0.5 0.5 0.5 0.5 0.5 0.5 0.5 0.5 0.5 0.5 0.5 0.5 0.5 0.5 0.5 0.5 0.5 0.2 0.5 0.1 0.5 0.5 0.5 	0.5 5.18846 	
0.5 0.5 0.5 0.5 0.5 0.5 0.4 0.5 0.5 0.5 0.5 0.5 0.5 0.5 0.5 0.5 0.5 0.5 0.5 0.5 0.5 0.5 0.5 0.5 0.2 0.5 0.05 0.5 0.5 0.5 	0.5 5.18846 	
0.5 0.5 0.5 0.5 0.5 0.5 0.4 0.5 0.5 0.5 0.5 0.5 0.5 0.5 0.5 0.5 0.5 0.5 0.5 0.5 0.5 0.5 0.5 0.5 0.2 0.5 0.1 0.5 0.5 0.5 	0.5 5.20412 	
0.5 0.5 0.5 0.5 0.5 0.5 0.4 0.5 0.5 0.5 0.5 0.5 0.5 0.5 0.5 0.5 0.5 0.5 0.5 0.5 0.5 0.5 0.5 0.5 0.25 0.5 0.1 0.5 0.5 0.5 	0.5 5.21978 	
0.5 0.5 0.5 0.5 0.5 0.5 0.4 0.5 0.5 0.5 0.5 0.5 0.5 0.5 0.5 0.5 0.5 0.55 0.5 0.5 0.5 0.5 0.5 0.5 0.2 0.5 0.1 0.5 0.5 0.5 	0.5 5.21978 	
0.5 0.5 0.5 0.5 0.5 0.5 0.4 0.5 0.5 0.5 0.55 0.5 0.5 0.5 0.5 0.5 0.5 0.5 0.5 0.5 0.5 0.5 0.5 0.5 0.2 0.5 0.1 0.5 0.5 0.5 	0.5 5.21978 	
0.5 0.5 0.5 0.5 0.5 0.5 0.45 0.5 0.5 0.5 0.5 0.5 0.5 0.5 0.5 0.5 0.5 0.5 0.5 0.5 0.5 0.5 0.5 0.5 0.2 0.5 0.1 0.5 0.5 0.5 	0.5 5.21978 	
0.5 0.5 0.5 0.5 0.5 0.5 0.45 0.5 0.5 0.5 0.5 0.5 0.5 0.5 0.5 0.5 0.5 0.5 0.5 0.5 0.5 0.5 0.5 0.5 0.2 0.5 0.2 0.5 0.5 0.5 	0.5 5.25109 	
0.5 0.5 0.5 0.5 0.5 0.5 0.45 0.5 0.5 0.5 0.5 0.5 0.5 0.5 0.5 0.5 0.5 0.5 0.5 0.5 0.5 0.5 0.5 0.5 0.2 0.5 0.3 0.5 0.5 0.5 	0.5 5.2824 	
0.5 0.5 0.5 0.5 0.5 0.5 0.45 0.5 0.5 0.5 0.5 0.5 0.5 0.5 0.5 0.5 0.5 0.5 0.5 0.5 0.5 0.5 0.5 0.5 0.4 0.5 0.4 0.5 0.5 0.5 	0.5 5.37631 	
0.5 0.5 0.5 0.5 0.5 0.5 0.45 0.5 0.5 0.5 0.5 0.5 0.5 0.5 0.5 0.5 0.5 0.5 0.5 0.5 0.5 0.5 0.5 0.5 0.4 0.5 0.5 0.5 0.5 0.5 	0.5 5.40761 	
0.5 0.5 0.5 0.5 0.5 0.5 0.5 0.5 0.5 0.5 0.5 0.5 0.5 0.5 0.5 0.5 0.5 0.5 0.5 0.5 0.5 0.45 0.5 0.5 0.3 0.5 0.3 0.5 0.5 0.5 	0.5 5.31371 	
0.5 0.5 0.5 0.5 0.5 0.5 0.5 0.5 0.5 0.5 0.5 0.5 0.5 0.5 0.5 0.5 0.5 0.5 0.5 0.5 0.5 0.45 0.5 0.5 0.4 0.5 0.3 0.5 0.5 0.5 	0.5 5.34501 	
0.5 0.5 0.5 0.5 0.5 0.5 0.5 0.5 0.5 0.5 0.5 0.5 0.5 0.5 0.5 0.5 0.5 0.5 0.5 0.5 0.5 0.45 0.5 0.5 0.5 0.5 0.5 0.5 0.5 0.5 	0.5 5.4389 	
0.5 0.5 0.5 0.5 0.5 0.5 0.5 0.5 0.5 0.5 0.5 0.5 0.5 0.5 0.5 0.5 0.5 0.5 0.5 0.5 0.5 0.5 0.5 0.5 0.2 0.5 0.05 0.5 0.5 0.5 	0.5 5.21978 	
0.5 0.5 0.5 0.5 0.5 0.5 0.5 0.5 0.5 0.5 0.5 0.5 0.5 0.5 0.5 0.5 0.5 0.5 0.5 0.5 0.5 0.5 0.5 0.5 0.2 0.5 0.1 0.5 0.5 0.5 	0.5 5.23543 	
0.5 0.5 0.5 0.5 0.5 0.5 0.5 0.5 0.5 0.5 0.5 0.5 0.5 0.5 0.5 0.5 0.5 0.5 0.5 0.5 0.5 0.5 0.5 0.5 0.2 0.5 0.15 0.5 0.5 0.5 	0.5 5.25109 	
0.5 0.5 0.5 0.5 0.5 0.5 0.5 0.5 0.5 0.5 0.5 0.5 0.5 0.5 0.5 0.5 0.5 0.5 0.5 0.5 0.5 0.5 0.5 0.5 0.2 0.5 0.2 0.5 0.5 0.5 	0.5 5.26675 	
0.5 0.5 0.5 0.5 0.5 0.5 0.5 0.5 0.5 0.5 0.5 0.5 0.5 0.5 0.5 0.5 0.5 0.5 0.5 0.5 0.5 0.5 0.5 0.5 0.2 0.5 0.25 0.5 0.5 0.5 	0.5 5.2824 	
0.5 0.5 0.5 0.5 0.5 0.5 0.5 0.5 0.5 0.5 0.5 0.5 0.5 0.5 0.5 0.5 0.5 0.5 0.5 0.5 0.5 0.5 0.5 0.5 0.2 0.5 0.3 0.5 0.5 0.5 	0.5 5.29805 	
0.5 0.5 0.5 0.5 0.5 0.5 0.5 0.5 0.5 0.5 0.5 0.5 0.5 0.5 0.5 0.5 0.5 0.5 0.5 0.5 0.5 0.5 0.5 0.5 0.25 0.5 0.3 0.5 0.5 0.5 	0.5 5.31371 	
0.5 0.5 0.5 0.5 0.5 0.5 0.5 0.5 0.5 0.5 0.5 0.5 0.5 0.5 0.5 0.5 0.5 0.5 0.5 0.5 0.5 0.5 0.5 0.5 0.3 0.5 0.3 0.5 0.5 0.45 	0.5 5.31371 	
0.5 0.5 0.5 0.5 0.5 0.5 0.5 0.5 0.5 0.5 0.5 0.5 0.5 0.5 0.5 0.5 0.5 0.5 0.5 0.5 0.5 0.5 0.5 0.5 0.3 0.5 0.3 0.5 0.5 0.5 	0.5 5.32936 	
0.5 0.5 0.5 0.5 0.5 0.5 0.5 0.5 0.5 0.5 0.5 0.5 0.5 0.5 0.5 0.5 0.5 0.5 0.5 0.5 0.5 0.5 0.5 0.5 0.3 0.5 0.3 0.55 0.5 0.5 	0.5 5.34501 	
0.5 0.5 0.5 0.5 0.5 0.5 0.5 0.5 0.5 0.5 0.5 0.5 0.5 0.5 0.5 0.5 0.5 0.5 0.5 0.5 0.5 0.5 0.5 0.5 0.35 0.5 0.3 0.5 0.5 0.5 	0.5 5.34501 	
0.5 0.5 0.5 0.5 0.5 0.5 0.5 0.5 0.5 0.5 0.5 0.5 0.5 0.5 0.5 0.5 0.5 0.5 0.5 0.5 0.5 0.5 0.5 0.5 0.4 0.5 0.3 0.5 0.5 0.45 	0.5 5.34501 	
0.5 0.5 0.5 0.5 0.5 0.5 0.5 0.5 0.5 0.5 0.5 0.5 0.5 0.5 0.5 0.5 0.5 0.5 0.5 0.5 0.5 0.5 0.5 0.5 0.4 0.5 0.3 0.5 0.5 0.5 	0.5 5.36066 	
0.5 0.5 0.5 0.5 0.5 0.5 0.5 0.5 0.5 0.5 0.5 0.5 0.5 0.5 0.5 0.5 0.5 0.5 0.5 0.5 0.5 0.5 0.5 0.5 0.4 0.5 0.3 0.55 0.5 0.5 	0.5 5.37631 	
0.5 0.5 0.5 0.5 0.5 0.5 0.5 0.5 0.5 0.5 0.5 0.5 0.5 0.5 0.5 0.5 0.5 0.5 0.5 0.5 0.5 0.5 0.5 0.5 0.4 0.5 0.35 0.5 0.5 0.5 	0.5 5.37631 	
0.5 0.5 0.5 0.5 0.5 0.5 0.5 0.5 0.5 0.5 0.5 0.5 0.5 0.5 0.5 0.5 0.5 0.5 0.5 0.5 0.5 0.5 0.5 0.5 0.4 0.5 0.4 0.5 0.5 0.5 	0.5 5.39196 	
0.5 0.5 0.5 0.5 0.5 0.5 0.5 0.5 0.5 0.5 0.5 0.5 0.5 0.5 0.5 0.5 0.5 0.5 0.5 0.5 0.5 0.5 0.5 0.5 0.4 0.5 0.45 0.5 0.5 0.5 	0.5 5.40761 	
0.5 0.5 0.5 0.5 0.5 0.5 0.5 0.5 0.5 0.5 0.5 0.5 0.5 0.5 0.5 0.5 0.5 0.5 0.5 0.5 0.5 0.5 0.5 0.5 0.4 0.5 0.5 0.5 0.5 0.5 	0.5 5.42325 	
0.5 0.5 0.5 0.5 0.5 0.5 0.5 0.5 0.5 0.5 0.5 0.5 0.5 0.5 0.5 0.5 0.5 0.5 0.5 0.5 0.5 0.5 0.5 0.5 0.45 0.5 0.5 0.5 0.5 0.5 	0.5 5.4389 	
0.5 0.5 0.5 0.5 0.5 0.5 0.5 0.5 0.5 0.5 0.5 0.5 0.5 0.5 0.5 0.5 0.5 0.5 0.5 0.5 0.5 0.5 0.5 0.5 0.5 0.5 0.5 0.5 0.5 0.45 	0.5 5.4389 	
0.5 0.5 0.5 0.5 0.5 0.5 0.5 0.5 0.5 0.5 0.5 0.5 0.5 0.5 0.5 0.5 0.5 0.5 0.5 0.5 0.5 0.5 0.5 0.5 0.5 0.5 0.5 0.5 0.5 0.5 	0.5 5.45455 	
0.5 0.5 0.5 0.5 0.5 0.5 0.5 0.5 0.5 0.5 0.5 0.5 0.5 0.5 0.5 0.5 0.5 0.5 0.5 0.5 0.5 0.5 0.5 0.5 0.5 0.5 0.5 0.55 0.5 0.5 	0.5 5.47019 	
0.5 0.5 0.5 0.5 0.5 0.5 0.5 0.5 0.5 0.5 0.5 0.5 0.5 0.5 0.5 0.5 0.5 0.5 0.5 0.5 0.5 0.5 0.5 0.55 0.2 0.5 0.1 0.5 0.5 0.5 	0.5 5.25109 	
0.5 0.5 0.5 0.5 0.5 0.5 0.5 0.5 0.5 0.5 0.5 0.5 0.5 0.5 0.5 0.5 0.5 0.5 0.5 0.5 0.5 0.5 0.5 0.55 0.2 0.5 0.2 0.5 0.5 0.5 	0.5 5.2824 	
0.5 0.5 0.5 0.5 0.5 0.5 0.5 0.5 0.5 0.5 0.5 0.5 0.5 0.5 0.5 0.5 0.5 0.5 0.5 0.5 0.5 0.5 0.5 0.55 0.2 0.5 0.3 0.5 0.5 0.5 	0.5 5.31371 	
0.5 0.5 0.5 0.5 0.5 0.5 0.5 0.5 0.5 0.5 0.5 0.5 0.5 0.5 0.5 0.5 0.5 0.5 0.5 0.5 0.5 0.5 0.5 0.55 0.4 0.5 0.4 0.5 0.5 0.5 	0.5 5.40761 	
0.5 0.5 0.5 0.5 0.5 0.5 0.5 0.5 0.5 0.5 0.5 0.5 0.5 0.5 0.5 0.5 0.5 0.5 0.5 0.5 0.5 0.5 0.5 0.55 0.4 0.5 0.5 0.5 0.5 0.5 	0.5 5.4389 	
0.5 0.5 0.5 0.5 0.5 0.5 0.5 0.5 0.5 0.5 0.5 0.5 0.5 0.5 0.5 0.5 0.5 0.5 0.5 0.55 0.5 0.5 0.5 0.5 0.3 0.5 0.3 0.5 0.5 0.5 	0.5 5.34501 	
0.5 0.5 0.5 0.5 0.5 0.5 0.5 0.5 0.5 0.5 0.5 0.5 0.5 0.5 0.5 0.5 0.5 0.5 0.5 0.55 0.5 0.5 0.5 0.5 0.4 0.5 0.3 0.5 0.5 0.5 	0.5 5.37631 	
0.5 0.5 0.5 0.5 0.5 0.5 0.5 0.5 0.5 0.5 0.5 0.5 0.5 0.5 0.5 0.5 0.5 0.5 0.5 0.55 0.5 0.5 0.5 0.5 0.5 0.5 0.5 0.5 0.5 0.5 	0.5 5.47019 	
0.5 0.5 0.5 0.5 0.5 0.5 0.5 0.5 0.5 0.5 0.5 0.5 0.5 0.5 0.5 0.5 0.55 0.5 0.5 0.5 0.5 0.5 0.5 0.5 0.2 0.5 0.1 0.5 0.5 0.5 	0.5 5.25109 	
0.5 0.5 0.5 0.5 0.5 0.5 0.5 0.5 0.5 0.5 0.5 0.5 0.5 0.5 0.5 0.5 0.55 0.5 0.5 0.5 0.5 0.5 0.5 0.5 0.2 0.5 0.2 0.5 0.5 0.5 	0.5 5.2824 	
0.5 0.5 0.5 0.5 0.5 0.5 0.5 0.5 0.5 0.5 0.5 0.5 0.5 0.5 0.5 0.5 0.55 0.5 0.5 0.5 0.5 0.5 0.5 0.5 0.2 0.5 0.3 0.5 0.5 0.5 	0.5 5.31371 	
0.5 0.5 0.5 0.5 0.5 0.5 0.5 0.5 0.5 0.5 0.5 0.5 0.5 0.5 0.5 0.5 0.55 0.5 0.5 0.5 0.5 0.5 0.5 0.5 0.4 0.5 0.4 0.5 0.5 0.5 	0.5 5.40761 	
0.5 0.5 0.5 0.5 0.5 0.5 0.5 0.5 0.5 0.5 0.5 0.5 0.5 0.5 0.5 0.5 0.55 0.5 0.5 0.5 0.5 0.5 0.5 0.5 0.4 0.5 0.5 0.5 0.5 0.5 	0.5 5.4389 	
0.5 0.5 0.5 0.5 0.5 0.5 0.5 0.5 0.5 0.5 0.55 0.5 0.5 0.5 0.5 0.5 0.5 0.5 0.5 0.5 0.5 0.5 0.5 0.5 0.3 0.5 0.3 0.5 0.5 0.5 	0.5 5.34501 	
0.5 0.5 0.5 0.5 0.5 0.5 0.5 0.5 0.5 0.5 0.55 0.5 0.5 0.5 0.5 0.5 0.5 0.5 0.5 0.5 0.5 0.5 0.5 0.5 0.4 0.5 0.3 0.5 0.5 0.5 	0.5 5.37631 	
0.5 0.5 0.5 0.5 0.5 0.5 0.5 0.5 0.5 0.5 0.55 0.5 0.5 0.5 0.5 0.5 0.5 0.5 0.5 0.5 0.5 0.5 0.5 0.5 0.5 0.5 0.5 0.5 0.5 0.5 	0.5 5.47019 	
0.5 0.5 0.5 0.5 0.5 0.5 0.5 0.5 0.5 0.55 0.5 0.5 0.5 0.5 0.5 0.5 0.5 0.5 0.5 0.5 0.5 0.5 0.5 0.5 0.2 0.5 0.1 0.5 0.5 0.5 	0.5 5.25109 	
0.5 0.5 0.5 0.5 0.5 0.5 0.5 0.5 0.5 0.55 0.5 0.5 0.5 0.5 0.5 0.5 0.5 0.5 0.5 0.5 0.5 0.5 0.5 0.5 0.2 0.5 0.2 0.5 0.5 0.5 	0.5 5.2824 	
0.5 0.5 0.5 0.5 0.5 0.5 0.5 0.5 0.5 0.55 0.5 0.5 0.5 0.5 0.5 0.5 0.5 0.5 0.5 0.5 0.5 0.5 0.5 0.5 0.2 0.5 0.3 0.5 0.5 0.5 	0.5 5.31371 	
0.5 0.5 0.5 0.5 0.5 0.5 0.5 0.5 0.5 0.55 0.5 0.5 0.5 0.5 0.5 0.5 0.5 0.5 0.5 0.5 0.5 0.5 0.5 0.5 0.4 0.5 0.4 0.5 0.5 0.5 	0.5 5.40761 	
0.5 0.5 0.5 0.5 0.5 0.5 0.5 0.5 0.5 0.55 0.5 0.5 0.5 0.5 0.5 0.5 0.5 0.5 0.5 0.5 0.5 0.5 0.5 0.5 0.4 0.5 0.5 0.5 0.5 0.5 	0.5 5.4389 	
0.5 0.5 0.5 0.5 0.55 0.5 0.2 0.5 0.5 0.5 0.5 0.5 0.5 0.3 0.5 0.5 0.5 0.5 0.5 0.5 0.5 0.5 0.5 0.5 0.2 0.5 0 0.5 0.5 0.4 	0.5 5.03183 	
0.5 0.5 0.5 0.5 0.55 0.5 0.2 0.5 0.5 0.5 0.5 0.5 0.5 0.5 0.5 0.5 0.5 0.5 0.5 0.5 0.5 0.5 0.5 0.5 0.2 0.5 0.1 0.5 0.5 0.4 	0.5 5.12582 	
0.5 0.5 0.5 0.5 0.55 0.5 0.3 0.5 0.5 0.5 0.5 0.5 0.5 0.5 0.5 0.5 0.5 0.5 0.5 0.5 0.5 0.5 0.5 0.5 0.2 0.5 0.1 0.5 0.5 0.4 	0.5 5.15714 	
0.5 0.5 0.5 0.5 0.55 0.5 0.4 0.5 0.5 0.5 0.5 0.5 0.5 0.5 0.5 0.5 0.5 0.5 0.5 0.5 0.5 0.5 0.5 0.5 0.2 0.5 0.1 0.5 0.5 0.5 	0.5 5.21978 	
0.5 0.5 0.5 0.5 0.55 0.5 0.5 0.5 0.5 0.5 0.5 0.5 0.5 0.5 0.5 0.5 0.5 0.5 0.5 0.5 0.5 0.5 0.5 0.5 0.2 0.5 0.1 0.5 0.5 0.5 	0.5 5.25109 	
0.5 0.5 0.5 0.5 0.55 0.5 0.5 0.5 0.5 0.5 0.5 0.5 0.5 0.5 0.5 0.5 0.5 0.5 0.5 0.5 0.5 0.5 0.5 0.5 0.2 0.5 0.2 0.5 0.5 0.5 	0.5 5.2824 	
0.5 0.5 0.5 0.5 0.55 0.5 0.5 0.5 0.5 0.5 0.5 0.5 0.5 0.5 0.5 0.5 0.5 0.5 0.5 0.5 0.5 0.5 0.5 0.5 0.2 0.5 0.3 0.5 0.5 0.5 	0.5 5.31371 	
0.5 0.5 0.5 0.5 0.55 0.5 0.5 0.5 0.5 0.5 0.5 0.5 0.5 0.5 0.5 0.5 0.5 0.5 0.5 0.5 0.5 0.5 0.5 0.5 0.4 0.5 0.4 0.5 0.5 0.5 	0.5 5.40761 	
0.5 0.5 0.5 0.5 0.55 0.5 0.5 0.5 0.5 0.5 0.5 0.5 0.5 0.5 0.5 0.5 0.5 0.5 0.5 0.5 0.5 0.5 0.5 0.5 0.4 0.5 0.5 0.5 0.5 0.5 	0.5 5.4389 	
0.5 0.5 0.55 0.5 0.5 0 0.2 0.5 0.5 0.5 0.5 0.5 0.5 0 0.4 0.5 0.5 0.5 0.5 0.5 0.5 0.5 0.5 0.5 0.2 0.5 0 0.4 0.5 0.4 	0.5 4.71829 	
0.5 0.55 0 0.4 0.5 0 0.1 0.5 0.5 0.5 0.5 0.5 0.5 0 0.4 0 0.4 0 0.5 0.5 0.5 0.5 0.5 0.5 0.2 0.5 0 0.4 0.5 0.4 	0.5 4.15272 	
0.55 0 0 0 0.4 0 0 0.4 0.5 0.3 0 0.4 0.5 0 0.4 0 0.3 0 0.4 0.5 0.2 0.5 0.5 0.5 0.2 0 0 0 0.3 0.2 	0.55 2.91698 	
0.55 0 0 0 0.5 0 0.1 0.5 0.5 0.5 0.4 0.5 0.5 0 0.4 0 0.4 0 0.4 0.5 0.5 0.5 0.5 0.5 0.2 0.5 0 0.4 0.3 0.4 	0.55 3.71335 	
0.55 0.5 0.5 0.5 0.5 0.3 0.2 0.5 0.5 0.5 0.5 0.5 0.5 0 0.5 0.5 0.5 0.5 0.5 0.5 0.5 0.5 0.5 0.5 0.2 0.5 0 0.4 0.5 0.4 	0.55 4.81731 	
0.55 0.5 0.5 0.5 0.5 0.5 0.2 0.5 0.5 0.5 0.5 0.5 0.5 0.1 0.5 0.5 0.5 0.5 0.5 0.5 0.5 0.5 0.5 0.5 0.2 0.5 0 0.4 0.5 0.4 	0.55 4.91158 	
0.55 0.5 0.5 0.5 0.5 0.5 0.2 0.5 0.5 0.5 0.5 0.5 0.5 0.2 0.5 0.5 0.5 0.5 0.5 0.5 0.5 0.5 0.5 0.5 0.2 0.5 0 0.4 0.5 0.4 	0.55 4.94299 	
0.55 0.5 0.5 0.5 0.5 0.5 0.2 0.5 0.5 0.5 0.5 0.5 0.5 0.3 0.5 0.5 0.5 0.5 0.5 0.5 0.5 0.5 0.5 0.5 0.2 0.5 0 0.4 0.5 0.4 	0.55 4.9744 	
0.55 0.5 0.5 0.5 0.5 0.5 0.2 0.5 0.5 0.5 0.5 0.5 0.5 0.4 0.5 0.5 0.5 0.5 0.5 0.5 0.5 0.5 0.5 0.5 0.2 0.5 0 0.5 0.5 0.4 	0.55 5.0372 	
0.55 0.5 0.5 0.5 0.5 0.5 0.2 0.5 0.5 0.5 0.5 0.5 0.5 0.5 0.5 0.5 0.5 0.5 0.5 0.5 0.5 0.5 0.5 0.5 0.2 0.5 0 0.5 0.5 0.4 	0.55 5.06859 	
0.6 0 0 0 0.4 0 0 0.4 0.5 0.3 0 0.4 0.5 0 0.4 0 0.3 0 0.4 0.5 0.2 0.5 0.5 0.5 0.2 0 0 0 0.3 0.2 	0.6 2.89793 	
0.6 0 0 0 0.4 0 0 0.4 0.5 0.3 0 0.4 0.5 0 0.4 0 0.3 0 0.4 0.5 0.2 0.5 0.5 0.5 0.2 0 0.05 0 0.3 0.2 	0.6 2.91405 	
0.6 0 0 0 0.4 0 0 0.4 0.5 0.3 0 0.4 0.5 0 0.4 0 0.3 0 0.4 0.5 0.2 0.5 0.5 0.5 0.2 0.05 0 0 0.3 0.2 	0.6 2.91405 	
0.6 0 0 0 0.4 0 0 0.4 0.5 0.3 0 0.4 0.5 0 0.4 0 0.3 0 0.4 0.5 0.2 0.55 0.5 0.5 0.2 0 0 0 0.3 0.2 	0.6 2.91405 	
0.6 0 0 0 0.4 0 0 0.4 0.5 0.3 0 0.4 0.5 0 0.4 0 0.3 0 0.4 0.55 0.2 0.5 0.5 0.5 0.2 0 0 0 0.3 0.2 	0.6 2.91405 	
0.6 0 0 0 0.4 0 0 0.4 0.5 0.3 0.05 0.4 0.5 0 0.4 0 0.3 0 0.4 0.5 0.2 0.5 0.5 0.5 0.2 0 0 0 0.3 0.2 	0.6 2.91405 	
0.65 0 0 0 0.4 0 0 0.4 0.5 0.3 0 0.4 0.5 0 0.4 0 0.3 0 0.4 0.5 0.2 0.5 0.5 0.5 0.2 0 0 0 0.3 0.2 	0.65 2.87721 	
0.7 0 0 0 0.4 0 0 0.4 0.5 0.3 0 0.4 0.5 0 0.4 0 0.3 0 0.4 0.5 0.2 0.5 0.5 0.5 0.2 0 0 0 0.3 0.2 	0.7 2.85484 	
0.7 0 0 0 0.4 0 0 0.4 0.5 0.3 0 0.4 0.5 0 0.4 0 0.3 0 0.4 0.5 0.2 0.5 0.5 0.5 0.2 0 0.05 0 0.3 0.2 	0.7 2.87119 	
0.7 0 0 0 0.4 0 0 0.4 0.5 0.3 0 0.4 0.5 0 0.4 0 0.3 0 0.4 0.5 0.2 0.5 0.5 0.5 0.2 0.05 0 0 0.3 0.2 	0.7 2.87119 	
0.7 0 0 0 0.4 0 0 0.4 0.5 0.3 0 0.4 0.5 0 0.4 0 0.3 0 0.4 0.5 0.2 0.55 0.5 0.5 0.2 0 0 0 0.3 0.2 	0.7 2.87119 	
0.7 0 0 0 0.4 0 0 0.4 0.5 0.3 0 0.4 0.5 0 0.4 0 0.3 0 0.4 0.55 0.2 0.5 0.5 0.5 0.2 0 0 0 0.3 0.2 	0.7 2.87119 	
0.7 0 0 0 0.4 0 0 0.4 0.5 0.3 0.05 0.4 0.5 0 0.4 0 0.3 0 0.4 0.5 0.2 0.5 0.5 0.5 0.2 0 0 0 0.3 0.2 	0.7 2.87119 	
0.75 0 0 0 0.4 0 0 0.4 0.5 0.3 0 0.4 0.5 0 0.4 0 0.3 0 0.4 0.5 0.2 0.5 0.5 0.5 0.2 0 0 0 0.3 0.2 	0.75 2.83081 	
0.8 0 0 0 0.35 0 0 0.4 0.5 0.3 0 0.4 0.5 0 0.4 0 0.3 0 0.4 0.5 0.2 0.5 0.5 0.5 0.2 0 0 0 0.3 0.2 	0.8 2.78851 	
0.8 0 0 0 0.4 0 0 0.4 0.5 0.3 0 0.3 0.5 0 0.4 0 0.3 0 0.4 0.5 0.2 0.5 0.5 0.5 0.2 0 0 0 0.3 0.2 	0.8 2.77189 	
0.8 0 0 0 0.4 0 0 0.4 0.5 0.3 0 0.3 0.5 0 0.4 0 0.3 0 0.4 0.5 0.2 0.5 0.5 0.5 0.2 0 0.05 0 0.3 0.2 	0.8 2.78851 	
0.8 0 0 0 0.4 0 0 0.4 0.5 0.3 0 0.3 0.5 0 0.4 0 0.3 0 0.4 0.5 0.2 0.5 0.5 0.5 0.2 0.05 0 0 0.3 0.2 	0.8 2.78851 	
0.8 0 0 0 0.4 0 0 0.4 0.5 0.3 0 0.3 0.5 0 0.4 0 0.3 0 0.4 0.5 0.2 0.55 0.5 0.5 0.2 0 0 0 0.3 0.2 	0.8 2.78851 	
0.8 0 0 0 0.4 0 0 0.4 0.5 0.3 0 0.3 0.5 0 0.4 0 0.3 0 0.4 0.55 0.2 0.5 0.5 0.5 0.2 0 0 0 0.3 0.2 	0.8 2.78851 	
0.8 0 0 0 0.4 0 0 0.4 0.5 0.3 0 0.35 0.5 0 0.4 0 0.3 0 0.4 0.5 0.2 0.5 0.5 0.5 0.2 0 0 0 0.3 0.2 	0.8 2.78851 	
0.8 0 0 0 0.4 0 0 0.4 0.5 0.3 0 0.4 0.5 0 0.4 0 0.3 0 0.4 0.5 0.2 0.5 0.5 0.5 0.2 0 0 0 0.25 0.2 	0.8 2.78851 	
0.8 0 0 0 0.4 0 0 0.4 0.5 0.3 0 0.4 0.5 0 0.4 0 0.3 0 0.4 0.5 0.2 0.5 0.5 0.5 0.2 0 0 0 0.3 0.2 	0.8 2.80513 	
0.8 0 0 0 0.4 0 0 0.4 0.5 0.3 0 0.45 0.5 0 0.4 0 0.3 0 0.4 0.5 0.2 0.5 0.5 0.5 0.2 0 0 0 0.3 0.2 	0.8 2.82173 	
0.8 0 0 0 0.4 0 0 0.4 0.5 0.3 0.05 0.3 0.5 0 0.4 0 0.3 0 0.4 0.5 0.2 0.5 0.5 0.5 0.2 0 0 0 0.3 0.2 	0.8 2.78851 	
0.8 0 0 0 0.4 0.05 0 0.4 0.5 0.3 0 0.4 0.5 0 0.4 0 0.3 0 0.4 0.5 0.2 0.5 0.5 0.5 0.2 0 0 0 0.3 0.2 	0.8 2.82173 	
0.8 0 0.05 0 0.4 0 0 0.4 0.5 0.3 0 0.4 0.5 0 0.4 0 0.3 0 0.4 0.5 0.2 0.5 0.5 0.5 0.2 0 0 0 0.3 0.2 	0.8 2.82173 	
0.85 0 0 0 0.4 0 0 0.4 0.5 0.3 0 0.3 0.5 0 0.4 0 0.3 0 0.4 0.5 0.2 0.5 0.5 0.5 0.2 0 0 0 0.3 0.2 	0.85 2.74426 	
0.9 0 0 0 0.4 0 0 0.4 0.5 0.3 0 0.3 0.5 0 0.4 0 0.3 0 0.4 0.5 0.2 0.5 0.5 0.5 0.2 0 0 0 0.3 0.2 	0.9 2.71496 	
0.9 0 0 0 0.4 0 0 0.4 0.5 0.3 0 0.3 0.5 0 0.4 0 0.3 0 0.4 0.5 0.2 0.5 0.5 0.5 0.2 0 0.05 0 0.3 0.2 	0.9 2.73188 	
0.9 0 0 0 0.4 0 0 0.4 0.5 0.3 0 0.3 0.5 0 0.4 0 0.3 0 0.4 0.5 0.2 0.5 0.5 0.5 0.2 0.05 0 0 0.3 0.2 	0.9 2.73188 	
0.9 0 0 0 0.4 0 0 0.4 0.5 0.3 0 0.3 0.5 0 0.4 0 0.3 0 0.4 0.5 0.2 0.55 0.5 0.5 0.2 0 0 0 0.3 0.2 	0.9 2.73188 	
0.9 0 0 0 0.4 0 0 0.4 0.5 0.3 0 0.3 0.5 0 0.4 0 0.3 0 0.4 0.55 0.2 0.5 0.5 0.5 0.2 0 0 0 0.3 0.2 	0.9 2.73188 	
0.9 0 0 0 0.4 0 0 0.4 0.5 0.3 0.05 0.3 0.5 0 0.4 0 0.3 0 0.4 0.5 0.2 0.5 0.5 0.5 0.2 0 0 0 0.3 0.2 	0.9 2.73188 	
0.95 0 0 0 0.4 0 0 0.4 0.5 0.2 0 0.3 0.5 0 0.4 0 0.3 0 0.4 0.5 0.2 0.5 0.5 0.5 0.2 0 0 0 0.3 0.2 	0.95 2.64978 	
0.95 0 0 0 0.4 0 0 0.4 0.5 0.3 0 0.3 0.5 0 0.4 0 0.3 0 0.4 0.5 0.2 0.5 0.5 0.5 0.2 0 0 0 0.3 0.2 	0.95 2.68398 	
0.95 0 0 0 0.4 0 0 0.4 0.5 0.3 0 0.3 0.5 0 0.4 0 0.3 0 0.4 0.5 0.2 0.5 0.5 0.5 0.2 0 0 0 0.3 0.2 	0.95 2.68398 	
1 0 0 0 0.4 0 0 0.4 0.5 0.2 0 0.3 0.5 0 0.4 0 0.3 0 0.4 0.5 0.2 0.5 0.5 0.5 0.2 0 0 0 0.25 0.2 	1 2.59948 	
1 0 0 0 0.4 0 0 0.4 0.5 0.2 0 0.3 0.5 0 0.4 0 0.3 0 0.4 0.5 0.2 0.5 0.5 0.5 0.2 0 0 0 0.3 0.2 	1 2.61678 	
1 0 0 0 0.4 0 0 0.4 0.5 0.2 0 0.3 0.5 0 0.4 0 0.3 0 0.4 0.5 0.2 0.5 0.55 0.5 0.2 0 0 0 0.3 0.2 	1 2.63407 	
1 0 0 0 0.4 0 0 0.4 0.5 0.2 0 0.3 0.5 0.05 0.4 0 0.3 0 0.4 0.5 0.2 0.5 0.5 0.5 0.2 0 0 0 0.3 0.2 	1 2.63407 	
1 0 0 0 0.4 0 0 0.4 0.5 0.25 0 0.3 0.5 0 0.4 0 0.3 0 0.4 0.5 0.2 0.5 0.5 0.5 0.2 0 0 0 0.3 0.2 	1 2.63407 	
1 0 0 0 0.4 0 0 0.4 0.5 0.3 0 0.3 0.5 0 0.4 0 0.3 0 0.4 0.5 0.2 0.5 0.5 0.5 0.15 0 0 0 0.3 0.2 	1 2.63407 	
1 0 0 0 0.4 0 0 0.4 0.5 0.3 0 0.3 0.5 0 0.4 0 0.3 0 0.4 0.5 0.2 0.5 0.5 0.5 0.2 0 0 0 0.3 0.2 	1 2.65133 	
1 0 0 0 0.4 0 0 0.4 0.5 0.3 0 0.3 0.55 0 0.4 0 0.3 0 0.4 0.5 0.2 0.5 0.5 0.5 0.2 0 0 0 0.3 0.2 	1 2.66858 	
1 0 0 0 0.4 0 0.05 0.4 0.5 0.2 0 0.3 0.5 0 0.4 0 0.3 0 0.4 0.5 0.2 0.5 0.5 0.5 0.2 0 0 0 0.3 0.2 	1 2.63407 	
1 0 0 0 0.4 0 0.05 0.4 0.5 0.3 0 0.3 0.5 0 0.4 0 0.3 0 0.4 0.5 0.2 0.5 0.5 0.5 0.2 0 0 0 0.3 0.2 	1 2.66858 	
1 0 0 0 0.4 0.05 0 0.4 0.5 0.2 0 0.3 0.5 0 0.4 0 0.3 0 0.4 0.5 0.2 0.5 0.5 0.5 0.2 0 0 0 0.3 0.2 	1 2.63407 	
1 0 0 0.05 0.4 0 0 0.4 0.5 0.3 0 0.3 0.5 0 0.4 0 0.3 0 0.4 0.5 0.2 0.5 0.5 0.5 0.2 0 0 0 0.3 0.2 	1 2.66858 	
