#loop	basepoint	objectives	function
0	0.5 0.5 0.5 0.5 0.5 0.5 0.5 0.5 0.5 0.5 0.5 0.5 0.5 0.5 0.5 0.5 0.5 0.5 0.5 0.5 0.5 0.5 0.5 0.5 0.5 0.5 0.5 0.5 0.5 0.5 	0.5 5.45455 	initial
1	0.5 0.5 0.5 0.5 0.5 0.5 0.5 0.5 0.5 0.5 0.5 0.5 0.5 0.5 0.5 0.5 0.5 0.5 0.5 0.5 0.5 0.5 0.5 0.5 0.45 0.5 0.5 0.5 0.5 0.5 	0.5 5.4389 	HJ_P_Move
2	0.5 0.5 0.5 0.5 0.5 0.5 0.5 0.5 0.5 0.5 0.5 0.5 0.5 0.5 0.5 0.5 0.5 0.5 0.5 0.5 0.5 0.5 0.5 0.5 0.4 0.5 0.5 0.5 0.5 0.5 	0.5 5.42325 	PatMove
3	0.5 0.5 0.5 0.5 0.5 0.5 0.5 0.5 0.5 0.5 0.5 0.5 0.5 0.5 0.5 0.5 0.5 0.5 0.5 0.5 0.5 0.5 0.5 0.5 0.4 0.5 0.45 0.5 0.5 0.5 	0.5 5.40761 	HJ_P_Move
4	0.5 0.5 0.5 0.5 0.5 0.5 0.5 0.5 0.5 0.5 0.5 0.5 0.5 0.5 0.5 0.5 0.5 0.5 0.5 0.5 0.5 0.5 0.5 0.5 0.4 0.5 0.4 0.5 0.5 0.5 	0.5 5.39196 	PatMove
5	0.5 0.5 0.5 0.5 0.5 0.5 0.5 0.5 0.5 0.5 0.5 0.5 0.5 0.5 0.5 0.5 0.5 0.5 0.5 0.5 0.5 0.5 0.5 0.5 0.4 0.5 0.35 0.5 0.5 0.5 	0.5 5.37631 	HJ_P_Move
6	0.5 0.5 0.5 0.5 0.5 0.5 0.5 0.5 0.5 0.5 0.5 0.5 0.5 0.5 0.5 0.5 0.5 0.5 0.5 0.5 0.5 0.5 0.5 0.5 0.4 0.5 0.3 0.5 0.5 0.5 	0.5 5.36066 	PatMove
7	0.5 0.5 0.5 0.5 0.5 0.5 0.5 0.5 0.5 0.5 0.5 0.5 0.5 0.5 0.5 0.5 0.5 0.5 0.5 0.5 0.5 0.5 0.5 0.5 0.35 0.5 0.3 0.5 0.5 0.5 	0.5 5.34501 	HJ_P_Move
8	0.5 0.5 0.5 0.5 0.5 0.5 0.5 0.5 0.5 0.5 0.5 0.5 0.5 0.5 0.5 0.5 0.5 0.5 0.5 0.5 0.5 0.5 0.5 0.5 0.3 0.5 0.3 0.5 0.5 0.5 	0.5 5.32936 	PatMove
9	0.5 0.5 0.5 0.5 0.5 0.5 0.5 0.5 0.5 0.5 0.5 0.5 0.5 0.5 0.5 0.5 0.5 0.5 0.5 0.5 0.5 0.5 0.5 0.5 0.25 0.5 0.3 0.5 0.5 0.5 	0.5 5.31371 	HJ_P_Move
10	0.5 0.5 0.5 0.5 0.5 0.5 0.5 0.5 0.5 0.5 0.5 0.5 0.5 0.5 0.5 0.5 0.5 0.5 0.5 0.5 0.5 0.5 0.5 0.5 0.2 0.5 0.3 0.5 0.5 0.5 	0.5 5.29805 	PatMove
11	0.5 0.5 0.5 0.5 0.5 0.5 0.5 0.5 0.5 0.5 0.5 0.5 0.5 0.5 0.5 0.5 0.5 0.5 0.5 0.5 0.5 0.5 0.5 0.5 0.2 0.5 0.25 0.5 0.5 0.5 	0.5 5.2824 	HJ_P_Move
12	0.5 0.5 0.5 0.5 0.5 0.5 0.5 0.5 0.5 0.5 0.5 0.5 0.5 0.5 0.5 0.5 0.5 0.5 0.5 0.5 0.5 0.5 0.5 0.5 0.2 0.5 0.2 0.5 0.5 0.5 	0.5 5.26675 	PatMove
13	0.5 0.5 0.5 0.5 0.5 0.5 0.5 0.5 0.5 0.5 0.5 0.5 0.5 0.5 0.5 0.5 0.5 0.5 0.5 0.5 0.5 0.5 0.5 0.5 0.2 0.5 0.15 0.5 0.5 0.5 	0.5 5.25109 	HJ_P_Move
14	0.5 0.5 0.5 0.5 0.5 0.5 0.5 0.5 0.5 0.5 0.5 0.5 0.5 0.5 0.5 0.5 0.5 0.5 0.5 0.5 0.5 0.5 0.5 0.5 0.2 0.5 0.1 0.5 0.5 0.5 	0.5 5.23543 	PatMove
15	0.5 0.5 0.5 0.5 0.5 0.5 0.45 0.5 0.5 0.5 0.5 0.5 0.5 0.5 0.5 0.5 0.5 0.5 0.5 0.5 0.5 0.5 0.5 0.5 0.2 0.5 0.1 0.5 0.5 0.5 	0.5 5.21978 	HJ_P_Move
16	0.5 0.5 0.5 0.5 0.5 0.5 0.4 0.5 0.5 0.5 0.5 0.5 0.5 0.5 0.5 0.5 0.5 0.5 0.5 0.5 0.5 0.5 0.5 0.5 0.2 0.5 0.1 0.5 0.5 0.5 	0.5 5.20412 	PatMove
17	0.5 0.5 0.5 0.5 0.5 0.5 0.35 0.5 0.5 0.5 0.5 0.5 0.5 0.5 0.5 0.5 0.5 0.5 0.5 0.5 0.5 0.5 0.5 0.5 0.2 0.5 0.1 0.5 0.5 0.5 	0.5 5.18846 	HJ_P_Move
18	0.5 0.5 0.5 0.5 0.5 0.5 0.3 0.5 0.5 0.5 0.5 0.5 0.5 0.5 0.5 0.5 0.5 0.5 0.5 0.5 0.5 0.5 0.5 0.5 0.2 0.5 0.1 0.5 0.5 0.5 	0.5 5.1728 	PatMove
19	0.5 0.5 0.5 0.5 0.5 0.5 0.3 0.5 0.5 0.5 0.5 0.5 0.5 0.5 0.5 0.5 0.5 0.5 0.5 0.5 0.5 0.5 0.5 0.5 0.2 0.5 0.1 0.5 0.5 0.45 	0.5 5.15714 	HJ_P_Move
20	0.5 0.5 0.5 0.5 0.5 0.5 0.3 0.5 0.5 0.5 0.5 0.5 0.5 0.5 0.5 0.5 0.5 0.5 0.5 0.5 0.5 0.5 0.5 0.5 0.2 0.5 0.1 0.5 0.5 0.4 	0.5 5.14148 	PatMove
21	0.5 0.5 0.5 0.5 0.5 0.5 0.25 0.5 0.5 0.5 0.5 0.5 0.5 0.5 0.5 0.5 0.5 0.5 0.5 0.5 0.5 0.5 0.5 0.5 0.2 0.5 0.1 0.5 0.5 0.4 	0.5 5.12582 	HJ_P_Move
22	0.5 0.5 0.5 0.5 0.5 0.5 0.2 0.5 0.5 0.5 0.5 0.5 0.5 0.5 0.5 0.5 0.5 0.5 0.5 0.5 0.5 0.5 0.5 0.5 0.2 0.5 0.1 0.5 0.5 0.4 	0.5 5.11016 	PatMove
23	0.5 0.5 0.5 0.5 0.5 0.5 0.2 0.5 0.5 0.5 0.5 0.5 0.5 0.5 0.5 0.5 0.5 0.5 0.5 0.5 0.5 0.5 0.5 0.5 0.2 0.5 0.05 0.5 0.5 0.4 	0.5 5.09449 	HJ_P_Move
24	0.5 0.5 0.5 0.5 0.5 0.5 0.2 0.5 0.5 0.5 0.5 0.5 0.5 0.5 0.5 0.5 0.5 0.5 0.5 0.5 0.5 0.5 0.5 0.5 0.2 0.5 0 0.5 0.5 0.4 	0.5 5.07883 	PatMove
25	0.5 0.5 0.5 0.5 0.5 0.5 0.2 0.5 0.5 0.5 0.5 0.5 0.5 0.45 0.5 0.5 0.5 0.5 0.5 0.5 0.5 0.5 0.5 0.5 0.2 0.5 0 0.5 0.5 0.4 	0.5 5.06317 	HJ_P_Move
26	0.5 0.5 0.5 0.5 0.5 0.5 0.2 0.5 0.5 0.5 0.5 0.5 0.5 0.4 0.5 0.5 0.5 0.5 0.5 0.5 0.5 0.5 0.5 0.5 0.2 0.5 0 0.5 0.5 0.4 	0.5 5.0475 	PatMove
27	0.5 0.5 0.5 0.5 0.5 0.5 0.2 0.5 0.5 0.5 0.5 0.5 0.5 0.35 0.5 0.5 0.5 0.5 0.5 0.5 0.5 0.5 0.5 0.5 0.2 0.5 0 0.5 0.5 0.4 	0.5 5.03183 	HJ_P_Move
28	0.5 0.5 0.5 0.5 0.5 0.5 0.2 0.5 0.5 0.5 0.5 0.5 0.5 0.3 0.5 0.5 0.5 0.5 0.5 0.5 0.5 0.5 0.5 0.5 0.2 0.5 0 0.5 0.5 0.4 	0.5 5.01616 	PatMove
29	0.5 0.5 0.5 0.5 0.5 0.5 0.2 0.5 0.5 0.5 0.5 0.5 0.5 0.3 0.5 0.5 0.5 0.5 0.5 0.5 0.5 0.5 0.5 0.5 0.2 0.5 0 0.45 0.5 0.4 	0.5 5.0005 	HJ_P_Move
30	0.5 0.5 0.5 0.5 0.5 0.5 0.2 0.5 0.5 0.5 0.5 0.5 0.5 0.3 0.5 0.5 0.5 0.5 0.5 0.5 0.5 0.5 0.5 0.5 0.2 0.5 0 0.4 0.5 0.4 	0.5 4.98483 	PatMove
31	0.5 0.5 0.5 0.5 0.5 0.5 0.2 0.5 0.5 0.5 0.5 0.5 0.5 0.25 0.5 0.5 0.5 0.5 0.5 0.5 0.5 0.5 0.5 0.5 0.2 0.5 0 0.4 0.5 0.4 	0.5 4.96915 	HJ_P_Move
32	0.5 0.5 0.5 0.5 0.5 0.5 0.2 0.5 0.5 0.5 0.5 0.5 0.5 0.2 0.5 0.5 0.5 0.5 0.5 0.5 0.5 0.5 0.5 0.5 0.2 0.5 0 0.4 0.5 0.4 	0.5 4.95348 	PatMove
33	0.5 0.5 0.5 0.5 0.5 0.5 0.2 0.5 0.5 0.5 0.5 0.5 0.5 0.15 0.5 0.5 0.5 0.5 0.5 0.5 0.5 0.5 0.5 0.5 0.2 0.5 0 0.4 0.5 0.4 	0.5 4.93781 	HJ_P_Move
34	0.5 0.5 0.5 0.5 0.5 0.5 0.2 0.5 0.5 0.5 0.5 0.5 0.5 0.1 0.5 0.5 0.5 0.5 0.5 0.5 0.5 0.5 0.5 0.5 0.2 0.5 0 0.4 0.5 0.4 	0.5 4.92214 	PatMove
35	0.5 0.5 0.5 0.5 0.5 0.5 0.2 0.5 0.5 0.5 0.5 0.5 0.5 0.05 0.5 0.5 0.5 0.5 0.5 0.5 0.5 0.5 0.5 0.5 0.2 0.5 0 0.4 0.5 0.4 	0.5 4.90646 	HJ_P_Move
36	0.5 0.5 0.5 0.5 0.5 0.5 0.2 0.5 0.5 0.5 0.5 0.5 0.5 0 0.5 0.5 0.5 0.5 0.5 0.5 0.5 0.5 0.5 0.5 0.2 0.5 0 0.4 0.5 0.4 	0.5 4.89079 	PatMove
37	0.5 0.5 0.5 0.5 0.5 0.45 0.2 0.5 0.5 0.5 0.5 0.5 0.5 0 0.5 0.5 0.5 0.5 0.5 0.5 0.5 0.5 0.5 0.5 0.2 0.5 0 0.4 0.5 0.4 	0.5 4.87511 	HJ_P_Move
38	0.5 0.5 0.5 0.5 0.5 0.4 0.2 0.5 0.5 0.5 0.5 0.5 0.5 0 0.5 0.5 0.5 0.5 0.5 0.5 0.5 0.5 0.5 0.5 0.2 0.5 0 0.4 0.5 0.4 	0.5 4.85943 	PatMove
39	0.5 0.5 0.5 0.5 0.5 0.35 0.2 0.5 0.5 0.5 0.5 0.5 0.5 0 0.5 0.5 0.5 0.5 0.5 0.5 0.5 0.5 0.5 0.5 0.2 0.5 0 0.4 0.5 0.4 	0.5 4.84375 	HJ_P_Move
40	0.5 0.5 0.5 0.5 0.5 0.3 0.2 0.5 0.5 0.5 0.5 0.5 0.5 0 0.5 0.5 0.5 0.5 0.5 0.5 0.5 0.5 0.5 0.5 0.2 0.5 0 0.4 0.5 0.4 	0.5 4.82807 	PatMove
41	0.5 0.5 0.5 0.5 0.5 0.3 0.2 0.5 0.5 0.5 0.5 0.5 0.5 0 0.45 0.5 0.5 0.5 0.5 0.5 0.5 0.5 0.5 0.5 0.2 0.5 0 0.4 0.5 0.4 	0.5 4.81239 	HJ_P_Move
42	0.5 0.5 0.5 0.5 0.5 0.3 0.2 0.5 0.5 0.5 0.5 0.5 0.5 0 0.4 0.5 0.5 0.5 0.5 0.5 0.5 0.5 0.5 0.5 0.2 0.5 0 0.4 0.5 0.4 	0.5 4.79671 	PatMove
43	0.5 0.5 0.5 0.5 0.5 0.25 0.2 0.5 0.5 0.5 0.5 0.5 0.5 0 0.4 0.5 0.5 0.5 0.5 0.5 0.5 0.5 0.5 0.5 0.2 0.5 0 0.4 0.5 0.4 	0.5 4.78103 	HJ_P_Move
44	0.5 0.5 0.5 0.5 0.5 0.2 0.2 0.5 0.5 0.5 0.5 0.5 0.5 0 0.4 0.5 0.5 0.5 0.5 0.5 0.5 0.5 0.5 0.5 0.2 0.5 0 0.4 0.5 0.4 	0.5 4.76534 	PatMove
45	0.5 0.5 0.5 0.5 0.5 0.15 0.2 0.5 0.5 0.5 0.5 0.5 0.5 0 0.4 0.5 0.5 0.5 0.5 0.5 0.5 0.5 0.5 0.5 0.2 0.5 0 0.4 0.5 0.4 	0.5 4.74966 	HJ_P_Move
46	0.5 0.5 0.5 0.5 0.5 0.1 0.2 0.5 0.5 0.5 0.5 0.5 0.5 0 0.4 0.5 0.5 0.5 0.5 0.5 0.5 0.5 0.5 0.5 0.2 0.5 0 0.4 0.5 0.4 	0.5 4.73397 	PatMove
47	0.5 0.5 0.5 0.5 0.5 0.05 0.2 0.5 0.5 0.5 0.5 0.5 0.5 0 0.4 0.5 0.5 0.5 0.5 0.5 0.5 0.5 0.5 0.5 0.2 0.5 0 0.4 0.5 0.4 	0.5 4.71829 	HJ_P_Move
48	0.5 0.5 0.5 0.5 0.5 0 0.2 0.5 0.5 0.5 0.5 0.5 0.5 0 0.4 0.5 0.5 0.5 0.5 0.5 0.5 0.5 0.5 0.5 0.2 0.5 0 0.4 0.5 0.4 	0.5 4.7026 	PatMove
49	0.5 0.5 0.45 0.5 0.5 0 0.2 0.5 0.5 0.5 0.5 0.5 0.5 0 0.4 0.5 0.5 0.5 0.5 0.5 0.5 0.5 0.5 0.5 0.2 0.5 0 0.4 0.5 0.4 	0.5 4.68691 	HJ_P_Move
50	0.5 0.5 0.4 0.5 0.5 0 0.2 0.5 0.5 0.5 0.5 0.5 0.5 0 0.4 0.5 0.5 0.5 0.5 0.5 0.5 0.5 0.5 0.5 0.2 0.5 0 0.4 0.5 0.4 	0.5 4.67122 	PatMove
51	0.5 0.5 0.35 0.5 0.5 0 0.2 0.5 0.5 0.5 0.5 0.5 0.5 0 0.4 0.5 0.5 0.5 0.5 0.5 0.5 0.5 0.5 0.5 0.2 0.5 0 0.4 0.5 0.4 	0.5 4.65553 	HJ_P_Move
52	0.5 0.5 0.3 0.5 0.5 0 0.2 0.5 0.5 0.5 0.5 0.5 0.5 0 0.4 0.5 0.5 0.5 0.5 0.5 0.5 0.5 0.5 0.5 0.2 0.5 0 0.4 0.5 0.4 	0.5 4.63983 	PatMove
53	0.5 0.5 0.3 0.5 0.5 0 0.15 0.5 0.5 0.5 0.5 0.5 0.5 0 0.4 0.5 0.5 0.5 0.5 0.5 0.5 0.5 0.5 0.5 0.2 0.5 0 0.4 0.5 0.4 	0.5 4.62414 	HJ_P_Move
54	0.5 0.5 0.3 0.5 0.5 0 0.1 0.5 0.5 0.5 0.5 0.5 0.5 0 0.4 0.5 0.5 0.5 0.5 0.5 0.5 0.5 0.5 0.5 0.2 0.5 0 0.4 0.5 0.4 	0.5 4.60844 	PatMove
55	0.5 0.5 0.25 0.5 0.5 0 0.1 0.5 0.5 0.5 0.5 0.5 0.5 0 0.4 0.5 0.5 0.5 0.5 0.5 0.5 0.5 0.5 0.5 0.2 0.5 0 0.4 0.5 0.4 	0.5 4.59275 	HJ_P_Move
56	0.5 0.5 0.2 0.5 0.5 0 0.1 0.5 0.5 0.5 0.5 0.5 0.5 0 0.4 0.5 0.5 0.5 0.5 0.5 0.5 0.5 0.5 0.5 0.2 0.5 0 0.4 0.5 0.4 	0.5 4.57705 	PatMove
57	0.5 0.5 0.15 0.5 0.5 0 0.1 0.5 0.5 0.5 0.5 0.5 0.5 0 0.4 0.5 0.5 0.5 0.5 0.5 0.5 0.5 0.5 0.5 0.2 0.5 0 0.4 0.5 0.4 	0.5 4.56135 	HJ_P_Move
58	0.5 0.5 0.1 0.5 0.5 0 0.1 0.5 0.5 0.5 0.5 0.5 0.5 0 0.4 0.5 0.5 0.5 0.5 0.5 0.5 0.5 0.5 0.5 0.2 0.5 0 0.4 0.5 0.4 	0.5 4.54565 	PatMove
59	0.5 0.5 0.05 0.5 0.5 0 0.1 0.5 0.5 0.5 0.5 0.5 0.5 0 0.4 0.5 0.5 0.5 0.5 0.5 0.5 0.5 0.5 0.5 0.2 0.5 0 0.4 0.5 0.4 	0.5 4.52995 	HJ_P_Move
60	0.5 0.5 0 0.5 0.5 0 0.1 0.5 0.5 0.5 0.5 0.5 0.5 0 0.4 0.5 0.5 0.5 0.5 0.5 0.5 0.5 0.5 0.5 0.2 0.5 0 0.4 0.5 0.4 	0.5 4.51425 	PatMove
61	0.5 0.5 0 0.5 0.5 0 0.1 0.5 0.5 0.5 0.5 0.5 0.5 0 0.4 0.45 0.5 0.5 0.5 0.5 0.5 0.5 0.5 0.5 0.2 0.5 0 0.4 0.5 0.4 	0.5 4.49854 	HJ_P_Move
62	0.5 0.5 0 0.5 0.5 0 0.1 0.5 0.5 0.5 0.5 0.5 0.5 0 0.4 0.4 0.5 0.5 0.5 0.5 0.5 0.5 0.5 0.5 0.2 0.5 0 0.4 0.5 0.4 	0.5 4.48284 	PatMove
63	0.5 0.5 0 0.5 0.5 0 0.1 0.5 0.5 0.5 0.5 0.5 0.5 0 0.4 0.35 0.5 0.5 0.5 0.5 0.5 0.5 0.5 0.5 0.2 0.5 0 0.4 0.5 0.4 	0.5 4.46713 	HJ_P_Move
64	0.5 0.5 0 0.5 0.5 0 0.1 0.5 0.5 0.5 0.5 0.5 0.5 0 0.4 0.3 0.5 0.5 0.5 0.5 0.5 0.5 0.5 0.5 0.2 0.5 0 0.4 0.5 0.4 	0.5 4.45143 	PatMove
65	0.5 0.5 0 0.45 0.5 0 0.1 0.5 0.5 0.5 0.5 0.5 0.5 0 0.4 0.3 0.5 0.5 0.5 0.5 0.5 0.5 0.5 0.5 0.2 0.5 0 0.4 0.5 0.4 	0.5 4.43572 	HJ_P_Move
66	0.5 0.5 0 0.4 0.5 0 0.1 0.5 0.5 0.5 0.5 0.5 0.5 0 0.4 0.3 0.5 0.5 0.5 0.5 0.5 0.5 0.5 0.5 0.2 0.5 0 0.4 0.5 0.4 	0.5 4.42001 	PatMove
67	0.5 0.5 0 0.4 0.5 0 0.1 0.5 0.5 0.5 0.5 0.5 0.5 0 0.4 0.25 0.5 0.5 0.5 0.5 0.5 0.5 0.5 0.5 0.2 0.5 0 0.4 0.5 0.4 	0.5 4.4043 	HJ_P_Move
68	0.5 0.5 0 0.4 0.5 0 0.1 0.5 0.5 0.5 0.5 0.5 0.5 0 0.4 0.2 0.5 0.5 0.5 0.5 0.5 0.5 0.5 0.5 0.2 0.5 0 0.4 0.5 0.4 	0.5 4.38858 	PatMove
69	0.5 0.5 0 0.4 0.5 0 0.1 0.5 0.5 0.5 0.5 0.5 0.5 0 0.4 0.15 0.5 0.5 0.5 0.5 0.5 0.5 0.5 0.5 0.2 0.5 0 0.4 0.5 0.4 	0.5 4.37287 	HJ_P_Move
70	0.5 0.5 0 0.4 0.5 0 0.1 0.5 0.5 0.5 0.5 0.5 0.5 0 0.4 0.1 0.5 0.5 0.5 0.5 0.5 0.5 0.5 0.5 0.2 0.5 0 0.4 0.5 0.4 	0.5 4.35715 	PatMove
71	0.5 0.5 0 0.4 0.5 0 0.1 0.5 0.5 0.5 0.5 0.5 0.5 0 0.4 0.05 0.5 0.5 0.5 0.5 0.5 0.5 0.5 0.5 0.2 0.5 0 0.4 0.5 0.4 	0.5 4.34144 	HJ_P_Move
72	0.5 0.5 0 0.4 0.5 0 0.1 0.5 0.5 0.5 0.5 0.5 0.5 0 0.4 0 0.5 0.5 0.5 0.5 0.5 0.5 0.5 0.5 0.2 0.5 0 0.4 0.5 0.4 	0.5 4.32572 	PatMove
73	0.5 0.5 0 0.4 0.5 0 0.1 0.5 0.5 0.5 0.5 0.5 0.5 0 0.4 0 0.5 0.45 0.5 0.5 0.5 0.5 0.5 0.5 0.2 0.5 0 0.4 0.5 0.4 	0.5 4.31 	HJ_P_Move
74	0.5 0.5 0 0.4 0.5 0 0.1 0.5 0.5 0.5 0.5 0.5 0.5 0 0.4 0 0.5 0.4 0.5 0.5 0.5 0.5 0.5 0.5 0.2 0.5 0 0.4 0.5 0.4 	0.5 4.29428 	PatMove
75	0.5 0.5 0 0.4 0.5 0 0.1 0.5 0.5 0.5 0.5 0.5 0.5 0 0.4 0 0.5 0.35 0.5 0.5 0.5 0.5 0.5 0.5 0.2 0.5 0 0.4 0.5 0.4 	0.5 4.27855 	HJ_P_Move
76	0.5 0.5 0 0.4 0.5 0 0.1 0.5 0.5 0.5 0.5 0.5 0.5 0 0.4 0 0.5 0.3 0.5 0.5 0.5 0.5 0.5 0.5 0.2 0.5 0 0.4 0.5 0.4 	0.5 4.26283 	PatMove
77	0.5 0.5 0 0.4 0.5 0 0.1 0.5 0.5 0.5 0.5 0.5 0.5 0 0.4 0 0.45 0.3 0.5 0.5 0.5 0.5 0.5 0.5 0.2 0.5 0 0.4 0.5 0.4 	0.5 4.2471 	HJ_P_Move
78	0.5 0.5 0 0.4 0.5 0 0.1 0.5 0.5 0.5 0.5 0.5 0.5 0 0.4 0 0.4 0.3 0.5 0.5 0.5 0.5 0.5 0.5 0.2 0.5 0 0.4 0.5 0.4 	0.5 4.23138 	PatMove
79	0.5 0.5 0 0.4 0.5 0 0.1 0.5 0.5 0.5 0.5 0.5 0.5 0 0.4 0 0.4 0.25 0.5 0.5 0.5 0.5 0.5 0.5 0.2 0.5 0 0.4 0.5 0.4 	0.5 4.21565 	HJ_P_Move
80	0.5 0.5 0 0.4 0.5 0 0.1 0.5 0.5 0.5 0.5 0.5 0.5 0 0.4 0 0.4 0.2 0.5 0.5 0.5 0.5 0.5 0.5 0.2 0.5 0 0.4 0.5 0.4 	0.5 4.19992 	PatMove
81	0.5 0.5 0 0.4 0.5 0 0.1 0.5 0.5 0.5 0.5 0.5 0.5 0 0.4 0 0.4 0.15 0.5 0.5 0.5 0.5 0.5 0.5 0.2 0.5 0 0.4 0.5 0.4 	0.5 4.18418 	HJ_P_Move
82	0.5 0.5 0 0.4 0.5 0 0.1 0.5 0.5 0.5 0.5 0.5 0.5 0 0.4 0 0.4 0.1 0.5 0.5 0.5 0.5 0.5 0.5 0.2 0.5 0 0.4 0.5 0.4 	0.5 4.16845 	PatMove
83	0.5 0.5 0 0.4 0.5 0 0.1 0.5 0.5 0.5 0.5 0.5 0.5 0 0.4 0 0.4 0.05 0.5 0.5 0.5 0.5 0.5 0.5 0.2 0.5 0 0.4 0.5 0.4 	0.5 4.15272 	HJ_P_Move
84	0.5 0.5 0 0.4 0.5 0 0.1 0.5 0.5 0.5 0.5 0.5 0.5 0 0.4 0 0.4 0 0.5 0.5 0.5 0.5 0.5 0.5 0.2 0.5 0 0.4 0.5 0.4 	0.5 4.13698 	PatMove
85	0.5 0.5 0 0.4 0.5 0 0.1 0.5 0.5 0.5 0.45 0.5 0.5 0 0.4 0 0.4 0 0.5 0.5 0.5 0.5 0.5 0.5 0.2 0.5 0 0.4 0.5 0.4 	0.5 4.12124 	HJ_P_Move
86	0.5 0.5 0 0.4 0.5 0 0.1 0.5 0.5 0.5 0.4 0.5 0.5 0 0.4 0 0.4 0 0.5 0.5 0.5 0.5 0.5 0.5 0.2 0.5 0 0.4 0.5 0.4 	0.5 4.1055 	PatMove
87	0.5 0.45 0 0.4 0.5 0 0.1 0.5 0.5 0.5 0.4 0.5 0.5 0 0.4 0 0.4 0 0.5 0.5 0.5 0.5 0.5 0.5 0.2 0.5 0 0.4 0.5 0.4 	0.5 4.08976 	HJ_P_Move
88	0.5 0.4 0 0.4 0.5 0 0.1 0.5 0.5 0.5 0.4 0.5 0.5 0 0.4 0 0.4 0 0.5 0.5 0.5 0.5 0.5 0.5 0.2 0.5 0 0.4 0.5 0.4 	0.5 4.07402 	PatMove
89	0.5 0.35 0 0.4 0.5 0 0.1 0.5 0.5 0.5 0.4 0.5 0.5 0 0.4 0 0.4 0 0.5 0.5 0.5 0.5 0.5 0.5 0.2 0.5 0 0.4 0.5 0.4 	0.5 4.05827 	HJ_P_Move
90	0.5 0.3 0 0.4 0.5 0 0.1 0.5 0.5 0.5 0.4 0.5 0.5 0 0.4 0 0.4 0 0.5 0.5 0.5 0.5 0.5 0.5 0.2 0.5 0 0.4 0.5 0.4 	0.5 4.04252 	PatMove
91	0.5 0.3 0 0.4 0.5 0 0.1 0.5 0.5 0.5 0.4 0.5 0.5 0 0.4 0 0.4 0 0.45 0.5 0.5 0.5 0.5 0.5 0.2 0.5 0 0.4 0.5 0.4 	0.5 4.02678 	HJ_P_Move
92	0.5 0.3 0 0.4 0.5 0 0.1 0.5 0.5 0.5 0.4 0.5 0.5 0 0.4 0 0.4 0 0.4 0.5 0.5 0.5 0.5 0.5 0.2 0.5 0 0.4 0.5 0.4 	0.5 4.01103 	PatMove
93	0.5 0.25 0 0.4 0.5 0 0.1 0.5 0.5 0.5 0.4 0.5 0.5 0 0.4 0 0.4 0 0.4 0.5 0.5 0.5 0.5 0.5 0.2 0.5 0 0.4 0.5 0.4 	0.5 3.99527 	HJ_P_Move
94	0.5 0.2 0 0.4 0.5 0 0.1 0.5 0.5 0.5 0.4 0.5 0.5 0 0.4 0 0.4 0 0.4 0.5 0.5 0.5 0.5 0.5 0.2 0.5 0 0.4 0.5 0.4 	0.5 3.97952 	PatMove
95	0.5 0.15 0 0.4 0.5 0 0.1 0.5 0.5 0.5 0.4 0.5 0.5 0 0.4 0 0.4 0 0.4 0.5 0.5 0.5 0.5 0.5 0.2 0.5 0 0.4 0.5 0.4 	0.5 3.96376 	HJ_P_Move
96	0.5 0.1 0 0.4 0.5 0 0.1 0.5 0.5 0.5 0.4 0.5 0.5 0 0.4 0 0.4 0 0.4 0.5 0.5 0.5 0.5 0.5 0.2 0.5 0 0.4 0.5 0.4 	0.5 3.94801 	PatMove
97	0.5 0.05 0 0.4 0.5 0 0.1 0.5 0.5 0.5 0.4 0.5 0.5 0 0.4 0 0.4 0 0.4 0.5 0.5 0.5 0.5 0.5 0.2 0.5 0 0.4 0.5 0.4 	0.5 3.93225 	HJ_P_Move
98	0.5 0 0 0.4 0.5 0 0.1 0.5 0.5 0.5 0.4 0.5 0.5 0 0.4 0 0.4 0 0.4 0.5 0.5 0.5 0.5 0.5 0.2 0.5 0 0.4 0.5 0.4 	0.5 3.91649 	PatMove
99	0.5 0 0 0.35 0.5 0 0.1 0.5 0.5 0.5 0.4 0.5 0.5 0 0.4 0 0.4 0 0.4 0.5 0.5 0.5 0.5 0.5 0.2 0.5 0 0.4 0.5 0.4 	0.5 3.90072 	HJ_P_Move
100	0.5 0 0 0.3 0.5 0 0.1 0.5 0.5 0.5 0.4 0.5 0.5 0 0.4 0 0.4 0 0.4 0.5 0.5 0.5 0.5 0.5 0.2 0.5 0 0.4 0.5 0.4 	0.5 3.88496 	PatMove
101	0.5 0 0 0.25 0.5 0 0.1 0.5 0.5 0.5 0.4 0.5 0.5 0 0.4 0 0.4 0 0.4 0.5 0.5 0.5 0.5 0.5 0.2 0.5 0 0.4 0.5 0.4 	0.5 3.86919 	HJ_P_Move
102	0.5 0 0 0.2 0.5 0 0.1 0.5 0.5 0.5 0.4 0.5 0.5 0 0.4 0 0.4 0 0.4 0.5 0.5 0.5 0.5 0.5 0.2 0.5 0 0.4 0.5 0.4 	0.5 3.85342 	PatMove
103	0.5 0 0 0.15 0.5 0 0.1 0.5 0.5 0.5 0.4 0.5 0.5 0 0.4 0 0.4 0 0.4 0.5 0.5 0.5 0.5 0.5 0.2 0.5 0 0.4 0.5 0.4 	0.5 3.83765 	HJ_P_Move
104	0.5 0 0 0.1 0.5 0 0.1 0.5 0.5 0.5 0.4 0.5 0.5 0 0.4 0 0.4 0 0.4 0.5 0.5 0.5 0.5 0.5 0.2 0.5 0 0.4 0.5 0.4 	0.5 3.82188 	PatMove
105	0.5 0 0 0.1 0.5 0 0.1 0.5 0.5 0.5 0.4 0.5 0.5 0 0.4 0 0.4 0 0.4 0.5 0.5 0.5 0.5 0.5 0.2 0.5 0 0.4 0.45 0.4 	0.5 3.8061 	HJ_P_Move
106	0.5 0 0 0.1 0.5 0 0.1 0.5 0.5 0.5 0.4 0.5 0.5 0 0.4 0 0.4 0 0.4 0.5 0.5 0.5 0.5 0.5 0.2 0.5 0 0.4 0.4 0.4 	0.5 3.79032 	PatMove
107	0.5 0 0 0.1 0.5 0 0.1 0.5 0.5 0.5 0.4 0.5 0.5 0 0.4 0 0.4 0 0.4 0.5 0.5 0.5 0.5 0.5 0.2 0.5 0 0.4 0.35 0.4 	0.5 3.77455 	HJ_P_Move
108	0.5 0 0 0.1 0.5 0 0.1 0.5 0.5 0.5 0.4 0.5 0.5 0 0.4 0 0.4 0 0.4 0.5 0.5 0.5 0.5 0.5 0.2 0.5 0 0.4 0.3 0.4 	0.5 3.75876 	PatMove
109	0.5 0 0 0.05 0.5 0 0.1 0.5 0.5 0.5 0.4 0.5 0.5 0 0.4 0 0.4 0 0.4 0.5 0.5 0.5 0.5 0.5 0.2 0.5 0 0.4 0.3 0.4 	0.5 3.74298 	HJ_P_Move
110	0.5 0 0 0 0.5 0 0.1 0.5 0.5 0.5 0.4 0.5 0.5 0 0.4 0 0.4 0 0.4 0.5 0.5 0.5 0.5 0.5 0.2 0.5 0 0.4 0.3 0.4 	0.5 3.72719 	PatMove
111	0.5 0 0 0 0.5 0 0.1 0.5 0.5 0.5 0.4 0.5 0.5 0 0.4 0 0.35 0 0.4 0.5 0.5 0.5 0.5 0.5 0.2 0.5 0 0.4 0.3 0.4 	0.5 3.71141 	HJ_P_Move
112	0.5 0 0 0 0.5 0 0.1 0.5 0.5 0.5 0.4 0.5 0.5 0 0.4 0 0.3 0 0.4 0.5 0.5 0.5 0.5 0.5 0.2 0.5 0 0.4 0.3 0.4 	0.5 3.69562 	PatMove
113	0.5 0 0 0 0.45 0 0.1 0.5 0.5 0.5 0.4 0.5 0.5 0 0.4 0 0.3 0 0.4 0.5 0.5 0.5 0.5 0.5 0.2 0.5 0 0.4 0.3 0.4 	0.5 3.67982 	HJ_P_Move
114	0.5 0 0 0 0.4 0 0.1 0.5 0.5 0.5 0.4 0.5 0.5 0 0.4 0 0.3 0 0.4 0.5 0.5 0.5 0.5 0.5 0.2 0.5 0 0.4 0.3 0.4 	0.5 3.66403 	PatMove
115	0.5 0 0 0 0.4 0 0.1 0.5 0.5 0.5 0.4 0.5 0.5 0 0.4 0 0.3 0 0.4 0.5 0.5 0.5 0.5 0.5 0.2 0.45 0 0.4 0.3 0.4 	0.5 3.64823 	HJ_P_Move
116	0.5 0 0 0 0.4 0 0.1 0.5 0.5 0.5 0.4 0.5 0.5 0 0.4 0 0.3 0 0.4 0.5 0.5 0.5 0.5 0.5 0.2 0.4 0 0.4 0.3 0.4 	0.5 3.63243 	PatMove
117	0.5 0 0 0 0.4 0 0.1 0.5 0.5 0.5 0.4 0.5 0.5 0 0.4 0 0.3 0 0.4 0.5 0.5 0.5 0.5 0.5 0.2 0.35 0 0.4 0.3 0.4 	0.5 3.61663 	HJ_P_Move
118	0.5 0 0 0 0.4 0 0.1 0.5 0.5 0.5 0.4 0.5 0.5 0 0.4 0 0.3 0 0.4 0.5 0.5 0.5 0.5 0.5 0.2 0.3 0 0.4 0.3 0.4 	0.5 3.60083 	PatMove
119	0.5 0 0 0 0.4 0 0.1 0.5 0.5 0.5 0.4 0.5 0.5 0 0.4 0 0.3 0 0.4 0.5 0.5 0.5 0.5 0.5 0.2 0.3 0 0.4 0.3 0.35 	0.5 3.58502 	HJ_P_Move
120	0.5 0 0 0 0.4 0 0.1 0.5 0.5 0.5 0.4 0.5 0.5 0 0.4 0 0.3 0 0.4 0.5 0.5 0.5 0.5 0.5 0.2 0.3 0 0.4 0.3 0.3 	0.5 3.56921 	PatMove
121	0.5 0 0 0 0.4 0 0.1 0.5 0.5 0.5 0.4 0.5 0.5 0 0.4 0 0.3 0 0.4 0.5 0.5 0.5 0.5 0.5 0.2 0.3 0 0.4 0.3 0.25 	0.5 3.5534 	HJ_P_Move
122	0.5 0 0 0 0.4 0 0.1 0.5 0.5 0.5 0.4 0.5 0.5 0 0.4 0 0.3 0 0.4 0.5 0.5 0.5 0.5 0.5 0.2 0.3 0 0.4 0.3 0.2 	0.5 3.53758 	PatMove
123	0.5 0 0 0 0.4 0 0.1 0.5 0.5 0.5 0.4 0.5 0.5 0 0.4 0 0.3 0 0.4 0.5 0.5 0.5 0.5 0.5 0.2 0.25 0 0.4 0.3 0.2 	0.5 3.52177 	HJ_P_Move
124	0.5 0 0 0 0.4 0 0.1 0.5 0.5 0.5 0.4 0.5 0.5 0 0.4 0 0.3 0 0.4 0.5 0.5 0.5 0.5 0.5 0.2 0.2 0 0.4 0.3 0.2 	0.5 3.50595 	PatMove
125	0.5 0 0 0 0.4 0 0.1 0.5 0.5 0.5 0.4 0.5 0.5 0 0.4 0 0.3 0 0.4 0.5 0.5 0.5 0.5 0.5 0.2 0.15 0 0.4 0.3 0.2 	0.5 3.49013 	HJ_P_Move
126	0.5 0 0 0 0.4 0 0.1 0.5 0.5 0.5 0.4 0.5 0.5 0 0.4 0 0.3 0 0.4 0.5 0.5 0.5 0.5 0.5 0.2 0.1 0 0.4 0.3 0.2 	0.5 3.4743 	PatMove
127	0.5 0 0 0 0.4 0 0.1 0.5 0.5 0.5 0.4 0.5 0.5 0 0.4 0 0.3 0 0.4 0.5 0.5 0.5 0.5 0.5 0.2 0.05 0 0.4 0.3 0.2 	0.5 3.45847 	HJ_P_Move
128	0.5 0 0 0 0.4 0 0.1 0.5 0.5 0.5 0.4 0.5 0.5 0 0.4 0 0.3 0 0.4 0.5 0.5 0.5 0.5 0.5 0.2 0 0 0.4 0.3 0.2 	0.5 3.44264 	PatMove
129	0.5 0 0 0 0.4 0 0.1 0.5 0.5 0.5 0.4 0.5 0.5 0 0.4 0 0.3 0 0.4 0.5 0.5 0.5 0.5 0.5 0.2 0 0 0.35 0.3 0.2 	0.5 3.42681 	HJ_P_Move
130	0.5 0 0 0 0.4 0 0.1 0.5 0.5 0.5 0.4 0.5 0.5 0 0.4 0 0.3 0 0.4 0.5 0.5 0.5 0.5 0.5 0.2 0 0 0.3 0.3 0.2 	0.5 3.41098 	PatMove
131	0.5 0 0 0 0.4 0 0.1 0.5 0.5 0.5 0.4 0.5 0.5 0 0.4 0 0.3 0 0.4 0.5 0.5 0.5 0.5 0.5 0.2 0 0 0.25 0.3 0.2 	0.5 3.39514 	HJ_P_Move
132	0.5 0 0 0 0.4 0 0.1 0.5 0.5 0.5 0.4 0.5 0.5 0 0.4 0 0.3 0 0.4 0.5 0.5 0.5 0.5 0.5 0.2 0 0 0.2 0.3 0.2 	0.5 3.3793 	PatMove
133	0.5 0 0 0 0.4 0 0.1 0.5 0.5 0.5 0.4 0.5 0.5 0 0.4 0 0.3 0 0.4 0.5 0.5 0.5 0.5 0.5 0.2 0 0 0.15 0.3 0.2 	0.5 3.36345 	HJ_P_Move
134	0.5 0 0 0 0.4 0 0.1 0.5 0.5 0.5 0.4 0.5 0.5 0 0.4 0 0.3 0 0.4 0.5 0.5 0.5 0.5 0.5 0.2 0 0 0.1 0.3 0.2 	0.5 3.3476 	PatMove
135	0.5 0 0 0 0.4 0 0.1 0.5 0.5 0.5 0.4 0.5 0.5 0 0.4 0 0.3 0 0.4 0.5 0.5 0.5 0.5 0.5 0.2 0 0 0.05 0.3 0.2 	0.5 3.33175 	HJ_P_Move
136	0.5 0 0 0 0.4 0 0.1 0.5 0.5 0.5 0.4 0.5 0.5 0 0.4 0 0.3 0 0.4 0.5 0.5 0.5 0.5 0.5 0.2 0 0 0 0.3 0.2 	0.5 3.3159 	PatMove
137	0.5 0 0 0 0.4 0 0.05 0.5 0.5 0.5 0.4 0.5 0.5 0 0.4 0 0.3 0 0.4 0.5 0.5 0.5 0.5 0.5 0.2 0 0 0 0.3 0.2 	0.5 3.30004 	HJ_P_Move
138	0.5 0 0 0 0.4 0 0 0.5 0.5 0.5 0.4 0.5 0.5 0 0.4 0 0.3 0 0.4 0.5 0.5 0.5 0.5 0.5 0.2 0 0 0 0.3 0.2 	0.5 3.28419 	PatMove
139	0.5 0 0 0 0.4 0 0 0.5 0.5 0.5 0.35 0.5 0.5 0 0.4 0 0.3 0 0.4 0.5 0.5 0.5 0.5 0.5 0.2 0 0 0 0.3 0.2 	0.5 3.26832 	HJ_P_Move
140	0.5 0 0 0 0.4 0 0 0.5 0.5 0.5 0.3 0.5 0.5 0 0.4 0 0.3 0 0.4 0.5 0.5 0.5 0.5 0.5 0.2 0 0 0 0.3 0.2 	0.5 3.25246 	PatMove
141	0.5 0 0 0 0.4 0 0 0.45 0.5 0.5 0.3 0.5 0.5 0 0.4 0 0.3 0 0.4 0.5 0.5 0.5 0.5 0.5 0.2 0 0 0 0.3 0.2 	0.5 3.23659 	HJ_P_Move
142	0.5 0 0 0 0.4 0 0 0.4 0.5 0.5 0.3 0.5 0.5 0 0.4 0 0.3 0 0.4 0.5 0.5 0.5 0.5 0.5 0.2 0 0 0 0.3 0.2 	0.5 3.22071 	PatMove
143	0.5 0 0 0 0.4 0 0 0.4 0.5 0.5 0.25 0.5 0.5 0 0.4 0 0.3 0 0.4 0.5 0.5 0.5 0.5 0.5 0.2 0 0 0 0.3 0.2 	0.5 3.20484 	HJ_P_Move
144	0.5 0 0 0 0.4 0 0 0.4 0.5 0.5 0.2 0.5 0.5 0 0.4 0 0.3 0 0.4 0.5 0.5 0.5 0.5 0.5 0.2 0 0 0 0.3 0.2 	0.5 3.18896 	PatMove
145	0.5 0 0 0 0.4 0 0 0.4 0.5 0.5 0.15 0.5 0.5 0 0.4 0 0.3 0 0.4 0.5 0.5 0.5 0.5 0.5 0.2 0 0 0 0.3 0.2 	0.5 3.17308 	HJ_P_Move
146	0.5 0 0 0 0.4 0 0 0.4 0.5 0.5 0.1 0.5 0.5 0 0.4 0 0.3 0 0.4 0.5 0.5 0.5 0.5 0.5 0.2 0 0 0 0.3 0.2 	0.5 3.15719 	PatMove
147	0.5 0 0 0 0.4 0 0 0.4 0.5 0.5 0.05 0.5 0.5 0 0.4 0 0.3 0 0.4 0.5 0.5 0.5 0.5 0.5 0.2 0 0 0 0.3 0.2 	0.5 3.1413 	HJ_P_Move
148	0.5 0 0 0 0.4 0 0 0.4 0.5 0.5 0 0.5 0.5 0 0.4 0 0.3 0 0.4 0.5 0.5 0.5 0.5 0.5 0.2 0 0 0 0.3 0.2 	0.5 3.12541 	PatMove
149	0.5 0 0 0 0.4 0 0 0.4 0.5 0.5 0 0.5 0.5 0 0.4 0 0.3 0 0.4 0.5 0.45 0.5 0.5 0.5 0.2 0 0 0 0.3 0.2 	0.5 3.10951 	HJ_P_Move
150	0.5 0 0 0 0.4 0 0 0.4 0.5 0.5 0 0.5 0.5 0 0.4 0 0.3 0 0.4 0.5 0.4 0.5 0.5 0.5 0.2 0 0 0 0.3 0.2 	0.5 3.09361 	PatMove
151	0.5 0 0 0 0.4 0 0 0.4 0.5 0.5 0 0.5 0.5 0 0.4 0 0.3 0 0.4 0.5 0.35 0.5 0.5 0.5 0.2 0 0 0 0.3 0.2 	0.5 3.0777 	HJ_P_Move
152	0.5 0 0 0 0.4 0 0 0.4 0.5 0.5 0 0.5 0.5 0 0.4 0 0.3 0 0.4 0.5 0.3 0.5 0.5 0.5 0.2 0 0 0 0.3 0.2 	0.5 3.0618 	PatMove
153	0.5 0 0 0 0.4 0 0 0.4 0.5 0.5 0 0.45 0.5 0 0.4 0 0.3 0 0.4 0.5 0.3 0.5 0.5 0.5 0.2 0 0 0 0.3 0.2 	0.5 3.04588 	HJ_P_Move
154	0.5 0 0 0 0.4 0 0 0.4 0.5 0.5 0 0.4 0.5 0 0.4 0 0.3 0 0.4 0.5 0.3 0.5 0.5 0.5 0.2 0 0 0 0.3 0.2 	0.5 3.02997 	PatMove
155	0.5 0 0 0 0.4 0 0 0.4 0.5 0.5 0 0.4 0.5 0 0.4 0 0.3 0 0.4 0.5 0.25 0.5 0.5 0.5 0.2 0 0 0 0.3 0.2 	0.5 3.01405 	HJ_P_Move
156	0.5 0 0 0 0.4 0 0 0.4 0.5 0.5 0 0.4 0.5 0 0.4 0 0.3 0 0.4 0.5 0.2 0.5 0.5 0.5 0.2 0 0 0 0.3 0.2 	0.5 2.99812 	PatMove
157	0.5 0 0 0 0.4 0 0 0.4 0.5 0.45 0 0.4 0.5 0 0.4 0 0.3 0 0.4 0.5 0.2 0.5 0.5 0.5 0.2 0 0 0 0.3 0.2 	0.5 2.98219 	HJ_P_Move
158	0.5 0 0 0 0.4 0 0 0.4 0.5 0.4 0 0.4 0.5 0 0.4 0 0.3 0 0.4 0.5 0.2 0.5 0.5 0.5 0.2 0 0 0 0.3 0.2 	0.5 2.96626 	PatMove
159	0.5 0 0 0 0.4 0 0 0.4 0.5 0.35 0 0.4 0.5 0 0.4 0 0.3 0 0.4 0.5 0.2 0.5 0.5 0.5 0.2 0 0 0 0.3 0.2 	0.5 2.95033 	HJ_P_Move
160	0.5 0 0 0 0.4 0 0 0.4 0.5 0.3 0 0.4 0.5 0 0.4 0 0.3 0 0.4 0.5 0.2 0.5 0.5 0.5 0.2 0 0 0 0.3 0.2 	0.5 2.93438 	PatMove
161	0.55 0 0 0 0.4 0 0 0.4 0.5 0.3 0 0.4 0.5 0 0.4 0 0.3 0 0.4 0.5 0.2 0.5 0.5 0.5 0.2 0 0 0 0.3 0.2 	0.55 2.91698 	HJ_P_Move
162	0.6 0 0 0 0.4 0 0 0.4 0.5 0.3 0 0.4 0.5 0 0.4 0 0.3 0 0.4 0.5 0.2 0.5 0.5 0.5 0.2 0 0 0 0.3 0.2 	0.6 2.89793 	PatMove
163	0.65 0 0 0 0.4 0 0 0.4 0.5 0.3 0 0.4 0.5 0 0.4 0 0.3 0 0.4 0.5 0.2 0.5 0.5 0.5 0.2 0 0 0 0.3 0.2 	0.65 2.87721 	HJ_P_Move
164	0.7 0 0 0 0.4 0 0 0.4 0.5 0.3 0 0.4 0.5 0 0.4 0 0.3 0 0.4 0.5 0.2 0.5 0.5 0.5 0.2 0 0 0 0.3 0.2 	0.7 2.85484 	PatMove
165	0.75 0 0 0 0.4 0 0 0.4 0.5 0.3 0 0.4 0.5 0 0.4 0 0.3 0 0.4 0.5 0.2 0.5 0.5 0.5 0.2 0 0 0 0.3 0.2 	0.75 2.83081 	HJ_P_Move
166	0.8 0 0 0 0.4 0 0 0.4 0.5 0.3 0 0.4 0.5 0 0.4 0 0.3 0 0.4 0.5 0.2 0.5 0.5 0.5 0.2 0 0 0 0.3 0.2 	0.8 2.80513 	PatMove
167	0.8 0 0 0 0.4 0 0 0.4 0.5 0.3 0 0.35 0.5 0 0.4 0 0.3 0 0.4 0.5 0.2 0.5 0.5 0.5 0.2 0 0 0 0.3 0.2 	0.8 2.78851 	HJ_P_Move
168	0.8 0 0 0 0.4 0 0 0.4 0.5 0.3 0 0.3 0.5 0 0.4 0 0.3 0 0.4 0.5 0.2 0.5 0.5 0.5 0.2 0 0 0 0.3 0.2 	0.8 2.77189 	PatMove
169	0.85 0 0 0 0.4 0 0 0.4 0.5 0.3 0 0.3 0.5 0 0.4 0 0.3 0 0.4 0.5 0.2 0.5 0.5 0.5 0.2 0 0 0 0.3 0.2 	0.85 2.74426 	HJ_P_Move
170	0.9 0 0 0 0.4 0 0 0.4 0.5 0.3 0 0.3 0.5 0 0.4 0 0.3 0 0.4 0.5 0.2 0.5 0.5 0.5 0.2 0 0 0 0.3 0.2 	0.9 2.71496 	PatMove
171	0.95 0 0 0 0.4 0 0 0.4 0.5 0.3 0 0.3 0.5 0 0.4 0 0.3 0 0.4 0.5 0.2 0.5 0.5 0.5 0.2 0 0 0 0.3 0.2 	0.95 2.68398 	HJ_P_Move
172	1 0 0 0 0.4 0 0 0.4 0.5 0.3 0 0.3 0.5 0 0.4 0 0.3 0 0.4 0.5 0.2 0.5 0.5 0.5 0.2 0 0 0 0.3 0.2 	1 2.65133 	PatMove
173	1 0 0 0 0.4 0 0 0.4 0.5 0.25 0 0.3 0.5 0 0.4 0 0.3 0 0.4 0.5 0.2 0.5 0.5 0.5 0.2 0 0 0 0.3 0.2 	1 2.63407 	HJ_P_Move
174	1 0 0 0 0.4 0 0 0.4 0.5 0.2 0 0.3 0.5 0 0.4 0 0.3 0 0.4 0.5 0.2 0.5 0.5 0.5 0.2 0 0 0 0.3 0.2 	1 2.61678 	PatMove
175	0.95 0 0 0 0.4 0 0 0.4 0.5 0.2 0 0.3 0.5 0 0.4 0 0.3 0 0.4 0.5 0.2 0.5 0.5 0.5 0.2 0 0 0 0.3 0.2 	0.95 2.64978 	HJ_P_Move
