0.5 0.5 0.5 0.5 0.5 0 0.4 0.5 0.5 0.5 0.5 0 0 0.95 0.55 0.5 0 0 0.4 0.4 0.5 0.8 0.65 0.5 0.5 0.5 0.5 0.5 0.5 0.5 
0.5 0.5 0.5 0.5 0.5 0 0.4 0.5 0.5 0.5 0.5 0 0 0.9 0.55 0.5 0 0 0.4 0.4 0.5 0.8 0.65 0.5 0.5 0.5 0.5 0.5 0.5 0.5 
0.5 0.5 0.5 0.5 0.5 0 0.4 0.5 0.5 0.5 0.5 0 0 0.85 0.55 0.5 0 0 0.4 0.4 0.5 0.8 0.65 0.5 0.5 0.5 0.5 0.5 0.5 0.5 
0.5 0.5 0.5 0.5 0.5 0 0.4 0.5 0.5 0.5 0.5 0 0 0.8 0.55 0.5 0 0 0.4 0.4 0.5 0.8 0.65 0.5 0.5 0.5 0.5 0.5 0.5 0.5 
0.5 0.5 0.5 0.5 0.5 0 0.4 0.5 0.5 0.5 0.5 0 0 0.75 0.55 0.5 0 0 0.4 0.4 0.5 0.8 0.65 0.5 0.5 0.5 0.5 0.5 0.5 0.5 
0.5 0.5 0.5 0.5 0.5 0 0.4 0.5 0.5 0.5 0.5 0 0 0.7 0.55 0.5 0 0 0.4 0.4 0.5 0.8 0.65 0.5 0.5 0.5 0.5 0.5 0.5 0.5 
0.5 0.5 0.5 0.5 0.5 0 0.4 0.5 0.5 0.5 0.5 0 0 0.65 0.55 0.5 0 0 0.4 0.4 0.5 0.8 0.65 0.5 0.5 0.5 0.5 0.5 0.5 0.5 
0.5 0.5 0.5 0.5 0.5 0 0.4 0.5 0.5 0.5 0.5 0 0 0.6 0.55 0.5 0 0 0.4 0.4 0.5 0.8 0.65 0.5 0.5 0.5 0.5 0.5 0.5 0.5 
0.5 0.5 0.5 0.5 0.5 0 0.4 0.5 0.5 0.5 0.5 0 0 0.55 0.55 0.5 0 0 0.4 0.4 0.5 0.8 0.65 0.5 0.5 0.5 0.5 0.5 0.5 0.5 
0.5 0.5 0.5 0.5 0.5 0 0.4 0.5 0.5 0.5 0.5 0 0 0.5 0.55 0.5 0 0 0.4 0.4 0.5 0.8 0.65 0.5 0.5 0.5 0.5 0.5 0.5 0.5 
0.5 0.5 0.5 0.5 0.5 0 0.4 0.5 0.5 0.5 0.5 0 0 0.5 0.5 0.5 0 0 0.4 0.4 0.5 0.8 0.65 0.5 0.5 0.5 0.5 0.5 0.5 0.5 
0.5 0.5 0.5 0.5 0.5 0 0.4 0.5 0.5 0.5 0.5 0 0.05 0.5 0.5 0.5 0 0 0.4 0.4 0.5 0.8 0.65 0.5 0.5 0.5 0.5 0.5 0.5 0.5 
0.5 0.5 0.5 0.5 0.5 0 0.4 0.5 0.5 0.5 0.5 0 0.1 0.5 0.5 0.5 0 0 0.4 0.4 0.5 0.8 0.65 0.5 0.5 0.5 0.5 0.5 0.5 0.5 
0.5 0.5 0.5 0.5 0.5 0 0.4 0.5 0.5 0.5 0.5 0 0.15 0.5 0.5 0.5 0 0 0.4 0.4 0.5 0.8 0.65 0.5 0.5 0.5 0.5 0.5 0.5 0.5 
0.5 0.5 0.5 0.5 0.5 0 0.4 0.5 0.5 0.5 0.5 0 0.2 0.5 0.5 0.5 0 0 0.4 0.4 0.5 0.8 0.65 0.5 0.5 0.5 0.5 0.5 0.5 0.5 
0.5 0.5 0.5 0.5 0.5 0 0.4 0.5 0.5 0.5 0.5 0 0.25 0.5 0.5 0.5 0 0 0.4 0.4 0.5 0.8 0.65 0.5 0.5 0.5 0.5 0.5 0.5 0.5 
0.5 0.5 0.5 0.5 0.5 0 0.4 0.5 0.5 0.5 0.5 0 0.3 0.5 0.5 0.5 0 0 0.4 0.4 0.5 0.8 0.65 0.5 0.5 0.5 0.5 0.5 0.5 0.5 
0.5 0.5 0.5 0.5 0.5 0 0.4 0.5 0.5 0.5 0.5 0.05 0.3 0.5 0.5 0.5 0 0 0.4 0.4 0.5 0.8 0.65 0.5 0.5 0.5 0.5 0.5 0.5 0.5 
0.5 0.5 0.5 0.5 0.5 0 0.4 0.5 0.5 0.5 0.95 0.1 0.25 0.5 0.5 0.5 0 0 0.4 0.4 0.5 0.8 0.65 0.5 0.5 0.5 0.5 0.5 0.5 0.5 
0.5 0.5 0.5 0.5 0.5 0 0.4 0.5 0.5 0.5 0.95 0.1 0.3 0.5 0.5 0.5 0 0 0.4 0.4 0.5 0.8 0.65 0.5 0.5 0.5 0.5 0.5 0.5 0.5 
