0.560651 0.0871076 0.159135 0.20488 0.243518 0.30513 0.0671925 0.0191843 0.00890382 0.0198227 0.0204942 0.00474995 0.0191749 0.242569 0.0116007 0.186928 0.172932 0.00168164 0.0424795 0.28435 0.295407 0.181174 0.128193 0.0555658 0.00544969 0.00498712 0.00817081 0.0758445 0.0288199 0.26391 
0.560651 0.0871076 0.159135 0.20488 0.243518 0.30513 0.0671925 0.0191843 0.00890382 0.0198227 0.0204942 0.00474995 0.0191749 0.217569 0.0116007 0.186928 0.172932 0.00168164 0.0424795 0.28435 0.295407 0.181174 0.128193 0.0555658 0.00544969 0.00498712 0.00817081 0.0758445 0.0288199 0.26391 
0.560651 0.0871076 0.159135 0.20488 0.243518 0.30513 0.0671925 0.0191843 0.00890382 0.0198227 0.0204942 0.00474995 0.0191749 0.192569 0.0116007 0.186928 0.172932 0.00168164 0.0424795 0.28435 0.295407 0.181174 0.128193 0.0555658 0.00544969 0.00498712 0.00817081 0.0758445 0.0288199 0.26391 
0.560651 0.0871076 0.159135 0.20488 0.243518 0.30513 0.0671925 0.0191843 0.00890382 0.0198227 0.0204942 0.00474995 0.0191749 0.167569 0.0116007 0.186928 0.172932 0.00168164 0.0424795 0.28435 0.295407 0.181174 0.128193 0.0555658 0.00544969 0.00498712 0.00817081 0.0758445 0.0288199 0.26391 
0.560651 0.0871076 0.159135 0.20488 0.243518 0.30513 0.0671925 0.0191843 0.00890382 0.0198227 0.0204942 0.00474995 0.0191749 0.142569 0.0116007 0.186928 0.172932 0.00168164 0.0424795 0.28435 0.295407 0.181174 0.128193 0.0555658 0.00544969 0.00498712 0.00817081 0.0758445 0.0288199 0.26391 
0.560651 0.0871076 0.159135 0.20488 0.243518 0.30513 0.0671925 0.0191843 0.00890382 0.0198227 0.0204942 0.00474995 0.0191749 0.117569 0.0116007 0.186928 0.172932 0.00168164 0.0424795 0.28435 0.295407 0.181174 0.128193 0.0555658 0.00544969 0.00498712 0.00817081 0.0758445 0.0288199 0.26391 
0.560651 0.0871076 0.159135 0.20488 0.243518 0.30513 0.0671925 0.0191843 0.00890382 0.0198227 0.0204942 0.00474995 0.0191749 0.0925689 0.0116007 0.186928 0.172932 0.00168164 0.0424795 0.28435 0.295407 0.181174 0.128193 0.0555658 0.00544969 0.00498712 0.00817081 0.0758445 0.0288199 0.26391 
0.560651 0.0871076 0.159135 0.20488 0.243518 0.30513 0.0671925 0.0191843 0.00890382 0.0198227 0.0204942 0.00474995 0.0191749 0.0675689 0.0116007 0.186928 0.172932 0.00168164 0.0424795 0.28435 0.295407 0.181174 0.128193 0.0555658 0.00544969 0.00498712 0.00817081 0.0758445 0.0288199 0.26391 
0.560651 0.0871076 0.159135 0.20488 0.243518 0.30513 0.0671925 0.0191843 0.00890382 0.0198227 0.0204942 0.00474995 0.0191749 0.0425689 0.0116007 0.186928 0.172932 0.00168164 0.0424795 0.28435 0.295407 0.181174 0.128193 0.0555658 0.00544969 0.00498712 0.00817081 0.0758445 0.0288199 0.26391 
0.560651 0.0871076 0.159135 0.20488 0.243518 0.30513 0.0671925 0.0191843 0.00890382 0.0198227 0.0204942 0.00474995 0.0191749 0.0175689 0.0116007 0.186928 0.172932 0.00168164 0.0424795 0.28435 0.295407 0.181174 0.128193 0.0555658 0.00544969 0.00498712 0.00817081 0.0758445 0.0288199 0.26391 
0.560651 0.0871076 0.159135 0.20488 0.243518 0.30513 0.0671925 0.0191843 0.00890382 0.0198227 0.0204942 0.00474995 0.0191749 0.0175689 0.0116007 0.186928 0.172932 0.00168164 0.0424795 0.28435 0.295407 0.181174 0.128193 0.0555658 0.00544969 0.00498712 0.00817081 0.0758445 0.0538199 0.26391 
0.560651 0.0871076 0.159135 0.20488 0.243518 0.30513 0.0671925 0.0191843 0.00890382 0.0198227 0.0204942 0.00474995 0.0191749 0.0175689 0.0116007 0.186928 0.172932 0.00168164 0.0424795 0.28435 0.295407 0.181174 0.128193 0.0555658 0.00544969 0.00498712 0.00817081 0.0758445 0.0788199 0.26391 
0.560651 0.0871076 0.159135 0.20488 0.243518 0.30513 0.0671925 0.0191843 0.00890382 0.0198227 0.0204942 0.00474995 0.0191749 0.0175689 0.0116007 0.186928 0.172932 0.00168164 0.0424795 0.28435 0.295407 0.181174 0.128193 0.0555658 0.00544969 0.00498712 0.00817081 0.0758445 0.10382 0.26391 
0.560651 0.0871076 0.159135 0.20488 0.243518 0.30513 0.0671925 0.0191843 0.00890382 0.0198227 0.0204942 0.00474995 0.0191749 0.0175689 0.0116007 0.186928 0.172932 0.00168164 0.0424795 0.28435 0.295407 0.181174 0.128193 0.0555658 0.00544969 0.00498712 0.00817081 0.0758445 0.12882 0.26391 
0.560651 0.0871076 0.159135 0.20488 0.243518 0.30513 0.0671925 0.0191843 0.00890382 0.0198227 0.0204942 0.00474995 0.0191749 0.0175689 0.0116007 0.186928 0.172932 0.00168164 0.0424795 0.28435 0.295407 0.181174 0.128193 0.0555658 0.00544969 0.00498712 0.00817081 0.0758445 0.15382 0.26391 
0.560651 0.0871076 0.159135 0.20488 0.243518 0.30513 0.0671925 0.0191843 0.00890382 0.0198227 0.0204942 0.00474995 0.0191749 0.0175689 0.0116007 0.186928 0.172932 0.00168164 0.0424795 0.28435 0.295407 0.181174 0.128193 0.0555658 0.00544969 0.00498712 0.00817081 0.0758445 0.17882 0.26391 
0.560651 0.0871076 0.184135 0.20488 0.243518 0.30513 0.0671925 0.0191843 0.00890382 0.0198227 0.0204942 0.00474995 0.0191749 0.0175689 0.0116007 0.186928 0.172932 0.00168164 0.0424795 0.28435 0.295407 0.181174 0.128193 0.0555658 0.00544969 0.00498712 0.00817081 0.0758445 0.17882 0.26391 
0.560651 0.0871076 0.184135 0.20488 0.243518 0.30513 0.0671925 0.0191843 0.00890382 0.0198227 0.0204942 0.00474995 0.0191749 0.0175689 0.0116007 0.186928 0.172932 0.00168164 0.0424795 0.28435 0.295407 0.181174 0.128193 0.0305658 0.00544969 0.00498712 0.00817081 0.0758445 0.17882 0.26391 
0.560651 0.0871076 0.184135 0.20488 0.243518 0.30513 0.0671925 0.0191843 0.00890382 0.0198227 0.0204942 0.00474995 0.0191749 0.0175689 0.0116007 0.186928 0.172932 0.00168164 0.0424795 0.28435 0.270407 0.181174 0.128193 0.0305658 0.00544969 0.00498712 0.00817081 0.0758445 0.17882 0.26391 
0.560651 0.0871076 0.184135 0.20488 0.243518 0.30513 0.0421925 0.0191843 0.00890382 0.0198227 0.0204942 0.00474995 0.0191749 0.0175689 0.0116007 0.186928 0.172932 0.00168164 0.0424795 0.28435 0.345407 0.181174 0.128193 0.105566 0.00544969 0.00498712 0.00817081 0.0758445 0.17882 0.26391 
