0.5 0.2 0.5 0.5 0.3 0 0.55 0.5 0 0.5 0.5 0 0 0.55 0.25 0.5 0 0 0 0.05 0 0.6 0.5 0.5 0.5 0.3 0.5 0.5 0.5 0.45 
0.5 0.25 0.5 0.5 0.3 0 0.55 0.5 0 0.5 0.5 0 0 0.55 0.25 0.5 0 0 0 0.05 0 0.6 0.5 0.5 0.5 0.3 0.5 0.5 0.5 0.45 
0.5 0.3 0.5 0.5 0.3 0 0.55 0.5 0 0.5 0.5 0 0 0.55 0.25 0.5 0 0 0 0.05 0 0.6 0.5 0.5 0.5 0.3 0.5 0.5 0.5 0.45 
0.5 0.3 0.5 0.5 0.3 0 0.5 0.5 0 0.5 0.5 0 0 0.55 0.25 0.5 0 0 0 0.05 0 0.6 0.5 0.5 0.5 0.3 0.5 0.5 0.5 0.45 
0.5 0.3 0.5 0.5 0.3 0 0.45 0.5 0 0.5 0.5 0 0 0.55 0.25 0.5 0 0 0 0.05 0 0.6 0.5 0.5 0.5 0.3 0.5 0.5 0.5 0.45 
0.5 0.3 0.5 0.5 0.3 0 0.4 0.5 0 0.5 0.5 0 0 0.55 0.25 0.5 0 0 0 0.05 0 0.6 0.5 0.5 0.5 0.3 0.5 0.5 0.5 0.45 
0.5 0.35 0.5 0.5 0.3 0 0.4 0.5 0 0.5 0.5 0 0 0.55 0.25 0.5 0 0 0 0.05 0 0.6 0.5 0.5 0.5 0.3 0.5 0.5 0.5 0.45 
0.5 0.4 0.5 0.5 0.3 0 0.4 0.5 0 0.5 0.5 0 0 0.55 0.25 0.5 0 0 0 0.05 0 0.6 0.5 0.5 0.5 0.3 0.5 0.5 0.5 0.45 
0.5 0.45 0.5 0.5 0.3 0 0.4 0.5 0 0.5 0.5 0 0 0.55 0.25 0.5 0 0 0 0.05 0 0.6 0.5 0.5 0.5 0.3 0.5 0.5 0.5 0.45 
0.5 0.5 0.5 0.5 0.3 0 0.4 0.45 0 0.5 0.5 0 0 0.55 0.25 0.5 0 0 0 0 0 0.6 0.5 0.5 0.5 0.65 0.55 0.5 0.5 0.45 
0.5 0.5 0.5 0.5 0.3 0 0.4 0.5 0 0.5 0.5 0 0 0.55 0.25 0.5 0 0 0 0 0 0.6 0.5 0.5 0.5 0.65 0.55 0.5 0.5 0.45 
0.5 0.5 0.5 0.5 0.3 0 0.4 0.5 0 0.5 0.5 0 0 0.55 0.25 0.5 0 0 0 0 0 0.6 0.5 0.5 0.5 0.6 0.55 0.5 0.5 0.45 
0.5 0.5 0.5 0.5 0.3 0 0.4 0.5 0 0.5 0.5 0 0 0.55 0.25 0.5 0 0 0 0 0 0.6 0.5 0.5 0.5 0.55 0.55 0.5 0.5 0.45 
0.5 0.5 0.5 0.5 0.3 0 0.4 0.5 0 0.5 0.5 0 0 0.55 0.25 0.5 0 0 0 0 0 0.6 0.5 0.5 0.5 0.5 0.55 0.5 0.5 0.45 
0.5 0.5 0.5 0.5 0.3 0 0.4 0.5 0 0.5 0.5 0 0 0.55 0.25 0.5 0 0 0 0 0 0.6 0.5 0.5 0.5 0.45 0.55 0.5 0.5 0.45 
0.5 0.5 0.5 0.5 0.3 0 0.4 0.5 0 0.5 0.5 0 0 0.55 0.25 0.5 0 0 0 0 0 0.6 0.5 0.5 0.5 0.4 0.55 0.5 0.5 0.45 
0.5 0.5 0.5 0.5 0.3 0 0.4 0.5 0 0.5 0.5 0 0 0.55 0.25 0.5 0 0 0 0 0 0.6 0.5 0.5 0.5 0.35 0.55 0.5 0.5 0.45 
0.5 0.5 0.5 0.5 0.3 0 0.4 0.5 0 0.5 0.5 0 0 0.55 0.25 0.5 0 0 0 0 0 0.6 0.5 0.5 0.5 0.3 0.55 0.5 0.5 0.45 
0.5 0.5 0.5 0.5 0.3 0 0.4 0.5 0 0.5 0.5 0 0 0.55 0.25 0.5 0 0 0 0 0 0.6 0.5 0.5 0.5 0.3 0.5 0.5 0.5 0.45 
0.5 0.5 0.5 0.5 0.3 0 0.4 0.5 0 0.5 0.5 0 0 0.55 0.25 0.5 0 0 0 0.05 0 0.6 0.5 0.5 0.5 0.3 0.5 0.5 0.5 0.45 
