#loop	basepoint	objectives	function
0	0.5 0.5 0.5 0.5 0.5 0.5 0.5 0.5 0.5 0.5 0.5 0.5 0.5 0.5 0.5 0.5 0.5 0.5 0.5 0.5 0.5 0.5 0.5 0.5 0.5 0.5 0.5 0.5 0.5 0.5 	0.5 5.45455 	initial
1	0.5 0.5 0.5 0.5 0.5 0.5 0.5 0.5 0.5 0.5 0.5 0.5 0.5 0.5 0.5 0.5 0.5 0.5 0.5 0.45 0.5 0.5 0.5 0.5 0.5 0.5 0.5 0.5 0.5 0.5 	33333 33333 	HJ_P_Move
2	0.5 0.5 0.5 0.5 0.5 0.5 0.5 0.5 0.5 0.5 0.5 0.5 0.5 0.5 0.5 0.5 0.5 0.5 0.5 0.4 0.5 0.5 0.5 0.5 0.5 0.5 0.5 0.5 0.5 0.5 	0.5 5.42325 	PatMove
3	0.5 0.5 0.5 0.5 0.5 0.5 0.5 0.5 0.5 0.5 0.5 0.5 0.45 0.5 0.5 0.5 0.5 0.5 0.5 0.4 0.5 0.5 0.5 0.5 0.5 0.5 0.5 0.5 0.5 0.5 	33333 33333 	HJ_P_Move
4	0.5 0.5 0.5 0.5 0.5 0.5 0.5 0.5 0.5 0.5 0.5 0.5 0.4 0.5 0.5 0.5 0.5 0.5 0.5 0.4 0.5 0.5 0.5 0.5 0.5 0.5 0.5 0.5 0.5 0.5 	0.5 5.39196 	PatMove
5	0.5 0.5 0.5 0.5 0.5 0.5 0.5 0.5 0.5 0.5 0.5 0.5 0.35 0.5 0.5 0.5 0.5 0.5 0.5 0.4 0.5 0.5 0.5 0.5 0.5 0.5 0.5 0.5 0.5 0.5 	33333 33333 	HJ_P_Move
6	0.5 0.5 0.5 0.5 0.5 0.5 0.5 0.5 0.5 0.5 0.5 0.5 0.3 0.5 0.5 0.5 0.5 0.5 0.5 0.4 0.5 0.5 0.5 0.5 0.5 0.5 0.5 0.5 0.5 0.5 	0.5 5.36066 	PatMove
7	0.5 0.5 0.5 0.5 0.5 0.5 0.5 0.5 0.5 0.5 0.5 0.5 0.3 0.5 0.5 0.5 0.5 0.5 0.5 0.4 0.5 0.55 0.5 0.5 0.5 0.5 0.5 0.5 0.5 0.5 	33333 33333 	HJ_P_Move
8	0.5 0.5 0.5 0.5 0.5 0.5 0.5 0.5 0.5 0.5 0.5 0.5 0.3 0.5 0.5 0.5 0.5 0.5 0.5 0.4 0.5 0.6 0.5 0.5 0.5 0.5 0.5 0.5 0.5 0.5 	33333 33333 	HJ_P_Move
9	0.5 0.5 0.5 0.5 0.5 0.5 0.5 0.5 0.5 0.5 0.5 0.5 0.3 0.5 0.5 0.5 0.5 0.5 0.5 0.4 0.5 0.65 0.5 0.5 0.5 0.5 0.5 0.5 0.5 0.5 	33333 33333 	HJ_P_Move
10	0.5 0.5 0.5 0.5 0.5 0.5 0.5 0.5 0.5 0.5 0.5 0.5 0.3 0.5 0.5 0.5 0.5 0.5 0.5 0.4 0.5 0.7 0.5 0.5 0.5 0.5 0.5 0.5 0.5 0.5 	33333 33333 	HJ_P_Move
11	0.5 0.5 0.5 0.5 0.5 0.5 0.5 0.5 0.5 0.5 0.5 0.5 0.3 0.5 0.5 0.5 0.5 0.5 0.5 0.4 0.5 0.75 0.5 0.5 0.5 0.5 0.5 0.5 0.5 0.5 	33333 33333 	HJ_P_Move
12	0.5 0.5 0.5 0.5 0.5 0.5 0.5 0.5 0.5 0.5 0.5 0.5 0.3 0.5 0.5 0.5 0.5 0.5 0.5 0.4 0.5 0.8 0.5 0.5 0.5 0.5 0.5 0.5 0.5 0.5 	33333 33333 	HJ_P_Move
13	0.5 0.5 0.5 0.5 0.5 0.5 0.5 0.5 0.5 0.5 0.5 0.5 0.3 0.5 0.5 0.5 0.5 0.5 0.5 0.4 0.5 0.85 0.5 0.5 0.5 0.5 0.5 0.5 0.5 0.5 	33333 33333 	HJ_P_Move
14	0.5 0.5 0.5 0.5 0.5 0.5 0.5 0.5 0.5 0.5 0.5 0.5 0.3 0.5 0.5 0.5 0.5 0.5 0.5 0.4 0.5 0.9 0.5 0.5 0.5 0.5 0.5 0.5 0.5 0.5 	33333 33333 	HJ_P_Move
15	0.5 0.5 0.5 0.5 0.5 0.5 0.5 0.5 0.5 0.5 0.5 0.5 0.3 0.5 0.5 0.5 0.5 0.5 0.5 0.4 0.5 0.95 0.5 0.5 0.5 0.5 0.5 0.5 0.5 0.5 	33333 33333 	HJ_P_Move
16	0.5 0.5 0.5 0.5 0.5 0.5 0.5 0.5 0.5 0.5 0.5 0.5 0.3 0.5 0.5 0.5 0.45 0.5 0.5 0.4 0.5 0.95 0.5 0.5 0.5 0.5 0.5 0.5 0.5 0.5 	33333 33333 	HJ_P_Move
17	0.5 0.5 0.5 0.5 0.5 0.5 0.5 0.5 0.5 0.5 0.5 0.5 0.3 0.5 0.5 0.5 0.5 0.5 0.5 0.4 0.5 0.5 0.5 0.5 0.5 0.5 0.5 0.5 0.5 0.5 	0.5 5.36066 	IntMove
18	0.5 0.5 0.5 0.5 0.5 0.5 0.5 0.5 0.5 0.5 0.5 0.5 0.3 0.5 0.5 0.5 0.5 0.5 0.5 0.4 0.5 0.5 0.55 0.5 0.5 0.5 0.5 0.5 0.5 0.5 	33333 33333 	HJ_P_Move
19	0.5 0.5 0.5 0.5 0.5 0.5 0.5 0.5 0.5 0.5 0.5 0.5 0.3 0.5 0.5 0.5 0.5 0.5 0.5 0.4 0.5 0.55 0.55 0.5 0.5 0.5 0.5 0.5 0.5 0.5 	33333 33333 	HJ_P_Move
20	0.5 0.5 0.5 0.5 0.5 0.5 0.5 0.5 0.5 0.5 0.5 0.5 0.3 0.5 0.5 0.5 0.45 0.5 0.5 0.4 0.5 0.55 0.55 0.5 0.5 0.5 0.5 0.5 0.5 0.5 	33333 33333 	HJ_P_Move
21	0.5 0.5 0.5 0.5 0.5 0.5 0.5 0.5 0.5 0.5 0.5 0.5 0.3 0.5 0.5 0.5 0.4 0.5 0.5 0.4 0.5 0.55 0.55 0.5 0.5 0.5 0.5 0.5 0.5 0.5 	0.5 5.36066 	PatMove
22	0.5 0.5 0.5 0.5 0.5 0.5 0.5 0.5 0.5 0.5 0.5 0.5 0.3 0.5 0.5 0.5 0.4 0.5 0.5 0.4 0.5 0.55 0.6 0.5 0.5 0.5 0.5 0.5 0.5 0.5 	33333 33333 	HJ_P_Move
23	0.5 0.5 0.5 0.5 0.5 0.5 0.5 0.5 0.5 0.5 0.5 0.5 0.3 0.5 0.5 0.5 0.4 0.5 0.5 0.4 0.5 0.6 0.6 0.5 0.5 0.5 0.5 0.5 0.5 0.5 	33333 33333 	HJ_P_Move
24	0.5 0.5 0.5 0.5 0.5 0.5 0.5 0.5 0.5 0.5 0.5 0.5 0.3 0.5 0.5 0.5 0.4 0.5 0.5 0.4 0.5 0.65 0.6 0.5 0.5 0.5 0.5 0.5 0.5 0.5 	33333 33333 	HJ_P_Move
25	0.5 0.5 0.5 0.5 0.5 0.5 0.5 0.5 0.5 0.5 0.5 0.5 0.3 0.5 0.5 0.5 0.4 0.5 0.5 0.4 0.5 0.7 0.6 0.5 0.5 0.5 0.5 0.5 0.5 0.5 	33333 33333 	HJ_P_Move
26	0.5 0.5 0.5 0.5 0.5 0.5 0.5 0.5 0.5 0.5 0.5 0.5 0.3 0.5 0.5 0.5 0.4 0.5 0.5 0.4 0.5 0.75 0.6 0.5 0.5 0.5 0.5 0.5 0.5 0.5 	33333 33333 	HJ_P_Move
27	0.5 0.5 0.5 0.5 0.5 0.5 0.5 0.5 0.5 0.5 0.5 0.5 0.3 0.5 0.5 0.5 0.4 0.5 0.5 0.4 0.5 0.8 0.6 0.5 0.5 0.5 0.5 0.5 0.5 0.5 	33333 33333 	HJ_P_Move
28	0.5 0.5 0.5 0.5 0.5 0.5 0.5 0.5 0.5 0.5 0.5 0.5 0.3 0.5 0.5 0.5 0.4 0.5 0.5 0.4 0.5 0.85 0.6 0.5 0.5 0.5 0.5 0.5 0.5 0.5 	33333 33333 	HJ_P_Move
29	0.5 0.5 0.5 0.5 0.5 0.5 0.5 0.5 0.5 0.5 0.5 0.5 0.3 0.5 0.5 0.5 0.4 0.5 0.5 0.4 0.5 0.9 0.6 0.5 0.5 0.5 0.5 0.5 0.5 0.5 	33333 33333 	HJ_P_Move
30	0.5 0.5 0.5 0.5 0.5 0.5 0.5 0.5 0.5 0.5 0.5 0.5 0.3 0.5 0.5 0.5 0.4 0.5 0.5 0.4 0.5 0.95 0.6 0.5 0.5 0.5 0.5 0.5 0.5 0.5 	33333 33333 	HJ_P_Move
31	0.5 0.5 0.5 0.5 0.5 0.5 0.5 0.5 0.5 0.5 0.5 0.5 0.3 0.5 0.5 0.5 0.35 0.5 0.5 0.4 0.5 0.95 0.6 0.5 0.5 0.5 0.5 0.5 0.5 0.5 	33333 33333 	HJ_P_Move
32	0.5 0.5 0.5 0.5 0.5 0.5 0.5 0.5 0.5 0.5 0.5 0.5 0.3 0.5 0.5 0.5 0.4 0.5 0.5 0.4 0.5 0.55 0.55 0.5 0.5 0.5 0.5 0.5 0.5 0.5 	0.5 5.36066 	IntMove
33	0.5 0.5 0.5 0.5 0.5 0.5 0.5 0.5 0.5 0.5 0.5 0.5 0.3 0.5 0.5 0.5 0.35 0.5 0.5 0.4 0.5 0.55 0.55 0.5 0.5 0.5 0.5 0.5 0.5 0.5 	33333 33333 	HJ_P_Move
34	0.5 0.5 0.5 0.5 0.5 0.5 0.5 0.5 0.5 0.5 0.5 0.5 0.3 0.5 0.5 0.5 0.3 0.5 0.5 0.4 0.5 0.55 0.55 0.5 0.5 0.5 0.5 0.5 0.5 0.5 	0.5 5.32936 	PatMove
35	0.5 0.5 0.5 0.5 0.5 0.5 0.5 0.5 0.5 0.5 0.5 0.5 0.3 0.5 0.5 0.5 0.3 0.5 0.5 0.4 0.5 0.6 0.55 0.5 0.5 0.5 0.5 0.5 0.5 0.5 	33333 33333 	HJ_P_Move
36	0.5 0.5 0.5 0.5 0.5 0.5 0.5 0.5 0.5 0.5 0.5 0.5 0.3 0.5 0.5 0.5 0.3 0.5 0.5 0.4 0.5 0.65 0.55 0.5 0.5 0.5 0.5 0.5 0.5 0.5 	33333 33333 	HJ_P_Move
37	0.5 0.5 0.5 0.5 0.5 0.5 0.5 0.5 0.5 0.5 0.5 0.5 0.3 0.5 0.5 0.5 0.3 0.5 0.5 0.4 0.5 0.7 0.55 0.5 0.5 0.5 0.5 0.5 0.5 0.5 	33333 33333 	HJ_P_Move
38	0.5 0.5 0.5 0.5 0.5 0.5 0.5 0.5 0.5 0.5 0.5 0.5 0.3 0.5 0.5 0.5 0.3 0.5 0.5 0.4 0.5 0.75 0.55 0.5 0.5 0.5 0.5 0.5 0.5 0.5 	33333 33333 	HJ_P_Move
39	0.5 0.5 0.5 0.5 0.5 0.5 0.5 0.5 0.5 0.5 0.5 0.5 0.3 0.5 0.5 0.5 0.3 0.5 0.5 0.4 0.5 0.8 0.55 0.5 0.5 0.5 0.5 0.5 0.5 0.5 	33333 33333 	HJ_P_Move
40	0.5 0.5 0.5 0.5 0.5 0.5 0.5 0.5 0.5 0.5 0.5 0.5 0.3 0.5 0.5 0.5 0.3 0.5 0.5 0.4 0.5 0.85 0.55 0.5 0.5 0.5 0.5 0.5 0.5 0.5 	33333 33333 	HJ_P_Move
41	0.5 0.5 0.5 0.5 0.5 0.5 0.5 0.5 0.5 0.5 0.5 0.5 0.3 0.5 0.5 0.5 0.3 0.5 0.5 0.4 0.5 0.9 0.55 0.5 0.5 0.5 0.5 0.5 0.5 0.5 	33333 33333 	HJ_P_Move
42	0.5 0.5 0.5 0.5 0.5 0.5 0.5 0.5 0.5 0.5 0.5 0.5 0.3 0.5 0.5 0.5 0.3 0.5 0.5 0.4 0.5 0.95 0.55 0.5 0.5 0.5 0.5 0.5 0.5 0.5 	33333 33333 	HJ_P_Move
43	0.5 0.5 0.5 0.5 0.5 0.5 0.5 0.5 0.5 0.5 0.5 0.5 0.3 0.5 0.5 0.5 0.25 0.5 0.5 0.4 0.5 0.95 0.55 0.5 0.5 0.5 0.5 0.5 0.5 0.5 	33333 33333 	HJ_P_Move
44	0.5 0.5 0.5 0.5 0.5 0.5 0.5 0.5 0.5 0.5 0.5 0.5 0.3 0.5 0.5 0.5 0.2 0.5 0.5 0.4 0.5 0.95 0.55 0.5 0.5 0.5 0.5 0.5 0.5 0.5 	33333 33333 	HJ_P_Move
45	0.5 0.5 0.5 0.5 0.5 0.5 0.5 0.5 0.5 0.5 0.5 0.5 0.3 0.5 0.5 0.5 0.3 0.5 0.5 0.4 0.5 0.55 0.55 0.5 0.5 0.5 0.5 0.5 0.5 0.5 	0.5 5.32936 	IntMove
46	0.5 0.5 0.5 0.5 0.5 0.5 0.5 0.5 0.5 0.5 0.5 0.5 0.3 0.5 0.5 0.5 0.3 0.5 0.5 0.4 0.5 0.55 0.6 0.5 0.5 0.5 0.5 0.5 0.5 0.5 	33333 33333 	HJ_P_Move
47	0.5 0.5 0.5 0.5 0.5 0.5 0.5 0.5 0.5 0.5 0.5 0.5 0.3 0.5 0.5 0.5 0.3 0.5 0.5 0.4 0.5 0.6 0.6 0.5 0.5 0.5 0.5 0.5 0.5 0.5 	33333 33333 	HJ_P_Move
48	0.5 0.5 0.5 0.5 0.5 0.5 0.5 0.5 0.5 0.5 0.5 0.5 0.3 0.5 0.5 0.5 0.25 0.5 0.5 0.4 0.5 0.6 0.6 0.5 0.5 0.5 0.5 0.5 0.5 0.5 	33333 33333 	HJ_P_Move
49	0.5 0.5 0.5 0.5 0.5 0.5 0.5 0.5 0.5 0.5 0.5 0.5 0.3 0.5 0.5 0.5 0.2 0.5 0.5 0.4 0.5 0.6 0.6 0.5 0.5 0.5 0.5 0.5 0.5 0.5 	0.5 5.32936 	PatMove
50	0.5 0.5 0.5 0.5 0.5 0.5 0.5 0.5 0.5 0.5 0.5 0.5 0.3 0.5 0.5 0.5 0.2 0.5 0.5 0.4 0.5 0.65 0.6 0.5 0.5 0.5 0.5 0.5 0.5 0.5 	33333 33333 	HJ_P_Move
51	0.5 0.5 0.5 0.5 0.5 0.5 0.5 0.5 0.5 0.5 0.5 0.5 0.3 0.5 0.5 0.5 0.2 0.5 0.5 0.4 0.5 0.7 0.6 0.5 0.5 0.5 0.5 0.5 0.5 0.5 	33333 33333 	HJ_P_Move
52	0.5 0.5 0.5 0.5 0.5 0.5 0.5 0.5 0.5 0.5 0.5 0.5 0.3 0.5 0.5 0.5 0.2 0.5 0.5 0.4 0.5 0.75 0.6 0.5 0.5 0.5 0.5 0.5 0.5 0.5 	33333 33333 	HJ_P_Move
53	0.5 0.5 0.5 0.5 0.5 0.5 0.5 0.5 0.5 0.5 0.5 0.5 0.3 0.5 0.5 0.5 0.2 0.5 0.5 0.4 0.5 0.8 0.6 0.5 0.5 0.5 0.5 0.5 0.5 0.5 	33333 33333 	HJ_P_Move
54	0.5 0.5 0.5 0.5 0.5 0.5 0.5 0.5 0.5 0.5 0.5 0.5 0.3 0.5 0.5 0.5 0.2 0.5 0.5 0.4 0.5 0.85 0.6 0.5 0.5 0.5 0.5 0.5 0.5 0.5 	33333 33333 	HJ_P_Move
55	0.5 0.5 0.5 0.5 0.5 0.5 0.5 0.5 0.5 0.5 0.5 0.5 0.3 0.5 0.5 0.5 0.2 0.5 0.5 0.4 0.5 0.9 0.6 0.5 0.5 0.5 0.5 0.5 0.5 0.5 	33333 33333 	HJ_P_Move
56	0.5 0.5 0.5 0.5 0.5 0.5 0.5 0.5 0.5 0.5 0.5 0.5 0.3 0.5 0.5 0.5 0.2 0.5 0.5 0.4 0.5 0.95 0.6 0.5 0.5 0.5 0.5 0.5 0.5 0.5 	33333 33333 	HJ_P_Move
57	0.5 0.5 0.5 0.5 0.5 0.5 0.5 0.5 0.5 0.5 0.5 0.5 0.3 0.5 0.5 0.5 0.15 0.5 0.5 0.4 0.5 0.95 0.6 0.5 0.5 0.5 0.5 0.5 0.5 0.5 	33333 33333 	HJ_P_Move
58	0.5 0.5 0.5 0.5 0.5 0.5 0.5 0.5 0.5 0.5 0.5 0.5 0.3 0.5 0.5 0.5 0.1 0.5 0.5 0.4 0.5 0.95 0.6 0.5 0.5 0.5 0.5 0.5 0.5 0.5 	33333 33333 	HJ_P_Move
59	0.5 0.5 0.5 0.5 0.5 0.5 0.5 0.5 0.5 0.5 0.5 0.5 0.3 0.5 0.5 0.5 0.05 0.5 0.5 0.4 0.5 0.95 0.6 0.5 0.5 0.5 0.5 0.5 0.5 0.5 	33333 33333 	HJ_P_Move
60	0.5 0.5 0.5 0.5 0.5 0.5 0.5 0.5 0.5 0.5 0.5 0.5 0.3 0.5 0.5 0.5 0.2 0.5 0.5 0.4 0.5 0.6 0.6 0.5 0.5 0.5 0.5 0.5 0.5 0.5 	0.5 5.32936 	IntMove
61	0.5 0.5 0.5 0.5 0.5 0.5 0.5 0.5 0.5 0.5 0.5 0.5 0.3 0.5 0.5 0.5 0.2 0.5 0.5 0.4 0.5 0.6 0.65 0.5 0.5 0.5 0.5 0.5 0.5 0.5 	33333 33333 	HJ_P_Move
62	0.5 0.5 0.5 0.5 0.5 0.5 0.5 0.5 0.5 0.5 0.5 0.5 0.3 0.5 0.5 0.5 0.2 0.5 0.5 0.4 0.5 0.65 0.65 0.5 0.5 0.5 0.5 0.5 0.5 0.5 	33333 33333 	HJ_P_Move
63	0.5 0.5 0.5 0.5 0.5 0.5 0.5 0.5 0.5 0.5 0.5 0.5 0.3 0.5 0.5 0.5 0.15 0.5 0.5 0.4 0.5 0.65 0.65 0.5 0.5 0.5 0.5 0.5 0.5 0.5 	33333 33333 	HJ_P_Move
64	0.5 0.5 0.5 0.5 0.5 0.5 0.5 0.5 0.5 0.5 0.5 0.5 0.3 0.5 0.5 0.5 0.1 0.5 0.5 0.4 0.5 0.65 0.65 0.5 0.5 0.5 0.5 0.5 0.5 0.5 	0.5 5.32936 	PatMove
65	0.5 0.5 0.5 0.5 0.5 0.5 0.5 0.5 0.5 0.5 0.5 0.5 0.3 0.5 0.5 0.5 0.1 0.5 0.5 0.4 0.5 0.65 0.7 0.5 0.5 0.5 0.5 0.5 0.5 0.5 	33333 33333 	HJ_P_Move
66	0.5 0.5 0.5 0.5 0.5 0.5 0.5 0.5 0.5 0.5 0.5 0.5 0.3 0.5 0.5 0.5 0.1 0.5 0.5 0.4 0.5 0.7 0.7 0.5 0.5 0.5 0.5 0.5 0.5 0.5 	33333 33333 	HJ_P_Move
67	0.5 0.5 0.5 0.5 0.5 0.5 0.5 0.5 0.5 0.5 0.5 0.5 0.3 0.5 0.5 0.5 0.1 0.5 0.5 0.4 0.5 0.75 0.7 0.5 0.5 0.5 0.5 0.5 0.5 0.5 	33333 33333 	HJ_P_Move
68	0.5 0.5 0.5 0.5 0.5 0.5 0.5 0.5 0.5 0.5 0.5 0.5 0.3 0.5 0.5 0.5 0.1 0.5 0.5 0.4 0.5 0.8 0.7 0.5 0.5 0.5 0.5 0.5 0.5 0.5 	33333 33333 	HJ_P_Move
69	0.5 0.5 0.5 0.5 0.5 0.5 0.5 0.5 0.5 0.5 0.5 0.5 0.3 0.5 0.5 0.5 0.1 0.5 0.5 0.4 0.5 0.85 0.7 0.5 0.5 0.5 0.5 0.5 0.5 0.5 	33333 33333 	HJ_P_Move
70	0.5 0.5 0.5 0.5 0.5 0.5 0.5 0.5 0.5 0.5 0.5 0.5 0.3 0.5 0.5 0.5 0.1 0.5 0.5 0.4 0.5 0.9 0.7 0.5 0.5 0.5 0.5 0.5 0.5 0.5 	33333 33333 	HJ_P_Move
71	0.5 0.5 0.5 0.5 0.5 0.5 0.5 0.5 0.5 0.5 0.5 0.5 0.3 0.5 0.5 0.5 0.1 0.5 0.5 0.4 0.5 0.95 0.7 0.5 0.5 0.5 0.5 0.5 0.5 0.5 	33333 33333 	HJ_P_Move
72	0.5 0.5 0.5 0.5 0.5 0.5 0.5 0.5 0.5 0.5 0.5 0.5 0.3 0.5 0.5 0.5 0.05 0.5 0.5 0.4 0.5 0.95 0.7 0.5 0.5 0.5 0.5 0.5 0.5 0.5 	33333 33333 	HJ_P_Move
73	0.5 0.5 0.5 0.5 0.5 0.5 0.5 0.5 0.5 0.5 0.5 0.5 0.3 0.5 0.5 0.5 0 0.5 0.5 0.4 0.5 0.95 0.7 0.5 0.5 0.5 0.5 0.5 0.5 0.5 	33333 33333 	HJ_P_Move
74	0.5 0.5 0.5 0.5 0.5 0.45 0.5 0.5 0.5 0.5 0.5 0.5 0.3 0.5 0.5 0.5 0 0.5 0.5 0.4 0.5 0.95 0.7 0.5 0.5 0.5 0.5 0.5 0.5 0.5 	33333 33333 	HJ_P_Move
75	0.5 0.5 0.5 0.5 0.5 0.5 0.5 0.5 0.5 0.5 0.5 0.5 0.3 0.5 0.5 0.5 0.1 0.5 0.5 0.4 0.5 0.65 0.65 0.5 0.5 0.5 0.5 0.5 0.5 0.5 	0.5 5.32936 	IntMove
76	0.5 0.5 0.5 0.5 0.5 0.5 0.5 0.5 0.5 0.5 0.5 0.5 0.3 0.5 0.5 0.5 0.05 0.5 0.5 0.4 0.5 0.65 0.65 0.5 0.5 0.5 0.5 0.5 0.5 0.5 	33333 33333 	HJ_P_Move
77	0.5 0.5 0.5 0.5 0.5 0.5 0.5 0.5 0.5 0.5 0.5 0.5 0.3 0.5 0.5 0.5 0 0.5 0.5 0.4 0.5 0.65 0.65 0.5 0.5 0.5 0.5 0.5 0.5 0.5 	0.5 5.29805 	PatMove
78	0.5 0.5 0.5 0.5 0.5 0.5 0.5 0.5 0.5 0.5 0.5 0.5 0.3 0.5 0.5 0.5 0 0.45 0.5 0.4 0.5 0.65 0.65 0.5 0.5 0.5 0.5 0.5 0.5 0.5 	33333 33333 	HJ_P_Move
79	0.5 0.5 0.5 0.5 0.5 0.5 0.5 0.5 0.5 0.5 0.5 0.5 0.3 0.5 0.5 0.5 0 0.4 0.5 0.4 0.5 0.65 0.65 0.5 0.5 0.5 0.5 0.5 0.5 0.5 	0.5 5.26675 	PatMove
80	0.5 0.5 0.5 0.5 0.5 0.5 0.5 0.5 0.5 0.5 0.5 0.5 0.3 0.5 0.5 0.5 0 0.35 0.5 0.4 0.5 0.65 0.65 0.5 0.5 0.5 0.5 0.5 0.5 0.5 	33333 33333 	HJ_P_Move
81	0.5 0.5 0.5 0.5 0.5 0.5 0.5 0.5 0.5 0.5 0.5 0.5 0.3 0.5 0.5 0.5 0 0.3 0.5 0.4 0.5 0.65 0.65 0.5 0.5 0.5 0.5 0.5 0.5 0.5 	0.5 5.23543 	PatMove
82	0.5 0.5 0.5 0.5 0.5 0.5 0.5 0.5 0.5 0.5 0.5 0.5 0.3 0.5 0.5 0.5 0 0.3 0.5 0.4 0.5 0.7 0.65 0.5 0.5 0.5 0.5 0.5 0.5 0.5 	33333 33333 	HJ_P_Move
83	0.5 0.5 0.5 0.5 0.5 0.5 0.5 0.5 0.5 0.5 0.5 0.5 0.3 0.5 0.5 0.5 0 0.25 0.5 0.4 0.5 0.7 0.65 0.5 0.5 0.5 0.5 0.5 0.5 0.5 	33333 33333 	HJ_P_Move
84	0.5 0.5 0.5 0.5 0.5 0.5 0.5 0.5 0.5 0.5 0.5 0.5 0.3 0.5 0.5 0.5 0 0.2 0.5 0.4 0.5 0.7 0.65 0.5 0.5 0.5 0.5 0.5 0.5 0.5 	0.5 5.21978 	PatMove
85	0.5 0.5 0.5 0.5 0.5 0.5 0.5 0.5 0.5 0.5 0.5 0.5 0.3 0.5 0.5 0.5 0 0.2 0.5 0.4 0.5 0.75 0.65 0.5 0.5 0.5 0.5 0.5 0.5 0.5 	33333 33333 	HJ_P_Move
86	0.5 0.5 0.5 0.5 0.5 0.5 0.5 0.5 0.5 0.5 0.5 0.5 0.3 0.5 0.5 0.5 0 0.2 0.5 0.4 0.5 0.8 0.65 0.5 0.5 0.5 0.5 0.5 0.5 0.5 	0.5 5.25109 	HJ_P_Move
87	0.5 0.5 0.5 0.5 0.5 0.5 0.5 0.5 0.5 0.5 0.5 0.5 0.3 0.5 0.5 0.5 0 0.15 0.5 0.4 0.5 0.8 0.65 0.5 0.5 0.5 0.5 0.5 0.5 0.5 	33333 33333 	HJ_P_Move
88	0.5 0.5 0.5 0.5 0.5 0.5 0.5 0.5 0.5 0.5 0.5 0.5 0.3 0.5 0.5 0.5 0 0.1 0.5 0.4 0.5 0.8 0.65 0.5 0.5 0.5 0.5 0.5 0.5 0.5 	0.5 5.21978 	PatMove
89	0.5 0.5 0.5 0.5 0.5 0.5 0.5 0.5 0.5 0.5 0.5 0.5 0.3 0.5 0.5 0.5 0 0.05 0.5 0.4 0.5 0.8 0.65 0.5 0.5 0.5 0.5 0.5 0.5 0.5 	33333 33333 	HJ_P_Move
90	0.5 0.5 0.5 0.5 0.5 0.5 0.5 0.5 0.5 0.5 0.5 0.5 0.3 0.5 0.5 0.5 0 0 0.5 0.4 0.5 0.8 0.65 0.5 0.5 0.5 0.5 0.5 0.5 0.5 	0.5 5.18846 	PatMove
91	0.5 0.5 0.5 0.5 0.5 0.45 0.5 0.5 0.5 0.5 0.5 0.5 0.3 0.5 0.5 0.5 0 0 0.5 0.4 0.5 0.8 0.65 0.5 0.5 0.5 0.5 0.5 0.5 0.5 	33333 33333 	HJ_P_Move
92	0.5 0.5 0.5 0.5 0.5 0.4 0.5 0.5 0.5 0.5 0.5 0.5 0.3 0.5 0.5 0.5 0 0 0.5 0.4 0.5 0.8 0.65 0.5 0.5 0.5 0.5 0.5 0.5 0.5 	0.5 5.15714 	PatMove
93	0.5 0.5 0.5 0.5 0.5 0.35 0.5 0.5 0.5 0.5 0.5 0.5 0.3 0.5 0.5 0.5 0 0 0.5 0.4 0.5 0.8 0.65 0.5 0.5 0.5 0.5 0.5 0.5 0.5 	33333 33333 	HJ_P_Move
94	0.5 0.5 0.5 0.5 0.5 0.3 0.5 0.5 0.5 0.5 0.5 0.5 0.3 0.5 0.5 0.5 0 0 0.5 0.4 0.5 0.8 0.65 0.5 0.5 0.5 0.5 0.5 0.5 0.5 	0.5 5.12582 	PatMove
95	0.5 0.5 0.5 0.5 0.5 0.3 0.5 0.5 0.5 0.5 0.5 0.5 0.3 0.5 0.5 0.5 0 0 0.45 0.4 0.5 0.8 0.65 0.5 0.5 0.5 0.5 0.5 0.5 0.5 	33333 33333 	HJ_P_Move
96	0.5 0.5 0.5 0.5 0.5 0.3 0.5 0.5 0.5 0.5 0.5 0.5 0.3 0.5 0.5 0.5 0 0 0.4 0.4 0.5 0.8 0.65 0.5 0.5 0.5 0.5 0.5 0.5 0.5 	0.5 5.09449 	PatMove
97	0.5 0.5 0.5 0.5 0.5 0.25 0.5 0.5 0.5 0.5 0.5 0.5 0.3 0.5 0.5 0.5 0 0 0.4 0.4 0.5 0.8 0.65 0.5 0.5 0.5 0.5 0.5 0.5 0.5 	33333 33333 	HJ_P_Move
98	0.5 0.5 0.5 0.5 0.5 0.2 0.5 0.5 0.5 0.5 0.5 0.5 0.3 0.5 0.5 0.5 0 0 0.4 0.4 0.5 0.8 0.65 0.5 0.5 0.5 0.5 0.5 0.5 0.5 	0.5 5.06317 	PatMove
99	0.5 0.5 0.5 0.5 0.5 0.15 0.5 0.5 0.5 0.5 0.5 0.5 0.3 0.5 0.5 0.5 0 0 0.4 0.4 0.5 0.8 0.65 0.5 0.5 0.5 0.5 0.5 0.5 0.5 	33333 33333 	HJ_P_Move
100	0.5 0.5 0.5 0.5 0.5 0.1 0.5 0.5 0.5 0.5 0.5 0.5 0.3 0.5 0.5 0.5 0 0 0.4 0.4 0.5 0.8 0.65 0.5 0.5 0.5 0.5 0.5 0.5 0.5 	0.5 5.03183 	PatMove
101	0.5 0.5 0.5 0.5 0.5 0.05 0.5 0.5 0.5 0.5 0.5 0.5 0.3 0.5 0.5 0.5 0 0 0.4 0.4 0.5 0.8 0.65 0.5 0.5 0.5 0.5 0.5 0.5 0.5 	33333 33333 	HJ_P_Move
102	0.5 0.5 0.5 0.5 0.5 0 0.5 0.5 0.5 0.5 0.5 0.5 0.3 0.5 0.5 0.5 0 0 0.4 0.4 0.5 0.8 0.65 0.5 0.5 0.5 0.5 0.5 0.5 0.5 	0.5 5.0005 	PatMove
103	0.5 0.5 0.5 0.5 0.5 0 0.5 0.5 0.5 0.5 0.5 0.55 0.3 0.5 0.5 0.5 0 0 0.4 0.4 0.5 0.8 0.65 0.5 0.5 0.5 0.5 0.5 0.5 0.5 	33333 33333 	HJ_P_Move
104	0.5 0.5 0.5 0.5 0.5 0 0.5 0.5 0.5 0.5 0.55 0.55 0.3 0.5 0.5 0.5 0 0 0.4 0.4 0.5 0.8 0.65 0.5 0.5 0.5 0.5 0.5 0.5 0.5 	33333 33333 	HJ_P_Move
105	0.5 0.5 0.5 0.5 0.5 0 0.5 0.5 0.5 0.5 0.6 0.55 0.3 0.5 0.5 0.5 0 0 0.4 0.4 0.5 0.8 0.65 0.5 0.5 0.5 0.5 0.5 0.5 0.5 	33333 33333 	HJ_P_Move
106	0.5 0.5 0.5 0.5 0.5 0 0.5 0.5 0.5 0.5 0.65 0.55 0.3 0.5 0.5 0.5 0 0 0.4 0.4 0.5 0.8 0.65 0.5 0.5 0.5 0.5 0.5 0.5 0.5 	33333 33333 	HJ_P_Move
107	0.5 0.5 0.5 0.5 0.5 0 0.5 0.5 0.5 0.5 0.7 0.55 0.3 0.5 0.5 0.5 0 0 0.4 0.4 0.5 0.8 0.65 0.5 0.5 0.5 0.5 0.5 0.5 0.5 	33333 33333 	HJ_P_Move
108	0.5 0.5 0.5 0.5 0.5 0 0.5 0.5 0.5 0.5 0.75 0.55 0.3 0.5 0.5 0.5 0 0 0.4 0.4 0.5 0.8 0.65 0.5 0.5 0.5 0.5 0.5 0.5 0.5 	33333 33333 	HJ_P_Move
109	0.5 0.5 0.5 0.5 0.5 0 0.5 0.5 0.5 0.5 0.8 0.55 0.3 0.5 0.5 0.5 0 0 0.4 0.4 0.5 0.8 0.65 0.5 0.5 0.5 0.5 0.5 0.5 0.5 	33333 33333 	HJ_P_Move
110	0.5 0.5 0.5 0.5 0.5 0 0.5 0.5 0.5 0.5 0.85 0.55 0.3 0.5 0.5 0.5 0 0 0.4 0.4 0.5 0.8 0.65 0.5 0.5 0.5 0.5 0.5 0.5 0.5 	33333 33333 	HJ_P_Move
111	0.5 0.5 0.5 0.5 0.5 0 0.5 0.5 0.5 0.5 0.9 0.55 0.3 0.5 0.5 0.5 0 0 0.4 0.4 0.5 0.8 0.65 0.5 0.5 0.5 0.5 0.5 0.5 0.5 	33333 33333 	HJ_P_Move
112	0.5 0.5 0.5 0.5 0.5 0 0.5 0.5 0.5 0.5 0.95 0.55 0.3 0.5 0.5 0.5 0 0 0.4 0.4 0.5 0.8 0.65 0.5 0.5 0.5 0.5 0.5 0.5 0.5 	33333 33333 	HJ_P_Move
113	0.5 0.5 0.5 0.5 0.5 0 0.5 0.5 0.5 0.5 0.5 0.5 0.3 0.5 0.5 0.5 0 0 0.4 0.4 0.5 0.8 0.65 0.5 0.5 0.5 0.5 0.5 0.5 0.5 	0.5 5.0005 	IntMove
114	0.5 0.5 0.5 0.5 0.5 0 0.5 0.5 0.5 0.5 0.5 0.45 0.3 0.5 0.5 0.5 0 0 0.4 0.4 0.5 0.8 0.65 0.5 0.5 0.5 0.5 0.5 0.5 0.5 	33333 33333 	HJ_P_Move
115	0.5 0.5 0.5 0.5 0.5 0 0.5 0.5 0.5 0.5 0.5 0.4 0.3 0.5 0.5 0.5 0 0 0.4 0.4 0.5 0.8 0.65 0.5 0.5 0.5 0.5 0.5 0.5 0.5 	0.5 4.96915 	PatMove
116	0.5 0.5 0.5 0.5 0.5 0 0.5 0.5 0.5 0.5 0.55 0.4 0.3 0.5 0.5 0.5 0 0 0.4 0.4 0.5 0.8 0.65 0.5 0.5 0.5 0.5 0.5 0.5 0.5 	33333 33333 	HJ_P_Move
117	0.5 0.5 0.5 0.5 0.5 0 0.5 0.5 0.5 0.5 0.6 0.4 0.3 0.5 0.5 0.5 0 0 0.4 0.4 0.5 0.8 0.65 0.5 0.5 0.5 0.5 0.5 0.5 0.5 	33333 33333 	HJ_P_Move
118	0.5 0.5 0.5 0.5 0.5 0 0.5 0.5 0.5 0.5 0.65 0.4 0.3 0.5 0.5 0.5 0 0 0.4 0.4 0.5 0.8 0.65 0.5 0.5 0.5 0.5 0.5 0.5 0.5 	33333 33333 	HJ_P_Move
119	0.5 0.5 0.5 0.5 0.5 0 0.5 0.5 0.5 0.5 0.7 0.4 0.3 0.5 0.5 0.5 0 0 0.4 0.4 0.5 0.8 0.65 0.5 0.5 0.5 0.5 0.5 0.5 0.5 	33333 33333 	HJ_P_Move
120	0.5 0.5 0.5 0.5 0.5 0 0.5 0.5 0.5 0.5 0.75 0.4 0.3 0.5 0.5 0.5 0 0 0.4 0.4 0.5 0.8 0.65 0.5 0.5 0.5 0.5 0.5 0.5 0.5 	33333 33333 	HJ_P_Move
121	0.5 0.5 0.5 0.5 0.5 0 0.5 0.5 0.5 0.5 0.8 0.4 0.3 0.5 0.5 0.5 0 0 0.4 0.4 0.5 0.8 0.65 0.5 0.5 0.5 0.5 0.5 0.5 0.5 	33333 33333 	HJ_P_Move
122	0.5 0.5 0.5 0.5 0.5 0 0.5 0.5 0.5 0.5 0.85 0.4 0.3 0.5 0.5 0.5 0 0 0.4 0.4 0.5 0.8 0.65 0.5 0.5 0.5 0.5 0.5 0.5 0.5 	33333 33333 	HJ_P_Move
123	0.5 0.5 0.5 0.5 0.5 0 0.5 0.5 0.5 0.5 0.9 0.4 0.3 0.5 0.5 0.5 0 0 0.4 0.4 0.5 0.8 0.65 0.5 0.5 0.5 0.5 0.5 0.5 0.5 	33333 33333 	HJ_P_Move
124	0.5 0.5 0.5 0.5 0.5 0 0.5 0.5 0.5 0.5 0.95 0.4 0.3 0.5 0.5 0.5 0 0 0.4 0.4 0.5 0.8 0.65 0.5 0.5 0.5 0.5 0.5 0.5 0.5 	33333 33333 	HJ_P_Move
125	0.5 0.5 0.5 0.5 0.5 0 0.5 0.5 0.5 0.5 0.95 0.4 0.25 0.5 0.5 0.5 0 0 0.4 0.4 0.5 0.8 0.65 0.5 0.5 0.5 0.5 0.5 0.5 0.5 	33333 33333 	HJ_P_Move
126	0.5 0.5 0.5 0.5 0.5 0 0.5 0.5 0.5 0.5 0.5 0.4 0.3 0.5 0.5 0.5 0 0 0.4 0.4 0.5 0.8 0.65 0.5 0.5 0.5 0.5 0.5 0.5 0.5 	0.5 4.96915 	IntMove
127	0.5 0.5 0.5 0.5 0.5 0 0.5 0.5 0.5 0.5 0.5 0.35 0.3 0.5 0.5 0.5 0 0 0.4 0.4 0.5 0.8 0.65 0.5 0.5 0.5 0.5 0.5 0.5 0.5 	33333 33333 	HJ_P_Move
128	0.5 0.5 0.5 0.5 0.5 0 0.5 0.5 0.5 0.5 0.5 0.3 0.3 0.5 0.5 0.5 0 0 0.4 0.4 0.5 0.8 0.65 0.5 0.5 0.5 0.5 0.5 0.5 0.5 	0.5 4.93781 	PatMove
129	0.5 0.5 0.5 0.5 0.5 0 0.45 0.5 0.5 0.5 0.5 0.3 0.3 0.5 0.5 0.5 0 0 0.4 0.4 0.5 0.8 0.65 0.5 0.5 0.5 0.5 0.5 0.5 0.5 	33333 33333 	HJ_P_Move
130	0.5 0.5 0.5 0.5 0.5 0 0.4 0.5 0.5 0.5 0.5 0.3 0.3 0.5 0.5 0.5 0 0 0.4 0.4 0.5 0.8 0.65 0.5 0.5 0.5 0.5 0.5 0.5 0.5 	0.5 4.90646 	PatMove
131	0.5 0.5 0.5 0.5 0.5 0 0.4 0.5 0.5 0.5 0.5 0.35 0.3 0.5 0.5 0.5 0 0 0.4 0.4 0.5 0.8 0.65 0.5 0.5 0.5 0.5 0.5 0.5 0.5 	33333 33333 	HJ_P_Move
132	0.5 0.5 0.5 0.5 0.5 0 0.4 0.5 0.5 0.5 0.55 0.35 0.3 0.5 0.5 0.5 0 0 0.4 0.4 0.5 0.8 0.65 0.5 0.5 0.5 0.5 0.5 0.5 0.5 	33333 33333 	HJ_P_Move
133	0.5 0.5 0.5 0.5 0.5 0 0.4 0.5 0.5 0.5 0.6 0.35 0.3 0.5 0.5 0.5 0 0 0.4 0.4 0.5 0.8 0.65 0.5 0.5 0.5 0.5 0.5 0.5 0.5 	33333 33333 	HJ_P_Move
134	0.5 0.5 0.5 0.5 0.5 0 0.4 0.5 0.5 0.5 0.65 0.35 0.3 0.5 0.5 0.5 0 0 0.4 0.4 0.5 0.8 0.65 0.5 0.5 0.5 0.5 0.5 0.5 0.5 	33333 33333 	HJ_P_Move
135	0.5 0.5 0.5 0.5 0.5 0 0.4 0.5 0.5 0.5 0.7 0.35 0.3 0.5 0.5 0.5 0 0 0.4 0.4 0.5 0.8 0.65 0.5 0.5 0.5 0.5 0.5 0.5 0.5 	33333 33333 	HJ_P_Move
136	0.5 0.5 0.5 0.5 0.5 0 0.4 0.5 0.5 0.5 0.75 0.35 0.3 0.5 0.5 0.5 0 0 0.4 0.4 0.5 0.8 0.65 0.5 0.5 0.5 0.5 0.5 0.5 0.5 	33333 33333 	HJ_P_Move
137	0.5 0.5 0.5 0.5 0.5 0 0.4 0.5 0.5 0.5 0.8 0.35 0.3 0.5 0.5 0.5 0 0 0.4 0.4 0.5 0.8 0.65 0.5 0.5 0.5 0.5 0.5 0.5 0.5 	33333 33333 	HJ_P_Move
138	0.5 0.5 0.5 0.5 0.5 0 0.4 0.5 0.5 0.5 0.85 0.35 0.3 0.5 0.5 0.5 0 0 0.4 0.4 0.5 0.8 0.65 0.5 0.5 0.5 0.5 0.5 0.5 0.5 	33333 33333 	HJ_P_Move
139	0.5 0.5 0.5 0.5 0.5 0 0.4 0.5 0.5 0.5 0.9 0.35 0.3 0.5 0.5 0.5 0 0 0.4 0.4 0.5 0.8 0.65 0.5 0.5 0.5 0.5 0.5 0.5 0.5 	33333 33333 	HJ_P_Move
140	0.5 0.5 0.5 0.5 0.5 0 0.4 0.5 0.5 0.5 0.95 0.35 0.3 0.5 0.5 0.5 0 0 0.4 0.4 0.5 0.8 0.65 0.5 0.5 0.5 0.5 0.5 0.5 0.5 	33333 33333 	HJ_P_Move
141	0.5 0.5 0.5 0.5 0.5 0 0.4 0.5 0.5 0.5 0.5 0.3 0.3 0.5 0.5 0.5 0 0 0.4 0.4 0.5 0.8 0.65 0.5 0.5 0.5 0.5 0.5 0.5 0.5 	0.5 4.90646 	IntMove
142	0.5 0.5 0.5 0.5 0.5 0 0.4 0.5 0.5 0.5 0.5 0.25 0.3 0.5 0.5 0.5 0 0 0.4 0.4 0.5 0.8 0.65 0.5 0.5 0.5 0.5 0.5 0.5 0.5 	33333 33333 	HJ_P_Move
143	0.5 0.5 0.5 0.5 0.5 0 0.4 0.5 0.5 0.5 0.5 0.2 0.3 0.5 0.5 0.5 0 0 0.4 0.4 0.5 0.8 0.65 0.5 0.5 0.5 0.5 0.5 0.5 0.5 	0.5 4.87511 	PatMove
144	0.5 0.5 0.5 0.5 0.5 0 0.4 0.5 0.5 0.5 0.55 0.2 0.3 0.5 0.5 0.5 0 0 0.4 0.4 0.5 0.8 0.65 0.5 0.5 0.5 0.5 0.5 0.5 0.5 	33333 33333 	HJ_P_Move
145	0.5 0.5 0.5 0.5 0.5 0 0.4 0.5 0.5 0.5 0.6 0.2 0.3 0.5 0.5 0.5 0 0 0.4 0.4 0.5 0.8 0.65 0.5 0.5 0.5 0.5 0.5 0.5 0.5 	33333 33333 	HJ_P_Move
146	0.5 0.5 0.5 0.5 0.5 0 0.4 0.5 0.5 0.5 0.65 0.2 0.3 0.5 0.5 0.5 0 0 0.4 0.4 0.5 0.8 0.65 0.5 0.5 0.5 0.5 0.5 0.5 0.5 	33333 33333 	HJ_P_Move
147	0.5 0.5 0.5 0.5 0.5 0 0.4 0.5 0.5 0.5 0.7 0.2 0.3 0.5 0.5 0.5 0 0 0.4 0.4 0.5 0.8 0.65 0.5 0.5 0.5 0.5 0.5 0.5 0.5 	33333 33333 	HJ_P_Move
148	0.5 0.5 0.5 0.5 0.5 0 0.4 0.5 0.5 0.5 0.75 0.2 0.3 0.5 0.5 0.5 0 0 0.4 0.4 0.5 0.8 0.65 0.5 0.5 0.5 0.5 0.5 0.5 0.5 	33333 33333 	HJ_P_Move
149	0.5 0.5 0.5 0.5 0.5 0 0.4 0.5 0.5 0.5 0.8 0.2 0.3 0.5 0.5 0.5 0 0 0.4 0.4 0.5 0.8 0.65 0.5 0.5 0.5 0.5 0.5 0.5 0.5 	33333 33333 	HJ_P_Move
150	0.5 0.5 0.5 0.5 0.5 0 0.4 0.5 0.5 0.5 0.85 0.2 0.3 0.5 0.5 0.5 0 0 0.4 0.4 0.5 0.8 0.65 0.5 0.5 0.5 0.5 0.5 0.5 0.5 	33333 33333 	HJ_P_Move
151	0.5 0.5 0.5 0.5 0.5 0 0.4 0.5 0.5 0.5 0.9 0.2 0.3 0.5 0.5 0.5 0 0 0.4 0.4 0.5 0.8 0.65 0.5 0.5 0.5 0.5 0.5 0.5 0.5 	33333 33333 	HJ_P_Move
152	0.5 0.5 0.5 0.5 0.5 0 0.4 0.5 0.5 0.5 0.95 0.2 0.3 0.5 0.5 0.5 0 0 0.4 0.4 0.5 0.8 0.65 0.5 0.5 0.5 0.5 0.5 0.5 0.5 	33333 33333 	HJ_P_Move
153	0.5 0.5 0.5 0.5 0.5 0 0.4 0.5 0.5 0.5 0.95 0.2 0.25 0.5 0.5 0.5 0 0 0.4 0.4 0.5 0.8 0.65 0.5 0.5 0.5 0.5 0.5 0.5 0.5 	33333 33333 	HJ_P_Move
154	0.5 0.5 0.5 0.5 0.5 0 0.4 0.5 0.5 0.5 0.5 0.2 0.3 0.5 0.5 0.5 0 0 0.4 0.4 0.5 0.8 0.65 0.5 0.5 0.5 0.5 0.5 0.5 0.5 	0.5 4.87511 	IntMove
155	0.5 0.5 0.5 0.5 0.5 0 0.4 0.5 0.5 0.5 0.5 0.15 0.3 0.5 0.5 0.5 0 0 0.4 0.4 0.5 0.8 0.65 0.5 0.5 0.5 0.5 0.5 0.5 0.5 	33333 33333 	HJ_P_Move
156	0.5 0.5 0.5 0.5 0.5 0 0.4 0.5 0.5 0.5 0.5 0.1 0.3 0.5 0.5 0.5 0 0 0.4 0.4 0.5 0.8 0.65 0.5 0.5 0.5 0.5 0.5 0.5 0.5 	0.5 4.84375 	PatMove
157	0.5 0.5 0.5 0.5 0.5 0 0.4 0.5 0.5 0.5 0.55 0.1 0.3 0.5 0.5 0.5 0 0 0.4 0.4 0.5 0.8 0.65 0.5 0.5 0.5 0.5 0.5 0.5 0.5 	33333 33333 	HJ_P_Move
158	0.5 0.5 0.5 0.5 0.5 0 0.4 0.5 0.5 0.5 0.6 0.1 0.3 0.5 0.5 0.5 0 0 0.4 0.4 0.5 0.8 0.65 0.5 0.5 0.5 0.5 0.5 0.5 0.5 	33333 33333 	HJ_P_Move
159	0.5 0.5 0.5 0.5 0.5 0 0.4 0.5 0.5 0.5 0.65 0.1 0.3 0.5 0.5 0.5 0 0 0.4 0.4 0.5 0.8 0.65 0.5 0.5 0.5 0.5 0.5 0.5 0.5 	33333 33333 	HJ_P_Move
160	0.5 0.5 0.5 0.5 0.5 0 0.4 0.5 0.5 0.5 0.7 0.1 0.3 0.5 0.5 0.5 0 0 0.4 0.4 0.5 0.8 0.65 0.5 0.5 0.5 0.5 0.5 0.5 0.5 	33333 33333 	HJ_P_Move
161	0.5 0.5 0.5 0.5 0.5 0 0.4 0.5 0.5 0.5 0.75 0.1 0.3 0.5 0.5 0.5 0 0 0.4 0.4 0.5 0.8 0.65 0.5 0.5 0.5 0.5 0.5 0.5 0.5 	33333 33333 	HJ_P_Move
162	0.5 0.5 0.5 0.5 0.5 0 0.4 0.5 0.5 0.5 0.8 0.1 0.3 0.5 0.5 0.5 0 0 0.4 0.4 0.5 0.8 0.65 0.5 0.5 0.5 0.5 0.5 0.5 0.5 	33333 33333 	HJ_P_Move
163	0.5 0.5 0.5 0.5 0.5 0 0.4 0.5 0.5 0.5 0.85 0.1 0.3 0.5 0.5 0.5 0 0 0.4 0.4 0.5 0.8 0.65 0.5 0.5 0.5 0.5 0.5 0.5 0.5 	33333 33333 	HJ_P_Move
164	0.5 0.5 0.5 0.5 0.5 0 0.4 0.5 0.5 0.5 0.9 0.1 0.3 0.5 0.5 0.5 0 0 0.4 0.4 0.5 0.8 0.65 0.5 0.5 0.5 0.5 0.5 0.5 0.5 	33333 33333 	HJ_P_Move
165	0.5 0.5 0.5 0.5 0.5 0 0.4 0.5 0.5 0.5 0.95 0.1 0.3 0.5 0.5 0.5 0 0 0.4 0.4 0.5 0.8 0.65 0.5 0.5 0.5 0.5 0.5 0.5 0.5 	33333 33333 	HJ_P_Move
166	0.5 0.5 0.5 0.5 0.5 0 0.4 0.5 0.5 0.5 0.95 0.1 0.25 0.5 0.5 0.5 0 0 0.4 0.4 0.5 0.8 0.65 0.5 0.5 0.5 0.5 0.5 0.5 0.5 	33333 33333 	HJ_P_Move
167	0.5 0.5 0.5 0.5 0.5 0 0.4 0.5 0.5 0.5 0.5 0.1 0.3 0.5 0.5 0.5 0 0 0.4 0.4 0.5 0.8 0.65 0.5 0.5 0.5 0.5 0.5 0.5 0.5 	0.5 4.84375 	IntMove
168	0.5 0.5 0.5 0.5 0.5 0 0.4 0.5 0.5 0.5 0.5 0.05 0.3 0.5 0.5 0.5 0 0 0.4 0.4 0.5 0.8 0.65 0.5 0.5 0.5 0.5 0.5 0.5 0.5 	33333 33333 	HJ_P_Move
169	0.5 0.5 0.5 0.5 0.5 0 0.4 0.5 0.5 0.5 0.5 0 0.3 0.5 0.5 0.5 0 0 0.4 0.4 0.5 0.8 0.65 0.5 0.5 0.5 0.5 0.5 0.5 0.5 	0.5 4.81239 	PatMove
170	0.5 0.5 0.5 0.5 0.5 0 0.4 0.5 0.5 0.5 0.5 0 0.25 0.5 0.5 0.5 0 0 0.4 0.4 0.5 0.8 0.65 0.5 0.5 0.5 0.5 0.5 0.5 0.5 	33333 33333 	HJ_P_Move
171	0.5 0.5 0.5 0.5 0.5 0 0.4 0.5 0.5 0.5 0.5 0 0.2 0.5 0.5 0.5 0 0 0.4 0.4 0.5 0.8 0.65 0.5 0.5 0.5 0.5 0.5 0.5 0.5 	0.5 4.78103 	PatMove
172	0.5 0.5 0.5 0.5 0.5 0 0.4 0.5 0.5 0.5 0.5 0 0.15 0.5 0.5 0.5 0 0 0.4 0.4 0.5 0.8 0.65 0.5 0.5 0.5 0.5 0.5 0.5 0.5 	33333 33333 	HJ_P_Move
173	0.5 0.5 0.5 0.5 0.5 0 0.4 0.5 0.5 0.5 0.5 0 0.1 0.5 0.5 0.5 0 0 0.4 0.4 0.5 0.8 0.65 0.5 0.5 0.5 0.5 0.5 0.5 0.5 	0.5 4.74966 	PatMove
174	0.5 0.5 0.5 0.5 0.5 0 0.4 0.5 0.5 0.5 0.5 0 0.05 0.5 0.5 0.5 0 0 0.4 0.4 0.5 0.8 0.65 0.5 0.5 0.5 0.5 0.5 0.5 0.5 	33333 33333 	HJ_P_Move
175	0.5 0.5 0.5 0.5 0.5 0 0.4 0.5 0.5 0.5 0.5 0 0 0.5 0.5 0.5 0 0 0.4 0.4 0.5 0.8 0.65 0.5 0.5 0.5 0.5 0.5 0.5 0.5 	0.5 4.71829 	PatMove
176	0.5 0.5 0.5 0.5 0.5 0 0.4 0.5 0.5 0.5 0.5 0 0 0.5 0.55 0.5 0 0 0.4 0.4 0.5 0.8 0.65 0.5 0.5 0.5 0.5 0.5 0.5 0.5 	33333 33333 	HJ_P_Move
177	0.5 0.5 0.5 0.5 0.5 0 0.4 0.5 0.5 0.5 0.5 0 0 0.55 0.55 0.5 0 0 0.4 0.4 0.5 0.8 0.65 0.5 0.5 0.5 0.5 0.5 0.5 0.5 	33333 33333 	HJ_P_Move
178	0.5 0.5 0.5 0.5 0.5 0 0.4 0.5 0.5 0.5 0.5 0 0 0.6 0.55 0.5 0 0 0.4 0.4 0.5 0.8 0.65 0.5 0.5 0.5 0.5 0.5 0.5 0.5 	33333 33333 	HJ_P_Move
179	0.5 0.5 0.5 0.5 0.5 0 0.4 0.5 0.5 0.5 0.5 0 0 0.65 0.55 0.5 0 0 0.4 0.4 0.5 0.8 0.65 0.5 0.5 0.5 0.5 0.5 0.5 0.5 	33333 33333 	HJ_P_Move
180	0.5 0.5 0.5 0.5 0.5 0 0.4 0.5 0.5 0.5 0.5 0 0 0.7 0.55 0.5 0 0 0.4 0.4 0.5 0.8 0.65 0.5 0.5 0.5 0.5 0.5 0.5 0.5 	33333 33333 	HJ_P_Move
181	0.5 0.5 0.5 0.5 0.5 0 0.4 0.5 0.5 0.5 0.5 0 0 0.75 0.55 0.5 0 0 0.4 0.4 0.5 0.8 0.65 0.5 0.5 0.5 0.5 0.5 0.5 0.5 	33333 33333 	HJ_P_Move
182	0.5 0.5 0.5 0.5 0.5 0 0.4 0.5 0.5 0.5 0.5 0 0 0.8 0.55 0.5 0 0 0.4 0.4 0.5 0.8 0.65 0.5 0.5 0.5 0.5 0.5 0.5 0.5 	33333 33333 	HJ_P_Move
183	0.5 0.5 0.5 0.5 0.5 0 0.4 0.5 0.5 0.5 0.5 0 0 0.85 0.55 0.5 0 0 0.4 0.4 0.5 0.8 0.65 0.5 0.5 0.5 0.5 0.5 0.5 0.5 	33333 33333 	HJ_P_Move
184	0.5 0.5 0.5 0.5 0.5 0 0.4 0.5 0.5 0.5 0.5 0 0 0.9 0.55 0.5 0 0 0.4 0.4 0.5 0.8 0.65 0.5 0.5 0.5 0.5 0.5 0.5 0.5 	33333 33333 	HJ_P_Move
185	0.5 0.5 0.5 0.5 0.5 0 0.4 0.5 0.5 0.5 0.5 0 0 0.95 0.55 0.5 0 0 0.4 0.4 0.5 0.8 0.65 0.5 0.5 0.5 0.5 0.5 0.5 0.5 	33333 33333 	HJ_P_Move
186	0.5 0.5 0.5 0.5 0.5 0 0.4 0.5 0.5 0.5 0.5 0 0 0.5 0.5 0.5 0 0 0.4 0.4 0.5 0.8 0.65 0.5 0.5 0.5 0.5 0.5 0.5 0.5 	0.5 4.71829 	IntMove
