#loop	basepoint	objectives	function
0	0.5 0.5 0.5 0.5 0.5 0.5 0.5 0.5 0.5 0.5 0.5 0.5 0.5 0.5 0.5 0.5 0.5 0.5 0.5 0.5 0.5 0.5 0.5 0.5 0.5 0.5 0.5 0.5 0.5 0.5 	0.5 5.45455 	initial
1	0.5 0.5 0.5 0.5 0.5 0.5 0.5 0.5 0.5 0.5 0.5 0.5 0.5 0.5 0.5 0.5 0.5 0.5 0.5 0.5 0.45 0.5 0.5 0.5 0.5 0.5 0.5 0.5 0.5 0.5 	33333 33333 	HJ_P_Move
2	0.5 0.5 0.5 0.5 0.5 0.5 0.5 0.5 0.5 0.5 0.5 0.5 0.5 0.5 0.5 0.5 0.5 0.5 0.5 0.5 0.4 0.5 0.5 0.5 0.5 0.5 0.5 0.5 0.5 0.5 	0.5 5.42325 	PatMove
3	0.5 0.5 0.5 0.5 0.5 0.5 0.5 0.5 0.5 0.5 0.5 0.5 0.5 0.5 0.5 0.5 0.5 0.5 0.5 0.55 0.4 0.5 0.5 0.5 0.5 0.5 0.5 0.5 0.5 0.5 	33333 33333 	HJ_P_Move
4	0.5 0.5 0.5 0.5 0.5 0.5 0.5 0.5 0.5 0.5 0.5 0.5 0.5 0.5 0.5 0.5 0.5 0.5 0.5 0.6 0.4 0.5 0.5 0.5 0.5 0.5 0.5 0.5 0.5 0.5 	33333 33333 	HJ_P_Move
5	0.5 0.5 0.5 0.5 0.5 0.5 0.5 0.5 0.5 0.5 0.5 0.5 0.5 0.5 0.5 0.5 0.5 0.5 0.5 0.65 0.4 0.5 0.5 0.5 0.5 0.5 0.5 0.5 0.5 0.5 	33333 33333 	HJ_P_Move
6	0.5 0.5 0.5 0.5 0.5 0.5 0.5 0.5 0.5 0.5 0.5 0.5 0.5 0.5 0.5 0.5 0.5 0.5 0.5 0.7 0.4 0.5 0.5 0.5 0.5 0.5 0.5 0.5 0.5 0.5 	33333 33333 	HJ_P_Move
7	0.5 0.5 0.5 0.5 0.5 0.5 0.5 0.5 0.5 0.5 0.5 0.5 0.5 0.5 0.5 0.5 0.5 0.5 0.5 0.75 0.4 0.5 0.5 0.5 0.5 0.5 0.5 0.5 0.5 0.5 	33333 33333 	HJ_P_Move
8	0.5 0.5 0.5 0.5 0.5 0.5 0.5 0.5 0.5 0.5 0.5 0.5 0.5 0.5 0.5 0.5 0.5 0.5 0.5 0.8 0.4 0.5 0.5 0.5 0.5 0.5 0.5 0.5 0.5 0.5 	33333 33333 	HJ_P_Move
9	0.5 0.5 0.5 0.5 0.5 0.5 0.5 0.5 0.5 0.5 0.5 0.5 0.5 0.5 0.5 0.5 0.5 0.5 0.5 0.85 0.4 0.5 0.5 0.5 0.5 0.5 0.5 0.5 0.5 0.5 	33333 33333 	HJ_P_Move
10	0.5 0.5 0.5 0.5 0.5 0.5 0.5 0.5 0.5 0.5 0.5 0.5 0.5 0.5 0.5 0.5 0.5 0.5 0.5 0.9 0.4 0.5 0.5 0.5 0.5 0.5 0.5 0.5 0.5 0.5 	33333 33333 	HJ_P_Move
11	0.5 0.5 0.5 0.5 0.5 0.5 0.5 0.5 0.5 0.5 0.5 0.5 0.5 0.5 0.5 0.5 0.5 0.5 0.5 0.95 0.4 0.5 0.5 0.5 0.5 0.5 0.5 0.5 0.5 0.5 	33333 33333 	HJ_P_Move
12	0.5 0.5 0.5 0.5 0.5 0.5 0.5 0.5 0.5 0.5 0.5 0.5 0.5 0.5 0.5 0.5 0.5 0.5 0.5 0.95 0.45 0.5 0.5 0.5 0.5 0.5 0.5 0.5 0.5 0.5 	33333 33333 	HJ_P_Move
13	0.5 0.5 0.5 0.5 0.5 0.5 0.5 0.5 0.5 0.5 0.5 0.5 0.5 0.5 0.5 0.5 0.5 0.5 0.5 0.5 0.4 0.5 0.5 0.5 0.5 0.5 0.5 0.5 0.5 0.5 	0.5 5.42325 	IntMove
14	0.5 0.5 0.5 0.5 0.5 0.5 0.5 0.5 0.5 0.5 0.5 0.5 0.5 0.5 0.5 0.5 0.5 0.5 0.5 0.5 0.4 0.55 0.5 0.5 0.5 0.5 0.5 0.5 0.5 0.5 	33333 33333 	HJ_P_Move
15	0.5 0.5 0.5 0.5 0.5 0.5 0.5 0.5 0.5 0.5 0.5 0.5 0.5 0.5 0.5 0.5 0.5 0.5 0.5 0.55 0.4 0.55 0.5 0.5 0.5 0.5 0.5 0.5 0.5 0.5 	33333 33333 	HJ_P_Move
16	0.5 0.5 0.5 0.5 0.5 0.5 0.5 0.5 0.5 0.5 0.5 0.5 0.5 0.5 0.5 0.5 0.5 0.5 0.5 0.6 0.4 0.55 0.5 0.5 0.5 0.5 0.5 0.5 0.5 0.5 	33333 33333 	HJ_P_Move
17	0.5 0.5 0.5 0.5 0.5 0.5 0.5 0.5 0.5 0.5 0.5 0.5 0.5 0.5 0.5 0.5 0.5 0.5 0.5 0.65 0.4 0.55 0.5 0.5 0.5 0.5 0.5 0.5 0.5 0.5 	33333 33333 	HJ_P_Move
18	0.5 0.5 0.5 0.5 0.5 0.5 0.5 0.5 0.5 0.5 0.5 0.5 0.5 0.5 0.5 0.5 0.5 0.5 0.5 0.7 0.4 0.55 0.5 0.5 0.5 0.5 0.5 0.5 0.5 0.5 	33333 33333 	HJ_P_Move
19	0.5 0.5 0.5 0.5 0.5 0.5 0.5 0.5 0.5 0.5 0.5 0.5 0.5 0.5 0.5 0.5 0.5 0.5 0.5 0.75 0.4 0.55 0.5 0.5 0.5 0.5 0.5 0.5 0.5 0.5 	33333 33333 	HJ_P_Move
20	0.5 0.5 0.5 0.5 0.5 0.5 0.5 0.5 0.5 0.5 0.5 0.5 0.5 0.5 0.5 0.5 0.5 0.5 0.5 0.8 0.4 0.55 0.5 0.5 0.5 0.5 0.5 0.5 0.5 0.5 	33333 33333 	HJ_P_Move
21	0.5 0.5 0.5 0.5 0.5 0.5 0.5 0.5 0.5 0.5 0.5 0.5 0.5 0.5 0.5 0.5 0.5 0.5 0.5 0.85 0.4 0.55 0.5 0.5 0.5 0.5 0.5 0.5 0.5 0.5 	33333 33333 	HJ_P_Move
22	0.5 0.5 0.5 0.5 0.5 0.5 0.5 0.5 0.5 0.5 0.5 0.5 0.5 0.5 0.5 0.5 0.5 0.5 0.5 0.9 0.4 0.55 0.5 0.5 0.5 0.5 0.5 0.5 0.5 0.5 	33333 33333 	HJ_P_Move
23	0.5 0.5 0.5 0.5 0.5 0.5 0.5 0.5 0.5 0.5 0.5 0.5 0.5 0.5 0.5 0.5 0.5 0.5 0.5 0.95 0.4 0.55 0.5 0.5 0.5 0.5 0.5 0.5 0.5 0.5 	33333 33333 	HJ_P_Move
24	0.5 0.5 0.5 0.5 0.5 0.5 0.5 0.5 0.5 0.5 0.5 0.5 0.5 0.5 0.5 0.5 0.5 0.5 0.5 0.5 0.4 0.55 0.45 0.5 0.5 0.5 0.5 0.5 0.5 0.5 	33333 33333 	IntMove
25	0.5 0.5 0.5 0.5 0.5 0.5 0.5 0.5 0.5 0.5 0.5 0.5 0.5 0.5 0.5 0.5 0.5 0.5 0.5 0.55 0.4 0.55 0.45 0.5 0.5 0.5 0.5 0.5 0.5 0.5 	33333 33333 	HJ_P_Move
26	0.5 0.5 0.5 0.5 0.5 0.5 0.5 0.5 0.5 0.5 0.5 0.5 0.5 0.5 0.5 0.5 0.5 0.55 0.5 0.55 0.4 0.55 0.45 0.5 0.5 0.5 0.5 0.5 0.5 0.5 	33333 33333 	HJ_P_Move
27	0.5 0.5 0.5 0.5 0.5 0.5 0.5 0.5 0.5 0.5 0.5 0.5 0.45 0.5 0.5 0.5 0.5 0.55 0.5 0.55 0.4 0.55 0.45 0.5 0.5 0.5 0.5 0.5 0.5 0.5 	33333 33333 	HJ_P_Move
28	0.5 0.5 0.5 0.5 0.5 0.5 0.5 0.5 0.5 0.5 0.5 0.5 0.4 0.5 0.5 0.5 0.5 0.55 0.5 0.55 0.4 0.55 0.45 0.5 0.5 0.5 0.5 0.5 0.5 0.5 	0.5 5.42325 	HJ_P_Move
29	0.5 0.5 0.5 0.5 0.5 0.5 0.5 0.5 0.5 0.5 0.5 0.5 0.35 0.5 0.5 0.5 0.5 0.55 0.5 0.55 0.4 0.55 0.45 0.5 0.5 0.5 0.5 0.5 0.5 0.5 	0.5 5.40761 	PatMove
30	0.5 0.5 0.5 0.5 0.5 0.5 0.5 0.5 0.5 0.5 0.5 0.5 0.35 0.5 0.5 0.5 0.5 0.55 0.5 0.5 0.4 0.55 0.45 0.5 0.5 0.5 0.5 0.5 0.5 0.5 	33333 33333 	HJ_P_Move
31	0.5 0.5 0.5 0.5 0.5 0.5 0.5 0.5 0.5 0.5 0.5 0.5 0.35 0.5 0.5 0.5 0.5 0.55 0.5 0.45 0.4 0.55 0.45 0.5 0.5 0.5 0.5 0.5 0.5 0.5 	0.5 5.37631 	PatMove
32	0.5 0.5 0.5 0.5 0.5 0.5 0.5 0.5 0.5 0.5 0.5 0.5 0.35 0.5 0.5 0.5 0.5 0.55 0.5 0.4 0.4 0.55 0.45 0.5 0.5 0.5 0.5 0.5 0.5 0.5 	33333 33333 	HJ_P_Move
33	0.5 0.5 0.5 0.5 0.5 0.5 0.5 0.5 0.5 0.5 0.5 0.5 0.35 0.5 0.5 0.5 0.5 0.55 0.5 0.35 0.4 0.55 0.45 0.5 0.5 0.5 0.5 0.5 0.5 0.5 	0.5 5.34501 	PatMove
34	0.5 0.5 0.5 0.5 0.5 0.5 0.5 0.5 0.5 0.5 0.5 0.5 0.35 0.5 0.5 0.5 0.5 0.55 0.5 0.3 0.4 0.55 0.45 0.5 0.5 0.5 0.5 0.5 0.5 0.5 	33333 33333 	HJ_P_Move
35	0.5 0.5 0.5 0.5 0.5 0.5 0.5 0.5 0.5 0.5 0.5 0.5 0.35 0.5 0.5 0.5 0.5 0.55 0.5 0.25 0.4 0.55 0.45 0.5 0.5 0.5 0.5 0.5 0.5 0.5 	0.5 5.31371 	PatMove
36	0.5 0.5 0.5 0.5 0.5 0.5 0.5 0.5 0.5 0.5 0.5 0.5 0.3 0.5 0.5 0.5 0.5 0.55 0.5 0.25 0.4 0.55 0.45 0.5 0.5 0.5 0.5 0.5 0.5 0.5 	33333 33333 	HJ_P_Move
37	0.5 0.5 0.5 0.5 0.5 0.5 0.5 0.5 0.5 0.5 0.5 0.5 0.25 0.5 0.5 0.5 0.5 0.55 0.5 0.25 0.4 0.55 0.45 0.5 0.5 0.5 0.5 0.5 0.5 0.5 	0.5 5.2824 	PatMove
38	0.5 0.5 0.5 0.5 0.5 0.5 0.5 0.5 0.5 0.5 0.5 0.5 0.2 0.5 0.5 0.5 0.5 0.55 0.5 0.25 0.4 0.55 0.45 0.5 0.5 0.5 0.5 0.5 0.5 0.5 	33333 33333 	HJ_P_Move
39	0.5 0.5 0.5 0.5 0.5 0.5 0.5 0.5 0.5 0.5 0.5 0.5 0.15 0.5 0.5 0.5 0.5 0.55 0.5 0.25 0.4 0.55 0.45 0.5 0.5 0.5 0.5 0.5 0.5 0.5 	0.5 5.25109 	PatMove
40	0.5 0.5 0.5 0.5 0.5 0.5 0.5 0.5 0.5 0.5 0.5 0.5 0.1 0.5 0.5 0.5 0.5 0.55 0.5 0.25 0.4 0.55 0.45 0.5 0.5 0.5 0.5 0.5 0.5 0.5 	33333 33333 	HJ_P_Move
41	0.5 0.5 0.5 0.5 0.5 0.5 0.5 0.5 0.5 0.5 0.5 0.5 0.05 0.5 0.5 0.5 0.5 0.55 0.5 0.25 0.4 0.55 0.45 0.5 0.5 0.5 0.5 0.5 0.5 0.5 	0.5 5.21978 	PatMove
42	0.5 0.5 0.5 0.5 0.5 0.5 0.5 0.5 0.5 0.5 0.5 0.5 0.05 0.5 0.5 0.5 0.5 0.55 0.5 0.2 0.4 0.55 0.45 0.5 0.5 0.5 0.5 0.5 0.5 0.5 	33333 33333 	HJ_P_Move
43	0.5 0.5 0.5 0.5 0.5 0.5 0.5 0.5 0.5 0.5 0.5 0.5 0.05 0.5 0.5 0.5 0.5 0.55 0.5 0.15 0.4 0.55 0.45 0.5 0.5 0.5 0.5 0.5 0.5 0.5 	0.5 5.18846 	PatMove
44	0.5 0.5 0.5 0.5 0.5 0.5 0.5 0.5 0.5 0.5 0.5 0.5 0 0.5 0.5 0.5 0.5 0.55 0.5 0.15 0.4 0.55 0.45 0.5 0.5 0.5 0.5 0.5 0.5 0.5 	33333 33333 	HJ_P_Move
45	0.5 0.5 0.5 0.5 0.5 0.5 0.5 0.5 0.5 0.5 0.5 0.5 0 0.5 0.5 0.5 0.5 0.55 0.55 0.15 0.4 0.55 0.45 0.5 0.5 0.5 0.5 0.5 0.5 0.5 	33333 33333 	HJ_P_Move
46	0.5 0.5 0.5 0.5 0.5 0.5 0.5 0.5 0.5 0.5 0.5 0.5 0 0.5 0.5 0.5 0.5 0.6 0.55 0.15 0.4 0.55 0.45 0.5 0.5 0.5 0.5 0.5 0.5 0.5 	33333 33333 	HJ_P_Move
47	0.5 0.5 0.5 0.5 0.5 0.5 0.5 0.5 0.5 0.5 0.5 0.5 0 0.5 0.5 0.5 0.5 0.65 0.55 0.15 0.4 0.55 0.45 0.5 0.5 0.5 0.5 0.5 0.5 0.5 	33333 33333 	HJ_P_Move
48	0.5 0.5 0.5 0.5 0.5 0.5 0.5 0.5 0.5 0.5 0.5 0.5 0 0.5 0.5 0.5 0.5 0.7 0.55 0.15 0.4 0.55 0.45 0.5 0.5 0.5 0.5 0.5 0.5 0.5 	33333 33333 	HJ_P_Move
49	0.5 0.5 0.5 0.5 0.5 0.5 0.5 0.5 0.5 0.5 0.5 0.5 0 0.5 0.5 0.5 0.5 0.75 0.55 0.15 0.4 0.55 0.45 0.5 0.5 0.5 0.5 0.5 0.5 0.5 	33333 33333 	HJ_P_Move
50	0.5 0.5 0.5 0.5 0.5 0.5 0.5 0.5 0.5 0.5 0.5 0.5 0 0.5 0.5 0.5 0.5 0.8 0.55 0.15 0.4 0.55 0.45 0.5 0.5 0.5 0.5 0.5 0.5 0.5 	33333 33333 	HJ_P_Move
51	0.5 0.5 0.5 0.5 0.5 0.5 0.5 0.5 0.5 0.5 0.5 0.5 0 0.5 0.5 0.5 0.5 0.85 0.55 0.15 0.4 0.55 0.45 0.5 0.5 0.5 0.5 0.5 0.5 0.5 	33333 33333 	HJ_P_Move
52	0.5 0.5 0.5 0.5 0.5 0.5 0.5 0.5 0.5 0.5 0.5 0.5 0 0.5 0.5 0.5 0.5 0.9 0.55 0.15 0.4 0.55 0.45 0.5 0.5 0.5 0.5 0.5 0.5 0.5 	33333 33333 	HJ_P_Move
53	0.5 0.5 0.5 0.5 0.5 0.5 0.5 0.5 0.5 0.5 0.5 0.5 0 0.5 0.5 0.5 0.5 0.95 0.55 0.15 0.4 0.55 0.45 0.5 0.5 0.5 0.5 0.5 0.5 0.5 	33333 33333 	HJ_P_Move
54	0.5 0.5 0.5 0.5 0.5 0.5 0.5 0.5 0.5 0.5 0.5 0.5 0.05 0.5 0.5 0.5 0.5 0.55 0.5 0.15 0.4 0.55 0.45 0.5 0.5 0.5 0.5 0.5 0.5 0.5 	0.5 5.18846 	IntMove
55	0.5 0.5 0.5 0.5 0.5 0.5 0.5 0.5 0.5 0.5 0.5 0.5 0.05 0.5 0.5 0.5 0.5 0.6 0.5 0.15 0.4 0.55 0.45 0.5 0.5 0.5 0.5 0.5 0.5 0.5 	33333 33333 	HJ_P_Move
56	0.5 0.5 0.5 0.5 0.5 0.5 0.5 0.5 0.5 0.5 0.5 0.5 0 0.5 0.5 0.5 0.5 0.6 0.5 0.15 0.4 0.55 0.45 0.5 0.5 0.5 0.5 0.5 0.5 0.5 	33333 33333 	HJ_P_Move
57	0.5 0.55 0.5 0.5 0.5 0.5 0.5 0.5 0.5 0.5 0.5 0.5 0 0.5 0.5 0.5 0.5 0.6 0.5 0.15 0.4 0.55 0.45 0.5 0.5 0.5 0.5 0.5 0.5 0.5 	33333 33333 	HJ_P_Move
58	0.5 0.55 0.5 0.5 0.5 0.5 0.5 0.5 0.5 0.5 0.5 0.5 0 0.5 0.5 0.5 0.5 0.65 0.5 0.15 0.4 0.55 0.45 0.5 0.5 0.5 0.5 0.5 0.5 0.5 	33333 33333 	HJ_P_Move
59	0.5 0.55 0.5 0.5 0.5 0.5 0.5 0.5 0.5 0.5 0.5 0.5 0 0.5 0.5 0.5 0.5 0.7 0.5 0.15 0.4 0.55 0.45 0.5 0.5 0.5 0.5 0.5 0.5 0.5 	33333 33333 	HJ_P_Move
60	0.5 0.55 0.5 0.5 0.5 0.5 0.5 0.5 0.5 0.5 0.5 0.5 0 0.5 0.5 0.5 0.5 0.75 0.5 0.15 0.4 0.55 0.45 0.5 0.5 0.5 0.5 0.5 0.5 0.5 	33333 33333 	HJ_P_Move
61	0.5 0.55 0.5 0.5 0.5 0.5 0.5 0.5 0.5 0.5 0.5 0.5 0 0.5 0.5 0.5 0.5 0.8 0.5 0.15 0.4 0.55 0.45 0.5 0.5 0.5 0.5 0.5 0.5 0.5 	33333 33333 	HJ_P_Move
62	0.5 0.55 0.5 0.5 0.5 0.5 0.5 0.5 0.5 0.5 0.5 0.5 0 0.5 0.5 0.5 0.5 0.8 0.5 0.15 0.4 0.55 0.5 0.5 0.5 0.5 0.5 0.5 0.5 0.5 	33333 33333 	HJ_P_Move
63	0.5 0.55 0.5 0.5 0.5 0.5 0.5 0.5 0.5 0.5 0.5 0.5 0 0.5 0.5 0.5 0.5 0.8 0.5 0.15 0.4 0.55 0.55 0.5 0.5 0.5 0.5 0.5 0.5 0.5 	33333 33333 	HJ_P_Move
64	0.5 0.55 0.5 0.5 0.5 0.5 0.5 0.5 0.5 0.5 0.5 0.5 0 0.5 0.5 0.5 0.5 0.8 0.5 0.15 0.4 0.55 0.6 0.5 0.5 0.5 0.5 0.5 0.5 0.5 	33333 33333 	HJ_P_Move
65	0.5 0.55 0.5 0.5 0.5 0.5 0.5 0.5 0.5 0.5 0.5 0.5 0 0.5 0.5 0.45 0.5 0.7 0.5 0.15 0.4 0.55 0.45 0.5 0.5 0.5 0.5 0.5 0.5 0.5 	33333 33333 	IntMove
66	0.5 0.55 0.5 0.5 0.5 0.5 0.5 0.5 0.5 0.5 0.5 0.5 0 0.5 0.5 0.45 0.5 0.7 0.5 0.15 0.4 0.55 0.45 0.55 0.5 0.5 0.5 0.5 0.5 0.5 	33333 33333 	HJ_P_Move
67	0.5 0.55 0.5 0.5 0.5 0.5 0.5 0.5 0.5 0.5 0.5 0.5 0 0.5 0.5 0.45 0.5 0.7 0.5 0.15 0.4 0.55 0.5 0.55 0.5 0.5 0.5 0.5 0.5 0.5 	33333 33333 	HJ_P_Move
68	0.5 0.55 0.5 0.5 0.5 0.5 0.5 0.5 0.5 0.5 0.5 0.5 0 0.5 0.5 0.45 0.5 0.7 0.5 0.15 0.4 0.55 0.55 0.55 0.5 0.5 0.5 0.5 0.5 0.5 	33333 33333 	HJ_P_Move
69	0.5 0.55 0.5 0.5 0.5 0.5 0.5 0.5 0.5 0.5 0.5 0.5 0 0.5 0.5 0.45 0.5 0.7 0.5 0.15 0.4 0.55 0.6 0.55 0.5 0.5 0.5 0.5 0.5 0.5 	33333 33333 	HJ_P_Move
70	0.5 0.55 0.5 0.5 0.5 0.5 0.5 0.5 0.5 0.5 0.5 0.5 0 0.5 0.5 0.45 0.5 0.7 0.5 0.2 0.4 0.55 0.6 0.55 0.5 0.5 0.5 0.5 0.5 0.5 	33333 33333 	HJ_P_Move
71	0.5 0.55 0.5 0.5 0.5 0.5 0.5 0.5 0.5 0.5 0.45 0.5 0 0.5 0.5 0.45 0.5 0.7 0.5 0.2 0.4 0.55 0.6 0.55 0.5 0.5 0.5 0.5 0.5 0.5 	33333 33333 	HJ_P_Move
72	0.5 0.55 0.5 0.5 0.5 0.5 0.5 0.5 0.5 0.5 0.45 0.5 0 0.5 0.5 0.45 0.5 0.7 0.5 0.2 0.45 0.55 0.6 0.55 0.5 0.5 0.5 0.5 0.5 0.5 	33333 33333 	HJ_P_Move
73	0.5 0.55 0.5 0.5 0.5 0.5 0.5 0.5 0.5 0.5 0.45 0.5 0 0.5 0.5 0.45 0.5 0.7 0.5 0.25 0.45 0.55 0.6 0.55 0.5 0.5 0.5 0.5 0.5 0.5 	33333 33333 	HJ_P_Move
74	0.5 0.55 0.5 0.5 0.5 0.5 0.5 0.5 0.5 0.5 0.45 0.5 0 0.5 0.5 0.45 0.45 0.7 0.5 0.25 0.45 0.55 0.6 0.55 0.5 0.5 0.5 0.5 0.5 0.5 	33333 33333 	HJ_P_Move
75	0.235651 0.0871076 0.0841354 0.20488 0.243518 0.0551302 0.0421925 0.144184 0.0589038 0.0198227 0.0704942 0.15475 0.844175 0.192569 0.0616007 0.186928 0.172932 0.201682 0.19248 0.28435 0.170407 0.181174 0.128193 0.130566 0.0304497 0.154987 0.0331708 0.125844 0.15382 0.21391 	0.235651 2.41234 	DivMove
76	0.235651 0.0871076 0.0841354 0.20488 0.243518 0.0551302 0.0421925 0.144184 0.0589038 0.0198227 0.0704942 0.15475 0.844175 0.192569 0.111601 0.186928 0.172932 0.201682 0.19248 0.28435 0.170407 0.181174 0.128193 0.130566 0.0304497 0.154987 0.0331708 0.125844 0.15382 0.21391 	33333 33333 	HJ_P_Move
77	0.235651 0.0871076 0.0841354 0.20488 0.243518 0.0551302 0.0421925 0.144184 0.0589038 0.0198227 0.0704942 0.15475 0.844175 0.192569 0.161601 0.186928 0.172932 0.201682 0.19248 0.28435 0.170407 0.181174 0.128193 0.130566 0.0304497 0.154987 0.0331708 0.125844 0.15382 0.21391 	0.235651 2.44366 	PatMove
78	0.235651 0.0871076 0.0841354 0.20488 0.243518 0.10513 0.0421925 0.144184 0.0589038 0.0198227 0.0704942 0.15475 0.844175 0.192569 0.161601 0.186928 0.172932 0.201682 0.19248 0.28435 0.170407 0.181174 0.128193 0.130566 0.0304497 0.154987 0.0331708 0.125844 0.15382 0.21391 	33333 33333 	HJ_P_Move
79	0.235651 0.0871076 0.0841354 0.20488 0.243518 0.10513 0.0421925 0.144184 0.0589038 0.0198227 0.0704942 0.15475 0.794175 0.192569 0.161601 0.186928 0.172932 0.201682 0.19248 0.28435 0.170407 0.181174 0.128193 0.130566 0.0304497 0.154987 0.0331708 0.125844 0.15382 0.21391 	33333 33333 	HJ_P_Move
80	0.235651 0.0871076 0.0841354 0.20488 0.243518 0.10513 0.0421925 0.144184 0.0589038 0.0198227 0.0704942 0.15475 0.744175 0.192569 0.161601 0.186928 0.172932 0.201682 0.19248 0.28435 0.170407 0.181174 0.128193 0.130566 0.0304497 0.154987 0.0331708 0.125844 0.15382 0.21391 	0.235651 2.428 	PatMove
81	0.235651 0.0871076 0.0841354 0.20488 0.243518 0.15513 0.0421925 0.144184 0.0589038 0.0198227 0.0704942 0.15475 0.744175 0.192569 0.161601 0.186928 0.172932 0.201682 0.19248 0.28435 0.170407 0.181174 0.128193 0.130566 0.0304497 0.154987 0.0331708 0.125844 0.15382 0.21391 	33333 33333 	HJ_P_Move
82	0.235651 0.0871076 0.0841354 0.20488 0.243518 0.20513 0.0421925 0.144184 0.0589038 0.0198227 0.0704942 0.15475 0.744175 0.192569 0.161601 0.186928 0.172932 0.201682 0.19248 0.28435 0.170407 0.181174 0.128193 0.130566 0.0304497 0.154987 0.0331708 0.125844 0.15382 0.21391 	0.235651 2.45932 	HJ_P_Move
83	0.235651 0.0871076 0.0841354 0.20488 0.243518 0.25513 0.0421925 0.144184 0.0589038 0.0198227 0.0704942 0.15475 0.744175 0.192569 0.161601 0.186928 0.172932 0.201682 0.19248 0.28435 0.170407 0.181174 0.128193 0.130566 0.0304497 0.154987 0.0331708 0.125844 0.15382 0.21391 	0.235651 2.47498 	HJ_P_Move
84	0.235651 0.0871076 0.0841354 0.20488 0.243518 0.30513 0.0421925 0.144184 0.0589038 0.0198227 0.0704942 0.15475 0.744175 0.192569 0.161601 0.186928 0.172932 0.201682 0.19248 0.28435 0.170407 0.181174 0.128193 0.130566 0.0304497 0.154987 0.0331708 0.125844 0.15382 0.21391 	0.235651 2.49063 	HJ_P_Move
85	0.235651 0.0871076 0.0841354 0.20488 0.243518 0.30513 0.0421925 0.144184 0.0589038 0.0198227 0.0704942 0.15475 0.694175 0.192569 0.161601 0.186928 0.172932 0.201682 0.19248 0.28435 0.170407 0.181174 0.128193 0.130566 0.0304497 0.154987 0.0331708 0.125844 0.15382 0.21391 	33333 33333 	HJ_P_Move
86	0.235651 0.0871076 0.0841354 0.20488 0.243518 0.30513 0.0421925 0.144184 0.0589038 0.0198227 0.0704942 0.10475 0.694175 0.192569 0.161601 0.186928 0.172932 0.201682 0.19248 0.28435 0.170407 0.181174 0.128193 0.130566 0.0304497 0.154987 0.0331708 0.125844 0.15382 0.21391 	33333 33333 	HJ_P_Move
87	0.235651 0.0871076 0.0841354 0.20488 0.243518 0.30513 0.0421925 0.144184 0.0589038 0.0198227 0.0704942 0.05475 0.694175 0.192569 0.161601 0.186928 0.172932 0.201682 0.19248 0.28435 0.170407 0.181174 0.128193 0.130566 0.0304497 0.154987 0.0331708 0.125844 0.15382 0.21391 	33333 33333 	HJ_P_Move
88	0.235651 0.0871076 0.0841354 0.20488 0.243518 0.30513 0.0421925 0.144184 0.0589038 0.0198227 0.0704942 0.00474995 0.694175 0.192569 0.161601 0.186928 0.172932 0.201682 0.19248 0.28435 0.170407 0.181174 0.128193 0.130566 0.0304497 0.154987 0.0331708 0.125844 0.15382 0.21391 	0.235651 2.428 	PatMove
89	0.235651 0.0871076 0.0841354 0.20488 0.243518 0.30513 0.0421925 0.144184 0.0589038 0.0198227 0.0704942 0.00474995 0.644175 0.192569 0.161601 0.186928 0.172932 0.201682 0.19248 0.28435 0.170407 0.181174 0.128193 0.130566 0.0304497 0.154987 0.0331708 0.125844 0.15382 0.21391 	33333 33333 	HJ_P_Move
90	0.235651 0.0871076 0.0841354 0.20488 0.243518 0.30513 0.0421925 0.144184 0.0589038 0.0198227 0.0704942 0.00474995 0.594175 0.192569 0.161601 0.186928 0.172932 0.201682 0.19248 0.28435 0.170407 0.181174 0.128193 0.130566 0.0304497 0.154987 0.0331708 0.125844 0.15382 0.21391 	0.235651 2.39668 	PatMove
91	0.235651 0.0871076 0.0841354 0.20488 0.243518 0.30513 0.0421925 0.144184 0.0589038 0.0198227 0.0704942 0.00474995 0.544175 0.192569 0.161601 0.186928 0.172932 0.201682 0.19248 0.28435 0.170407 0.181174 0.128193 0.130566 0.0304497 0.154987 0.0331708 0.125844 0.15382 0.21391 	33333 33333 	HJ_P_Move
92	0.235651 0.0871076 0.0841354 0.20488 0.243518 0.30513 0.0421925 0.144184 0.0589038 0.0198227 0.0704942 0.00474995 0.494175 0.192569 0.161601 0.186928 0.172932 0.201682 0.19248 0.28435 0.170407 0.181174 0.128193 0.130566 0.0304497 0.154987 0.0331708 0.125844 0.15382 0.21391 	0.235651 2.36534 	PatMove
93	0.235651 0.0871076 0.0841354 0.20488 0.243518 0.30513 0.0421925 0.144184 0.0589038 0.0198227 0.0704942 0.00474995 0.444175 0.192569 0.161601 0.186928 0.172932 0.201682 0.19248 0.28435 0.170407 0.181174 0.128193 0.130566 0.0304497 0.154987 0.0331708 0.125844 0.15382 0.21391 	33333 33333 	HJ_P_Move
94	0.235651 0.0871076 0.0841354 0.20488 0.243518 0.30513 0.0421925 0.144184 0.0589038 0.0198227 0.0704942 0.00474995 0.394175 0.192569 0.161601 0.186928 0.172932 0.201682 0.19248 0.28435 0.170407 0.181174 0.128193 0.130566 0.0304497 0.154987 0.0331708 0.125844 0.15382 0.21391 	0.235651 2.334 	PatMove
95	0.235651 0.0871076 0.134135 0.20488 0.243518 0.30513 0.0421925 0.144184 0.0589038 0.0198227 0.0704942 0.00474995 0.394175 0.192569 0.161601 0.186928 0.172932 0.201682 0.19248 0.28435 0.170407 0.181174 0.128193 0.130566 0.0304497 0.154987 0.0331708 0.125844 0.15382 0.21391 	33333 33333 	HJ_P_Move
96	0.235651 0.0871076 0.184135 0.20488 0.243518 0.30513 0.0421925 0.144184 0.0589038 0.0198227 0.0704942 0.00474995 0.394175 0.192569 0.161601 0.186928 0.172932 0.201682 0.19248 0.28435 0.170407 0.181174 0.128193 0.130566 0.0304497 0.154987 0.0331708 0.125844 0.15382 0.21391 	33333 33333 	HJ_P_Move
97	0.235651 0.0871076 0.184135 0.20488 0.243518 0.30513 0.0421925 0.144184 0.0589038 0.0198227 0.0704942 0.00474995 0.344175 0.192569 0.161601 0.186928 0.172932 0.201682 0.19248 0.28435 0.170407 0.181174 0.128193 0.130566 0.0304497 0.154987 0.0331708 0.125844 0.15382 0.21391 	33333 33333 	HJ_P_Move
98	0.235651 0.0871076 0.184135 0.20488 0.243518 0.30513 0.0421925 0.144184 0.0589038 0.0198227 0.0704942 0.00474995 0.294175 0.192569 0.161601 0.186928 0.172932 0.201682 0.19248 0.28435 0.170407 0.181174 0.128193 0.130566 0.0304497 0.154987 0.0331708 0.125844 0.15382 0.21391 	0.235651 2.334 	PatMove
99	0.235651 0.0871076 0.184135 0.20488 0.243518 0.30513 0.0421925 0.144184 0.0589038 0.0198227 0.0704942 0.00474995 0.244175 0.192569 0.161601 0.186928 0.172932 0.201682 0.19248 0.28435 0.170407 0.181174 0.128193 0.130566 0.0304497 0.154987 0.0331708 0.125844 0.15382 0.21391 	33333 33333 	HJ_P_Move
100	0.235651 0.0871076 0.184135 0.20488 0.243518 0.30513 0.0421925 0.144184 0.0589038 0.0198227 0.0704942 0.00474995 0.194175 0.192569 0.161601 0.186928 0.172932 0.201682 0.19248 0.28435 0.170407 0.181174 0.128193 0.130566 0.0304497 0.154987 0.0331708 0.125844 0.15382 0.21391 	0.235651 2.30266 	PatMove
101	0.235651 0.0871076 0.234135 0.20488 0.243518 0.30513 0.0421925 0.144184 0.0589038 0.0198227 0.0704942 0.00474995 0.194175 0.192569 0.161601 0.186928 0.172932 0.201682 0.19248 0.28435 0.170407 0.181174 0.128193 0.130566 0.0304497 0.154987 0.0331708 0.125844 0.15382 0.21391 	33333 33333 	HJ_P_Move
102	0.235651 0.0871076 0.284135 0.20488 0.243518 0.30513 0.0421925 0.144184 0.0589038 0.0198227 0.0704942 0.00474995 0.194175 0.192569 0.161601 0.186928 0.172932 0.201682 0.19248 0.28435 0.170407 0.181174 0.128193 0.130566 0.0304497 0.154987 0.0331708 0.125844 0.15382 0.21391 	0.235651 2.334 	HJ_P_Move
103	0.235651 0.0871076 0.334135 0.20488 0.243518 0.30513 0.0421925 0.144184 0.0589038 0.0198227 0.0704942 0.00474995 0.194175 0.192569 0.161601 0.186928 0.172932 0.201682 0.19248 0.28435 0.170407 0.181174 0.128193 0.130566 0.0304497 0.154987 0.0331708 0.125844 0.15382 0.21391 	0.235651 2.34968 	HJ_P_Move
104	0.235651 0.0871076 0.384135 0.20488 0.243518 0.30513 0.0421925 0.144184 0.0589038 0.0198227 0.0704942 0.00474995 0.194175 0.192569 0.161601 0.186928 0.172932 0.201682 0.19248 0.28435 0.170407 0.181174 0.128193 0.130566 0.0304497 0.154987 0.0331708 0.125844 0.15382 0.21391 	0.235651 2.36534 	HJ_P_Move
105	0.235651 0.0871076 0.434135 0.20488 0.243518 0.30513 0.0421925 0.144184 0.0589038 0.0198227 0.0704942 0.00474995 0.194175 0.192569 0.161601 0.186928 0.172932 0.201682 0.19248 0.28435 0.170407 0.181174 0.128193 0.130566 0.0304497 0.154987 0.0331708 0.125844 0.15382 0.21391 	33333 33333 	HJ_P_Move
106	0.235651 0.0871076 0.484135 0.20488 0.243518 0.30513 0.0421925 0.144184 0.0589038 0.0198227 0.0704942 0.00474995 0.194175 0.192569 0.161601 0.186928 0.172932 0.201682 0.19248 0.28435 0.170407 0.181174 0.128193 0.130566 0.0304497 0.154987 0.0331708 0.125844 0.15382 0.21391 	33333 33333 	HJ_P_Move
107	0.235651 0.0871076 0.534135 0.20488 0.243518 0.30513 0.0421925 0.144184 0.0589038 0.0198227 0.0704942 0.00474995 0.194175 0.192569 0.161601 0.186928 0.172932 0.201682 0.19248 0.28435 0.170407 0.181174 0.128193 0.130566 0.0304497 0.154987 0.0331708 0.125844 0.15382 0.21391 	33333 33333 	HJ_P_Move
108	0.235651 0.0871076 0.584135 0.20488 0.243518 0.30513 0.0421925 0.144184 0.0589038 0.0198227 0.0704942 0.00474995 0.194175 0.192569 0.161601 0.186928 0.172932 0.201682 0.19248 0.28435 0.170407 0.181174 0.128193 0.130566 0.0304497 0.154987 0.0331708 0.125844 0.15382 0.21391 	33333 33333 	HJ_P_Move
109	0.235651 0.0871076 0.634135 0.20488 0.243518 0.30513 0.0421925 0.144184 0.0589038 0.0198227 0.0704942 0.00474995 0.194175 0.192569 0.161601 0.186928 0.172932 0.201682 0.19248 0.28435 0.170407 0.181174 0.128193 0.130566 0.0304497 0.154987 0.0331708 0.125844 0.15382 0.21391 	0.235651 2.44366 	HJ_P_Move
110	0.235651 0.0871076 0.684135 0.20488 0.243518 0.30513 0.0421925 0.144184 0.0589038 0.0198227 0.0704942 0.00474995 0.194175 0.192569 0.161601 0.186928 0.172932 0.201682 0.19248 0.28435 0.170407 0.181174 0.128193 0.130566 0.0304497 0.154987 0.0331708 0.125844 0.15382 0.21391 	33333 33333 	HJ_P_Move
111	0.235651 0.0871076 0.184135 0.20488 0.243518 0.30513 0.0421925 0.144184 0.0589038 0.0198227 0.0704942 0.00474995 0.194175 0.192569 0.161601 0.186928 0.172932 0.201682 0.19248 0.28435 0.170407 0.181174 0.128193 0.130566 0.0304497 0.154987 0.0331708 0.125844 0.15382 0.21391 	0.235651 2.30266 	IntMove
112	0.235651 0.0871076 0.184135 0.20488 0.243518 0.30513 0.0421925 0.144184 0.0589038 0.0198227 0.0704942 0.00474995 0.144175 0.192569 0.161601 0.186928 0.172932 0.201682 0.19248 0.28435 0.170407 0.181174 0.128193 0.130566 0.0304497 0.154987 0.0331708 0.125844 0.15382 0.21391 	33333 33333 	HJ_P_Move
113	0.235651 0.0871076 0.184135 0.20488 0.243518 0.30513 0.0421925 0.144184 0.0589038 0.0198227 0.0704942 0.00474995 0.0941749 0.192569 0.161601 0.186928 0.172932 0.201682 0.19248 0.28435 0.170407 0.181174 0.128193 0.130566 0.0304497 0.154987 0.0331708 0.125844 0.15382 0.21391 	0.235651 2.2713 	PatMove
114	0.235651 0.0871076 0.234135 0.20488 0.243518 0.30513 0.0421925 0.144184 0.0589038 0.0198227 0.0704942 0.00474995 0.0941749 0.192569 0.161601 0.186928 0.172932 0.201682 0.19248 0.28435 0.170407 0.181174 0.128193 0.130566 0.0304497 0.154987 0.0331708 0.125844 0.15382 0.21391 	33333 33333 	HJ_P_Move
115	0.235651 0.0871076 0.284135 0.20488 0.243518 0.30513 0.0421925 0.144184 0.0589038 0.0198227 0.0704942 0.00474995 0.0941749 0.192569 0.161601 0.186928 0.172932 0.201682 0.19248 0.28435 0.170407 0.181174 0.128193 0.130566 0.0304497 0.154987 0.0331708 0.125844 0.15382 0.21391 	0.235651 2.30266 	HJ_P_Move
116	0.235651 0.0871076 0.334135 0.20488 0.243518 0.30513 0.0421925 0.144184 0.0589038 0.0198227 0.0704942 0.00474995 0.0941749 0.192569 0.161601 0.186928 0.172932 0.201682 0.19248 0.28435 0.170407 0.181174 0.128193 0.130566 0.0304497 0.154987 0.0331708 0.125844 0.15382 0.21391 	0.235651 2.31833 	HJ_P_Move
117	0.235651 0.0871076 0.384135 0.20488 0.243518 0.30513 0.0421925 0.144184 0.0589038 0.0198227 0.0704942 0.00474995 0.0941749 0.192569 0.161601 0.186928 0.172932 0.201682 0.19248 0.28435 0.170407 0.181174 0.128193 0.130566 0.0304497 0.154987 0.0331708 0.125844 0.15382 0.21391 	0.235651 2.334 	HJ_P_Move
118	0.235651 0.0871076 0.434135 0.20488 0.243518 0.30513 0.0421925 0.144184 0.0589038 0.0198227 0.0704942 0.00474995 0.0941749 0.192569 0.161601 0.186928 0.172932 0.201682 0.19248 0.28435 0.170407 0.181174 0.128193 0.130566 0.0304497 0.154987 0.0331708 0.125844 0.15382 0.21391 	33333 33333 	HJ_P_Move
119	0.235651 0.0871076 0.484135 0.20488 0.243518 0.30513 0.0421925 0.144184 0.0589038 0.0198227 0.0704942 0.00474995 0.0941749 0.192569 0.161601 0.186928 0.172932 0.201682 0.19248 0.28435 0.170407 0.181174 0.128193 0.130566 0.0304497 0.154987 0.0331708 0.125844 0.15382 0.21391 	33333 33333 	HJ_P_Move
120	0.235651 0.0871076 0.534135 0.20488 0.243518 0.30513 0.0421925 0.144184 0.0589038 0.0198227 0.0704942 0.00474995 0.0941749 0.192569 0.161601 0.186928 0.172932 0.201682 0.19248 0.28435 0.170407 0.181174 0.128193 0.130566 0.0304497 0.154987 0.0331708 0.125844 0.15382 0.21391 	33333 33333 	HJ_P_Move
121	0.235651 0.0871076 0.584135 0.20488 0.243518 0.30513 0.0421925 0.144184 0.0589038 0.0198227 0.0704942 0.00474995 0.0941749 0.192569 0.161601 0.186928 0.172932 0.201682 0.19248 0.28435 0.170407 0.181174 0.128193 0.130566 0.0304497 0.154987 0.0331708 0.125844 0.15382 0.21391 	33333 33333 	HJ_P_Move
122	0.235651 0.0871076 0.634135 0.20488 0.243518 0.30513 0.0421925 0.144184 0.0589038 0.0198227 0.0704942 0.00474995 0.0941749 0.192569 0.161601 0.186928 0.172932 0.201682 0.19248 0.28435 0.170407 0.181174 0.128193 0.130566 0.0304497 0.154987 0.0331708 0.125844 0.15382 0.21391 	0.235651 2.41234 	HJ_P_Move
123	0.235651 0.0871076 0.684135 0.20488 0.243518 0.30513 0.0421925 0.144184 0.0589038 0.0198227 0.0704942 0.00474995 0.0941749 0.192569 0.161601 0.186928 0.172932 0.201682 0.19248 0.28435 0.170407 0.181174 0.128193 0.130566 0.0304497 0.154987 0.0331708 0.125844 0.15382 0.21391 	33333 33333 	HJ_P_Move
124	0.235651 0.0871076 0.184135 0.20488 0.243518 0.30513 0.0421925 0.144184 0.0589038 0.0198227 0.0704942 0.00474995 0.0941749 0.192569 0.161601 0.186928 0.172932 0.201682 0.19248 0.28435 0.170407 0.181174 0.128193 0.130566 0.0304497 0.154987 0.0331708 0.125844 0.15382 0.21391 	0.235651 2.2713 	IntMove
125	0.235651 0.0871076 0.184135 0.20488 0.243518 0.30513 0.0421925 0.144184 0.0589038 0.0198227 0.0704942 0.00474995 0.0441749 0.192569 0.161601 0.186928 0.172932 0.201682 0.19248 0.28435 0.170407 0.181174 0.128193 0.130566 0.0304497 0.154987 0.0331708 0.125844 0.15382 0.21391 	33333 33333 	HJ_P_Move
126	0.235651 0.0871076 0.184135 0.20488 0.243518 0.30513 0.0421925 0.144184 0.0589038 0.0198227 0.0704942 0.00474995 0.0441749 0.142569 0.161601 0.186928 0.172932 0.201682 0.19248 0.28435 0.170407 0.181174 0.128193 0.130566 0.0304497 0.154987 0.0331708 0.125844 0.15382 0.21391 	33333 33333 	HJ_P_Move
127	0.235651 0.0871076 0.184135 0.20488 0.243518 0.30513 0.0421925 0.144184 0.0589038 0.0198227 0.0704942 0.00474995 0.0441749 0.0925689 0.161601 0.186928 0.172932 0.201682 0.19248 0.28435 0.170407 0.181174 0.128193 0.130566 0.0304497 0.154987 0.0331708 0.125844 0.15382 0.21391 	0.235651 2.22425 	PatMove
128	0.235651 0.0871076 0.234135 0.20488 0.243518 0.30513 0.0421925 0.144184 0.0589038 0.0198227 0.0704942 0.00474995 0.0441749 0.0925689 0.161601 0.186928 0.172932 0.201682 0.19248 0.28435 0.170407 0.181174 0.128193 0.130566 0.0304497 0.154987 0.0331708 0.125844 0.15382 0.21391 	33333 33333 	HJ_P_Move
129	0.235651 0.0871076 0.284135 0.20488 0.243518 0.30513 0.0421925 0.144184 0.0589038 0.0198227 0.0704942 0.00474995 0.0441749 0.0925689 0.161601 0.186928 0.172932 0.201682 0.19248 0.28435 0.170407 0.181174 0.128193 0.130566 0.0304497 0.154987 0.0331708 0.125844 0.15382 0.21391 	0.235651 2.25562 	HJ_P_Move
130	0.235651 0.0871076 0.334135 0.20488 0.243518 0.30513 0.0421925 0.144184 0.0589038 0.0198227 0.0704942 0.00474995 0.0441749 0.0925689 0.161601 0.186928 0.172932 0.201682 0.19248 0.28435 0.170407 0.181174 0.128193 0.130566 0.0304497 0.154987 0.0331708 0.125844 0.15382 0.21391 	0.235651 2.2713 	HJ_P_Move
131	0.235651 0.0871076 0.384135 0.20488 0.243518 0.30513 0.0421925 0.144184 0.0589038 0.0198227 0.0704942 0.00474995 0.0441749 0.0925689 0.161601 0.186928 0.172932 0.201682 0.19248 0.28435 0.170407 0.181174 0.128193 0.130566 0.0304497 0.154987 0.0331708 0.125844 0.15382 0.21391 	0.235651 2.28698 	HJ_P_Move
132	0.235651 0.0871076 0.384135 0.20488 0.243518 0.30513 0.0421925 0.144184 0.0589038 0.0198227 0.0704942 0.00474995 0.0441749 0.0925689 0.111601 0.186928 0.172932 0.201682 0.19248 0.28435 0.170407 0.181174 0.128193 0.130566 0.0304497 0.154987 0.0331708 0.125844 0.15382 0.21391 	33333 33333 	HJ_P_Move
133	0.235651 0.0871076 0.384135 0.20488 0.243518 0.30513 0.0421925 0.144184 0.0589038 0.0198227 0.0704942 0.00474995 0.0441749 0.0425689 0.111601 0.186928 0.172932 0.201682 0.19248 0.28435 0.170407 0.181174 0.128193 0.130566 0.0304497 0.154987 0.0331708 0.125844 0.15382 0.21391 	33333 33333 	HJ_P_Move
134	0.235651 0.0871076 0.384135 0.20488 0.243518 0.30513 0.0421925 0.144184 0.0589038 0.0198227 0.0704942 0.00474995 0.0441749 0.0425689 0.111601 0.186928 0.172932 0.201682 0.19248 0.28435 0.170407 0.181174 0.128193 0.130566 0.0804497 0.154987 0.0331708 0.125844 0.15382 0.21391 	33333 33333 	HJ_P_Move
135	0.235651 0.0871076 0.384135 0.20488 0.243518 0.30513 0.0421925 0.144184 0.0589038 0.0198227 0.0704942 0.00474995 0.0441749 0.0425689 0.111601 0.186928 0.172932 0.201682 0.19248 0.28435 0.170407 0.181174 0.128193 0.130566 0.13045 0.154987 0.0331708 0.125844 0.15382 0.21391 	0.235651 2.28698 	HJ_P_Move
136	0.235651 0.0871076 0.384135 0.20488 0.243518 0.30513 0.0421925 0.144184 0.0589038 0.0198227 0.0704942 0.00474995 0.0441749 0.0425689 0.111601 0.186928 0.172932 0.201682 0.19248 0.28435 0.170407 0.181174 0.128193 0.130566 0.18045 0.154987 0.0331708 0.125844 0.15382 0.21391 	0.235651 2.30266 	HJ_P_Move
137	0.235651 0.0871076 0.384135 0.20488 0.243518 0.30513 0.0421925 0.144184 0.0589038 0.0198227 0.0704942 0.00474995 0.0441749 0.0425689 0.0616007 0.186928 0.172932 0.201682 0.19248 0.28435 0.170407 0.181174 0.128193 0.130566 0.18045 0.154987 0.0331708 0.125844 0.15382 0.21391 	33333 33333 	HJ_P_Move
138	0.235651 0.0871076 0.184135 0.20488 0.243518 0.30513 0.0421925 0.144184 0.0589038 0.0198227 0.0704942 0.00474995 0.0441749 0.0925689 0.161601 0.186928 0.172932 0.201682 0.19248 0.28435 0.170407 0.181174 0.128193 0.130566 0.0304497 0.154987 0.0331708 0.125844 0.15382 0.21391 	0.235651 2.22425 	IntMove
139	0.235651 0.0871076 0.184135 0.20488 0.243518 0.30513 0.0421925 0.144184 0.0589038 0.0198227 0.0704942 0.00474995 0.0441749 0.0425689 0.161601 0.186928 0.172932 0.201682 0.19248 0.28435 0.170407 0.181174 0.128193 0.130566 0.0304497 0.154987 0.0331708 0.125844 0.15382 0.21391 	33333 33333 	HJ_P_Move
140	0.235651 0.0871076 0.184135 0.20488 0.243518 0.30513 0.0421925 0.144184 0.0589038 0.0198227 0.0704942 0.00474995 0.0441749 0.0425689 0.161601 0.186928 0.172932 0.201682 0.19248 0.28435 0.170407 0.181174 0.128193 0.130566 0.0804497 0.154987 0.0331708 0.125844 0.15382 0.21391 	33333 33333 	HJ_P_Move
141	0.235651 0.0871076 0.184135 0.20488 0.243518 0.30513 0.0421925 0.144184 0.0589038 0.0198227 0.0704942 0.00474995 0.0441749 0.0425689 0.161601 0.186928 0.172932 0.201682 0.19248 0.28435 0.170407 0.181174 0.128193 0.130566 0.13045 0.154987 0.0331708 0.125844 0.15382 0.21391 	0.235651 2.23993 	HJ_P_Move
142	0.235651 0.0871076 0.184135 0.20488 0.243518 0.30513 0.0421925 0.144184 0.0589038 0.0198227 0.0704942 0.00474995 0.0441749 0.0425689 0.161601 0.186928 0.172932 0.201682 0.19248 0.28435 0.170407 0.181174 0.128193 0.130566 0.18045 0.154987 0.0331708 0.125844 0.15382 0.21391 	0.235651 2.25562 	HJ_P_Move
143	0.235651 0.0871076 0.184135 0.20488 0.243518 0.30513 0.0421925 0.144184 0.0589038 0.0198227 0.0704942 0.00474995 0.0441749 0.0425689 0.111601 0.186928 0.172932 0.201682 0.19248 0.28435 0.170407 0.181174 0.128193 0.130566 0.18045 0.154987 0.0331708 0.125844 0.15382 0.21391 	33333 33333 	HJ_P_Move
144	0.235651 0.0871076 0.184135 0.20488 0.243518 0.30513 0.0421925 0.144184 0.0589038 0.0198227 0.0704942 0.00474995 0.0441749 0.0425689 0.0616007 0.186928 0.172932 0.201682 0.19248 0.28435 0.170407 0.181174 0.128193 0.130566 0.18045 0.154987 0.0331708 0.125844 0.15382 0.21391 	0.235651 2.22425 	PatMove
145	0.235651 0.0871076 0.234135 0.20488 0.243518 0.30513 0.0421925 0.144184 0.0589038 0.0198227 0.0704942 0.00474995 0.0441749 0.0425689 0.0616007 0.186928 0.172932 0.201682 0.19248 0.28435 0.170407 0.181174 0.128193 0.130566 0.18045 0.154987 0.0331708 0.125844 0.15382 0.21391 	33333 33333 	HJ_P_Move
146	0.235651 0.0871076 0.284135 0.20488 0.243518 0.30513 0.0421925 0.144184 0.0589038 0.0198227 0.0704942 0.00474995 0.0441749 0.0425689 0.0616007 0.186928 0.172932 0.201682 0.19248 0.28435 0.170407 0.181174 0.128193 0.130566 0.18045 0.154987 0.0331708 0.125844 0.15382 0.21391 	0.235651 2.25562 	HJ_P_Move
147	0.235651 0.0871076 0.334135 0.20488 0.243518 0.30513 0.0421925 0.144184 0.0589038 0.0198227 0.0704942 0.00474995 0.0441749 0.0425689 0.0616007 0.186928 0.172932 0.201682 0.19248 0.28435 0.170407 0.181174 0.128193 0.130566 0.18045 0.154987 0.0331708 0.125844 0.15382 0.21391 	0.235651 2.2713 	HJ_P_Move
148	0.235651 0.0871076 0.384135 0.20488 0.243518 0.30513 0.0421925 0.144184 0.0589038 0.0198227 0.0704942 0.00474995 0.0441749 0.0425689 0.0616007 0.186928 0.172932 0.201682 0.19248 0.28435 0.170407 0.181174 0.128193 0.130566 0.18045 0.154987 0.0331708 0.125844 0.15382 0.21391 	0.235651 2.28698 	HJ_P_Move
149	0.235651 0.0871076 0.384135 0.20488 0.243518 0.30513 0.0421925 0.144184 0.0589038 0.0198227 0.0704942 0.00474995 0.0441749 0.0425689 0.0616007 0.136928 0.172932 0.201682 0.19248 0.28435 0.170407 0.181174 0.128193 0.130566 0.18045 0.154987 0.0331708 0.125844 0.15382 0.21391 	33333 33333 	HJ_P_Move
150	0.235651 0.0871076 0.434135 0.20488 0.243518 0.30513 0.0421925 0.144184 0.0589038 0.0198227 0.0704942 0.00474995 0.0441749 0.0425689 0.0616007 0.136928 0.172932 0.201682 0.19248 0.28435 0.170407 0.181174 0.128193 0.130566 0.18045 0.154987 0.0331708 0.125844 0.15382 0.21391 	33333 33333 	HJ_P_Move
151	0.235651 0.0871076 0.434135 0.20488 0.243518 0.30513 0.0421925 0.144184 0.0589038 0.0198227 0.0704942 0.00474995 0.0441749 0.0425689 0.0616007 0.0869279 0.172932 0.201682 0.19248 0.28435 0.170407 0.181174 0.128193 0.130566 0.18045 0.154987 0.0331708 0.125844 0.15382 0.21391 	33333 33333 	HJ_P_Move
152	0.235651 0.0871076 0.434135 0.20488 0.243518 0.30513 0.0421925 0.144184 0.0589038 0.0198227 0.0704942 0.00474995 0.0441749 0.0425689 0.0116007 0.0869279 0.172932 0.201682 0.19248 0.28435 0.170407 0.181174 0.128193 0.130566 0.18045 0.154987 0.0331708 0.125844 0.15382 0.21391 	33333 33333 	HJ_P_Move
153	0.235651 0.0871076 0.434135 0.20488 0.243518 0.30513 0.0421925 0.144184 0.0589038 0.0198227 0.0704942 0.00474995 0.0441749 0.0425689 0.0116007 0.0869279 0.172932 0.201682 0.19248 0.28435 0.170407 0.181174 0.128193 0.130566 0.23045 0.154987 0.0331708 0.125844 0.15382 0.21391 	33333 33333 	HJ_P_Move
154	0.235651 0.0871076 0.434135 0.20488 0.243518 0.30513 0.0421925 0.144184 0.0589038 0.0198227 0.0704942 0.00474995 0.0441749 0.0425689 0.0116007 0.0869279 0.172932 0.201682 0.19248 0.28435 0.170407 0.181174 0.128193 0.180566 0.23045 0.154987 0.0331708 0.125844 0.15382 0.21391 	33333 33333 	HJ_P_Move
155	0.235651 0.0871076 0.184135 0.20488 0.243518 0.30513 0.0421925 0.144184 0.0589038 0.0198227 0.0704942 0.00474995 0.0441749 0.0425689 0.0616007 0.186928 0.172932 0.201682 0.19248 0.28435 0.170407 0.181174 0.128193 0.130566 0.18045 0.154987 0.0331708 0.125844 0.15382 0.21391 	0.235651 2.22425 	IntMove
156	0.235651 0.0871076 0.184135 0.20488 0.243518 0.30513 0.0421925 0.144184 0.0589038 0.0198227 0.0704942 0.00474995 0.0441749 0.0425689 0.0116007 0.186928 0.172932 0.201682 0.19248 0.28435 0.170407 0.181174 0.128193 0.130566 0.18045 0.154987 0.0331708 0.125844 0.15382 0.21391 	33333 33333 	HJ_P_Move
157	0.235651 0.0871076 0.184135 0.20488 0.243518 0.30513 0.0421925 0.144184 0.0589038 0.0198227 0.0704942 0.00474995 0.0441749 0.0425689 0.0116007 0.186928 0.172932 0.201682 0.19248 0.28435 0.170407 0.181174 0.128193 0.130566 0.23045 0.154987 0.0331708 0.125844 0.15382 0.21391 	33333 33333 	HJ_P_Move
158	0.235651 0.0871076 0.184135 0.20488 0.243518 0.30513 0.0421925 0.144184 0.0589038 0.0198227 0.0704942 0.00474995 0.0441749 0.0425689 0.0116007 0.186928 0.172932 0.201682 0.19248 0.28435 0.170407 0.181174 0.128193 0.180566 0.23045 0.154987 0.0331708 0.125844 0.15382 0.21391 	33333 33333 	HJ_P_Move
159	0.235651 0.0871076 0.184135 0.20488 0.243518 0.30513 0.0421925 0.144184 0.0589038 0.0198227 0.0704942 0.00474995 0.0441749 0.0425689 0.0116007 0.186928 0.172932 0.201682 0.19248 0.28435 0.170407 0.181174 0.128193 0.230566 0.23045 0.154987 0.0331708 0.125844 0.15382 0.21391 	33333 33333 	HJ_P_Move
160	0.235651 0.0871076 0.184135 0.20488 0.243518 0.30513 0.0421925 0.144184 0.0589038 0.0198227 0.0704942 0.00474995 0.0441749 0.0425689 0.0116007 0.186928 0.172932 0.201682 0.19248 0.28435 0.170407 0.181174 0.128193 0.280566 0.23045 0.154987 0.0331708 0.125844 0.15382 0.21391 	33333 33333 	HJ_P_Move
161	0.235651 0.0871076 0.184135 0.20488 0.243518 0.30513 0.0421925 0.144184 0.0589038 0.0198227 0.0704942 0.00474995 0.0441749 0.0425689 0.0116007 0.186928 0.172932 0.201682 0.19248 0.28435 0.170407 0.181174 0.128193 0.330566 0.23045 0.154987 0.0331708 0.125844 0.15382 0.21391 	33333 33333 	HJ_P_Move
162	0.235651 0.0871076 0.184135 0.20488 0.243518 0.30513 0.0421925 0.144184 0.0589038 0.0198227 0.0704942 0.00474995 0.0441749 0.0425689 0.0116007 0.186928 0.172932 0.201682 0.19248 0.28435 0.170407 0.181174 0.128193 0.380566 0.23045 0.154987 0.0331708 0.125844 0.15382 0.21391 	33333 33333 	HJ_P_Move
163	0.235651 0.0871076 0.134135 0.20488 0.243518 0.30513 0.0421925 0.144184 0.0589038 0.0198227 0.0704942 0.00474995 0.0441749 0.0425689 0.0116007 0.186928 0.172932 0.201682 0.19248 0.28435 0.170407 0.181174 0.128193 0.380566 0.23045 0.154987 0.0331708 0.125844 0.15382 0.21391 	33333 33333 	HJ_P_Move
164	0.235651 0.0871076 0.134135 0.20488 0.243518 0.30513 0.0421925 0.144184 0.0589038 0.0198227 0.0704942 0.00474995 0.0441749 0.0425689 0.0116007 0.186928 0.172932 0.201682 0.19248 0.28435 0.170407 0.181174 0.178193 0.380566 0.23045 0.154987 0.0331708 0.125844 0.15382 0.21391 	33333 33333 	HJ_P_Move
165	0.235651 0.0871076 0.134135 0.20488 0.243518 0.30513 0.0421925 0.144184 0.0589038 0.0198227 0.0704942 0.00474995 0.0441749 0.0425689 0.0116007 0.186928 0.172932 0.201682 0.19248 0.28435 0.170407 0.181174 0.228193 0.380566 0.23045 0.154987 0.0331708 0.125844 0.15382 0.21391 	33333 33333 	HJ_P_Move
166	0.235651 0.0871076 0.134135 0.20488 0.243518 0.30513 0.0421925 0.144184 0.0589038 0.0198227 0.0704942 0.00474995 0.0441749 0.0425689 0.0616007 0.186928 0.172932 0.201682 0.19248 0.28435 0.170407 0.181174 0.128193 0.380566 0.23045 0.154987 0.0331708 0.125844 0.15382 0.21391 	33333 33333 	IntMove
167	0.235651 0.0871076 0.134135 0.20488 0.243518 0.30513 0.0421925 0.144184 0.0589038 0.0198227 0.0704942 0.00474995 0.0441749 0.0425689 0.0616007 0.186928 0.172932 0.201682 0.19248 0.28435 0.170407 0.181174 0.178193 0.380566 0.23045 0.154987 0.0331708 0.125844 0.15382 0.21391 	33333 33333 	HJ_P_Move
168	0.235651 0.0871076 0.134135 0.20488 0.243518 0.30513 0.0421925 0.144184 0.0589038 0.0198227 0.0704942 0.00474995 0.0441749 0.0425689 0.0616007 0.186928 0.172932 0.201682 0.19248 0.28435 0.170407 0.181174 0.228193 0.380566 0.23045 0.154987 0.0331708 0.125844 0.15382 0.21391 	33333 33333 	HJ_P_Move
169	0.235651 0.0871076 0.0841354 0.20488 0.243518 0.30513 0.0421925 0.144184 0.0589038 0.0198227 0.0704942 0.00474995 0.0441749 0.0425689 0.0616007 0.186928 0.172932 0.201682 0.19248 0.28435 0.170407 0.181174 0.228193 0.380566 0.23045 0.154987 0.0331708 0.125844 0.15382 0.21391 	33333 33333 	HJ_P_Move
170	0.235651 0.0871076 0.0841354 0.20488 0.243518 0.30513 0.0421925 0.144184 0.0589038 0.0198227 0.0704942 0.00474995 0.0441749 0.0425689 0.0616007 0.186928 0.172932 0.201682 0.19248 0.28435 0.170407 0.181174 0.228193 0.430566 0.23045 0.154987 0.0331708 0.125844 0.15382 0.21391 	33333 33333 	HJ_P_Move
171	0.235651 0.0871076 0.0841354 0.20488 0.243518 0.30513 0.0421925 0.144184 0.0589038 0.0198227 0.0704942 0.00474995 0.0441749 0.0425689 0.0616007 0.186928 0.172932 0.201682 0.19248 0.28435 0.170407 0.181174 0.278193 0.430566 0.23045 0.154987 0.0331708 0.125844 0.15382 0.21391 	33333 33333 	HJ_P_Move
172	0.235651 0.0871076 0.0841354 0.20488 0.243518 0.30513 0.0421925 0.144184 0.0589038 0.0198227 0.0704942 0.00474995 0.0441749 0.0425689 0.0616007 0.186928 0.172932 0.201682 0.19248 0.28435 0.170407 0.181174 0.278193 0.430566 0.23045 0.154987 0.0331708 0.125844 0.15382 0.26391 	33333 33333 	HJ_P_Move
173	0.235651 0.0871076 0.0841354 0.20488 0.243518 0.30513 0.0421925 0.144184 0.0589038 0.0198227 0.0704942 0.00474995 0.0441749 0.0425689 0.0616007 0.236928 0.172932 0.201682 0.19248 0.28435 0.170407 0.181174 0.278193 0.430566 0.23045 0.154987 0.0331708 0.125844 0.15382 0.26391 	33333 33333 	HJ_P_Move
174	0.235651 0.0871076 0.0841354 0.20488 0.243518 0.30513 0.0421925 0.144184 0.0589038 0.0198227 0.0704942 0.00474995 0.0441749 0.0425689 0.0616007 0.286928 0.172932 0.201682 0.19248 0.28435 0.170407 0.181174 0.278193 0.430566 0.23045 0.154987 0.0331708 0.125844 0.15382 0.26391 	33333 33333 	HJ_P_Move
175	0.235651 0.0871076 0.0841354 0.20488 0.243518 0.30513 0.0421925 0.144184 0.0589038 0.0198227 0.0704942 0.00474995 0.0441749 0.0425689 0.0616007 0.286928 0.172932 0.201682 0.19248 0.28435 0.170407 0.181174 0.278193 0.430566 0.23045 0.154987 0.0331708 0.125844 0.15382 0.31391 	33333 33333 	HJ_P_Move
176	0.88615 0.831301 0.912218 0.822257 0.973875 0.845002 0.964809 0.806402 0.779299 0.792406 0.968007 0.947134 0.815032 0.828193 0.776489 0.83489 0.759784 0.766578 0.808022 0.874053 0.576642 0.803791 0.840553 0.769917 0.942476 0.959254 0.96707 0.810795 0.874089 0.87894 	0.88615 8.52136 	DivMove
177	0.88615 0.831301 0.912218 0.822257 0.973875 0.845002 0.964809 0.806402 0.779299 0.792406 0.968007 0.947134 0.815032 0.828193 0.776489 0.83489 0.759784 0.766578 0.808022 0.874053 0.576642 0.803791 0.840553 0.769917 0.942476 0.959254 0.96707 0.810795 0.924089 0.87894 	33333 33333 	HJ_P_Move
178	0.88615 0.831301 0.912218 0.822257 0.973875 0.845002 0.964809 0.806402 0.779299 0.792406 0.968007 0.947134 0.815032 0.828193 0.776489 0.83489 0.759784 0.766578 0.808022 0.874053 0.576642 0.803791 0.840553 0.769917 0.942476 0.959254 0.96707 0.810795 0.924089 0.92894 	33333 33333 	HJ_P_Move
179	0.88615 0.831301 0.912218 0.822257 0.973875 0.845002 0.964809 0.806402 0.779299 0.792406 0.968007 0.947134 0.815032 0.828193 0.776489 0.83489 0.759784 0.766578 0.808022 0.874053 0.576642 0.803791 0.840553 0.769917 0.942476 0.959254 0.96707 0.810795 0.924089 0.97894 	33333 33333 	HJ_P_Move
180	0.88615 0.831301 0.912218 0.822257 0.973875 0.845002 0.964809 0.806402 0.779299 0.792406 0.968007 0.947134 0.815032 0.828193 0.776489 0.83489 0.709784 0.766578 0.808022 0.874053 0.576642 0.803791 0.840553 0.769917 0.942476 0.959254 0.96707 0.810795 0.924089 0.97894 	33333 33333 	HJ_P_Move
181	0.88615 0.831301 0.912218 0.822257 0.973875 0.845002 0.964809 0.806402 0.779299 0.792406 0.968007 0.947134 0.815032 0.828193 0.776489 0.83489 0.659784 0.766578 0.808022 0.874053 0.576642 0.803791 0.840553 0.769917 0.942476 0.959254 0.96707 0.810795 0.924089 0.97894 	33333 33333 	HJ_P_Move
182	0.88615 0.831301 0.862218 0.822257 0.973875 0.845002 0.964809 0.806402 0.779299 0.792406 0.968007 0.947134 0.815032 0.828193 0.776489 0.83489 0.659784 0.766578 0.808022 0.874053 0.576642 0.803791 0.840553 0.769917 0.942476 0.959254 0.96707 0.810795 0.924089 0.97894 	33333 33333 	HJ_P_Move
183	0.88615 0.831301 0.812218 0.822257 0.973875 0.845002 0.964809 0.806402 0.779299 0.792406 0.968007 0.947134 0.815032 0.828193 0.776489 0.83489 0.659784 0.766578 0.808022 0.874053 0.576642 0.803791 0.840553 0.769917 0.942476 0.959254 0.96707 0.810795 0.924089 0.97894 	33333 33333 	HJ_P_Move
184	0.88615 0.831301 0.812218 0.822257 0.973875 0.845002 0.964809 0.806402 0.779299 0.792406 0.968007 0.947134 0.815032 0.828193 0.776489 0.83489 0.659784 0.766578 0.808022 0.874053 0.576642 0.803791 0.840553 0.769917 0.942476 0.959254 0.96707 0.810795 0.874089 0.97894 	33333 33333 	HJ_P_Move
185	0.88615 0.831301 0.812218 0.822257 0.973875 0.845002 0.964809 0.806402 0.779299 0.792406 0.968007 0.947134 0.815032 0.828193 0.776489 0.83489 0.659784 0.766578 0.808022 0.874053 0.576642 0.803791 0.840553 0.769917 0.942476 0.959254 0.96707 0.810795 0.824089 0.97894 	33333 33333 	HJ_P_Move
186	0.88615 0.831301 0.812218 0.822257 0.973875 0.845002 0.964809 0.806402 0.779299 0.792406 0.968007 0.947134 0.815032 0.828193 0.776489 0.83489 0.659784 0.766578 0.758022 0.874053 0.576642 0.803791 0.840553 0.769917 0.942476 0.959254 0.96707 0.810795 0.824089 0.97894 	33333 33333 	HJ_P_Move
