#loop	basepoint	objectives	function
0	0.5 0.5 0.5 0.5 0.5 0.5 0.5 0.5 0.5 0.5 0.5 0.5 0.5 0.5 0.5 0.5 0.5 0.5 0.5 0.5 0.5 0.5 0.5 0.5 0.5 0.5 0.5 0.5 0.5 0.5 	0.5 5.45455 	initial
1	0.5 0.5 0.5 0.5 0.5 0.5 0.5 0.5 0.5 0.5 0.5 0.5 0.5 0.5 0.5 0.5 0.5 0.5 0.5 0.45 0.5 0.5 0.5 0.5 0.5 0.5 0.5 0.5 0.5 0.5 	33333 33333 	HJ_P_Move
2	0.5 0.5 0.5 0.5 0.5 0.5 0.5 0.5 0.5 0.5 0.5 0.5 0.5 0.5 0.5 0.5 0.5 0.5 0.5 0.4 0.5 0.5 0.5 0.5 0.5 0.5 0.5 0.5 0.5 0.5 	0.5 5.42325 	PatMove
3	0.5 0.5 0.5 0.5 0.5 0.5 0.5 0.5 0.5 0.5 0.5 0.5 0.45 0.5 0.5 0.5 0.5 0.5 0.5 0.4 0.5 0.5 0.5 0.5 0.5 0.5 0.5 0.5 0.5 0.5 	33333 33333 	HJ_P_Move
4	0.5 0.5 0.5 0.5 0.5 0.5 0.5 0.5 0.5 0.5 0.5 0.5 0.4 0.5 0.5 0.5 0.5 0.5 0.5 0.4 0.5 0.5 0.5 0.5 0.5 0.5 0.5 0.5 0.5 0.5 	0.5 5.39196 	PatMove
5	0.5 0.5 0.5 0.5 0.5 0.5 0.5 0.5 0.5 0.5 0.5 0.5 0.35 0.5 0.5 0.5 0.5 0.5 0.5 0.4 0.5 0.5 0.5 0.5 0.5 0.5 0.5 0.5 0.5 0.5 	33333 33333 	HJ_P_Move
6	0.5 0.5 0.5 0.5 0.5 0.5 0.5 0.5 0.5 0.5 0.5 0.5 0.3 0.5 0.5 0.5 0.5 0.5 0.5 0.4 0.5 0.5 0.5 0.5 0.5 0.5 0.5 0.5 0.5 0.5 	0.5 5.36066 	PatMove
7	0.5 0.5 0.5 0.5 0.5 0.5 0.5 0.5 0.5 0.5 0.5 0.5 0.3 0.5 0.5 0.5 0.5 0.5 0.5 0.4 0.5 0.55 0.5 0.5 0.5 0.5 0.5 0.5 0.5 0.5 	33333 33333 	HJ_P_Move
8	0.5 0.5 0.5 0.5 0.5 0.5 0.5 0.5 0.5 0.5 0.5 0.5 0.3 0.5 0.5 0.5 0.5 0.5 0.5 0.4 0.5 0.6 0.5 0.5 0.5 0.5 0.5 0.5 0.5 0.5 	33333 33333 	HJ_P_Move
9	0.5 0.5 0.5 0.5 0.5 0.5 0.5 0.5 0.5 0.5 0.5 0.5 0.3 0.5 0.5 0.5 0.5 0.5 0.5 0.4 0.5 0.65 0.5 0.5 0.5 0.5 0.5 0.5 0.5 0.5 	33333 33333 	HJ_P_Move
10	0.5 0.5 0.5 0.5 0.5 0.5 0.5 0.5 0.5 0.5 0.5 0.5 0.3 0.5 0.5 0.5 0.5 0.5 0.5 0.4 0.5 0.7 0.5 0.5 0.5 0.5 0.5 0.5 0.5 0.5 	33333 33333 	HJ_P_Move
11	0.5 0.5 0.5 0.5 0.5 0.5 0.5 0.5 0.5 0.5 0.5 0.5 0.3 0.5 0.5 0.5 0.5 0.5 0.5 0.4 0.5 0.75 0.5 0.5 0.5 0.5 0.5 0.5 0.5 0.5 	33333 33333 	HJ_P_Move
12	0.5 0.5 0.5 0.5 0.5 0.5 0.5 0.5 0.5 0.5 0.5 0.5 0.3 0.5 0.5 0.5 0.5 0.5 0.5 0.4 0.5 0.8 0.5 0.5 0.5 0.5 0.5 0.5 0.5 0.5 	33333 33333 	HJ_P_Move
13	0.5 0.5 0.5 0.5 0.5 0.5 0.5 0.5 0.5 0.5 0.5 0.5 0.3 0.5 0.5 0.5 0.5 0.5 0.5 0.4 0.5 0.85 0.5 0.5 0.5 0.5 0.5 0.5 0.5 0.5 	33333 33333 	HJ_P_Move
14	0.5 0.5 0.5 0.5 0.5 0.5 0.5 0.5 0.5 0.5 0.5 0.5 0.3 0.5 0.5 0.5 0.5 0.5 0.5 0.4 0.5 0.9 0.5 0.5 0.5 0.5 0.5 0.5 0.5 0.5 	33333 33333 	HJ_P_Move
15	0.5 0.5 0.5 0.5 0.5 0.5 0.5 0.5 0.5 0.5 0.5 0.5 0.3 0.5 0.5 0.5 0.5 0.5 0.5 0.4 0.5 0.95 0.5 0.5 0.5 0.5 0.5 0.5 0.5 0.5 	33333 33333 	HJ_P_Move
16	0.5 0.5 0.5 0.5 0.5 0.5 0.5 0.5 0.5 0.5 0.5 0.5 0.3 0.5 0.5 0.5 0.45 0.5 0.5 0.4 0.5 0.95 0.5 0.5 0.5 0.5 0.5 0.5 0.5 0.5 	33333 33333 	HJ_P_Move
17	0.5 0.5 0.5 0.5 0.5 0.5 0.5 0.5 0.5 0.5 0.5 0.5 0.3 0.5 0.5 0.5 0.5 0.5 0.5 0.4 0.5 0.5 0.5 0.5 0.5 0.5 0.5 0.5 0.5 0.5 	0.5 5.36066 	IntMove
18	0.5 0.5 0.5 0.5 0.5 0.5 0.5 0.5 0.5 0.5 0.5 0.5 0.3 0.5 0.5 0.5 0.5 0.5 0.5 0.4 0.5 0.5 0.55 0.5 0.5 0.5 0.5 0.5 0.5 0.5 	33333 33333 	HJ_P_Move
19	0.5 0.5 0.5 0.5 0.5 0.5 0.5 0.5 0.5 0.5 0.5 0.5 0.3 0.5 0.5 0.5 0.5 0.5 0.5 0.4 0.5 0.55 0.55 0.5 0.5 0.5 0.5 0.5 0.5 0.5 	33333 33333 	HJ_P_Move
20	0.5 0.5 0.5 0.5 0.5 0.5 0.5 0.5 0.5 0.5 0.5 0.5 0.3 0.5 0.5 0.5 0.45 0.5 0.5 0.4 0.5 0.55 0.55 0.5 0.5 0.5 0.5 0.5 0.5 0.5 	33333 33333 	HJ_P_Move
21	0.5 0.5 0.5 0.5 0.5 0.5 0.5 0.5 0.5 0.5 0.5 0.5 0.3 0.5 0.5 0.5 0.4 0.5 0.5 0.4 0.5 0.55 0.55 0.5 0.5 0.5 0.5 0.5 0.5 0.5 	0.5 5.36066 	PatMove
22	0.5 0.5 0.5 0.5 0.5 0.5 0.5 0.5 0.5 0.5 0.5 0.5 0.3 0.5 0.5 0.5 0.4 0.5 0.5 0.4 0.5 0.55 0.6 0.5 0.5 0.5 0.5 0.5 0.5 0.5 	33333 33333 	HJ_P_Move
23	0.5 0.5 0.5 0.5 0.5 0.5 0.5 0.5 0.5 0.5 0.5 0.5 0.3 0.5 0.5 0.5 0.4 0.5 0.5 0.4 0.5 0.6 0.6 0.5 0.5 0.5 0.5 0.5 0.5 0.5 	33333 33333 	HJ_P_Move
24	0.5 0.5 0.5 0.5 0.5 0.5 0.5 0.5 0.5 0.5 0.5 0.5 0.3 0.5 0.5 0.5 0.4 0.5 0.5 0.4 0.5 0.65 0.6 0.5 0.5 0.5 0.5 0.5 0.5 0.5 	33333 33333 	HJ_P_Move
25	0.5 0.5 0.5 0.5 0.5 0.5 0.5 0.5 0.5 0.5 0.5 0.5 0.3 0.5 0.5 0.5 0.4 0.5 0.5 0.4 0.5 0.7 0.6 0.5 0.5 0.5 0.5 0.5 0.5 0.5 	33333 33333 	HJ_P_Move
26	0.5 0.5 0.5 0.5 0.5 0.5 0.5 0.5 0.5 0.5 0.5 0.5 0.3 0.5 0.5 0.5 0.4 0.5 0.5 0.4 0.5 0.75 0.6 0.5 0.5 0.5 0.5 0.5 0.5 0.5 	33333 33333 	HJ_P_Move
27	0.5 0.5 0.5 0.5 0.5 0.5 0.5 0.5 0.5 0.5 0.5 0.5 0.3 0.5 0.5 0.5 0.4 0.5 0.5 0.4 0.5 0.8 0.6 0.5 0.5 0.5 0.5 0.5 0.5 0.5 	33333 33333 	HJ_P_Move
28	0.5 0.5 0.5 0.5 0.5 0.5 0.5 0.5 0.5 0.5 0.5 0.5 0.3 0.5 0.5 0.5 0.4 0.5 0.5 0.4 0.5 0.85 0.6 0.5 0.5 0.5 0.5 0.5 0.5 0.5 	33333 33333 	HJ_P_Move
29	0.5 0.5 0.5 0.5 0.5 0.5 0.5 0.5 0.5 0.5 0.5 0.5 0.3 0.5 0.5 0.5 0.4 0.5 0.5 0.4 0.5 0.9 0.6 0.5 0.5 0.5 0.5 0.5 0.5 0.5 	33333 33333 	HJ_P_Move
30	0.5 0.5 0.5 0.5 0.5 0.5 0.5 0.5 0.5 0.5 0.5 0.5 0.3 0.5 0.5 0.5 0.4 0.5 0.5 0.4 0.5 0.95 0.6 0.5 0.5 0.5 0.5 0.5 0.5 0.5 	33333 33333 	HJ_P_Move
31	0.5 0.5 0.5 0.5 0.5 0.5 0.5 0.5 0.5 0.5 0.5 0.5 0.3 0.5 0.5 0.5 0.35 0.5 0.5 0.4 0.5 0.95 0.6 0.5 0.5 0.5 0.5 0.5 0.5 0.5 	33333 33333 	HJ_P_Move
32	0.5 0.5 0.5 0.5 0.5 0.5 0.5 0.5 0.5 0.5 0.5 0.5 0.3 0.5 0.5 0.5 0.4 0.5 0.5 0.4 0.5 0.55 0.55 0.5 0.5 0.5 0.5 0.5 0.5 0.5 	0.5 5.36066 	IntMove
33	0.5 0.5 0.5 0.5 0.5 0.5 0.5 0.5 0.5 0.5 0.5 0.5 0.3 0.5 0.5 0.5 0.35 0.5 0.5 0.4 0.5 0.55 0.55 0.5 0.5 0.5 0.5 0.5 0.5 0.5 	33333 33333 	HJ_P_Move
34	0.5 0.5 0.5 0.5 0.5 0.5 0.5 0.5 0.5 0.5 0.5 0.5 0.3 0.5 0.5 0.5 0.3 0.5 0.5 0.4 0.5 0.55 0.55 0.5 0.5 0.5 0.5 0.5 0.5 0.5 	0.5 5.32936 	PatMove
35	0.5 0.5 0.5 0.5 0.5 0.5 0.5 0.5 0.5 0.5 0.5 0.5 0.3 0.5 0.5 0.5 0.3 0.5 0.5 0.4 0.5 0.6 0.55 0.5 0.5 0.5 0.5 0.5 0.5 0.5 	33333 33333 	HJ_P_Move
36	0.5 0.5 0.5 0.5 0.5 0.5 0.5 0.5 0.5 0.5 0.5 0.5 0.3 0.5 0.5 0.5 0.3 0.5 0.5 0.4 0.5 0.65 0.55 0.5 0.5 0.5 0.5 0.5 0.5 0.5 	33333 33333 	HJ_P_Move
37	0.5 0.5 0.5 0.5 0.5 0.5 0.5 0.5 0.5 0.5 0.5 0.5 0.3 0.5 0.5 0.5 0.3 0.5 0.5 0.4 0.5 0.7 0.55 0.5 0.5 0.5 0.5 0.5 0.5 0.5 	33333 33333 	HJ_P_Move
38	0.5 0.5 0.5 0.5 0.5 0.5 0.5 0.5 0.5 0.5 0.5 0.5 0.3 0.5 0.5 0.5 0.3 0.5 0.5 0.4 0.5 0.75 0.55 0.5 0.5 0.5 0.5 0.5 0.5 0.5 	33333 33333 	HJ_P_Move
39	0.5 0.5 0.5 0.5 0.5 0.5 0.5 0.5 0.5 0.5 0.5 0.5 0.3 0.5 0.5 0.5 0.3 0.5 0.5 0.4 0.5 0.8 0.55 0.5 0.5 0.5 0.5 0.5 0.5 0.5 	33333 33333 	HJ_P_Move
40	0.5 0.5 0.5 0.5 0.5 0.5 0.5 0.5 0.5 0.5 0.5 0.5 0.3 0.5 0.5 0.5 0.3 0.5 0.5 0.4 0.5 0.85 0.55 0.5 0.5 0.5 0.5 0.5 0.5 0.5 	33333 33333 	HJ_P_Move
41	0.5 0.5 0.5 0.5 0.5 0.5 0.5 0.5 0.5 0.5 0.5 0.5 0.3 0.5 0.5 0.5 0.3 0.5 0.5 0.4 0.5 0.9 0.55 0.5 0.5 0.5 0.5 0.5 0.5 0.5 	33333 33333 	HJ_P_Move
42	0.5 0.5 0.5 0.5 0.5 0.5 0.5 0.5 0.5 0.5 0.5 0.5 0.3 0.5 0.5 0.5 0.3 0.5 0.5 0.4 0.5 0.95 0.55 0.5 0.5 0.5 0.5 0.5 0.5 0.5 	33333 33333 	HJ_P_Move
43	0.5 0.5 0.5 0.5 0.5 0.5 0.5 0.5 0.5 0.5 0.5 0.5 0.3 0.5 0.5 0.5 0.25 0.5 0.5 0.4 0.5 0.95 0.55 0.5 0.5 0.5 0.5 0.5 0.5 0.5 	33333 33333 	HJ_P_Move
44	0.5 0.5 0.5 0.5 0.5 0.5 0.5 0.5 0.5 0.5 0.5 0.5 0.3 0.5 0.5 0.5 0.2 0.5 0.5 0.4 0.5 0.95 0.55 0.5 0.5 0.5 0.5 0.5 0.5 0.5 	33333 33333 	HJ_P_Move
45	0.5 0.5 0.5 0.5 0.5 0.5 0.5 0.5 0.5 0.5 0.5 0.5 0.3 0.5 0.5 0.5 0.3 0.5 0.5 0.4 0.5 0.55 0.55 0.5 0.5 0.5 0.5 0.5 0.5 0.5 	0.5 5.32936 	IntMove
46	0.5 0.5 0.5 0.5 0.5 0.5 0.5 0.5 0.5 0.5 0.5 0.5 0.3 0.5 0.5 0.5 0.3 0.5 0.5 0.4 0.5 0.55 0.6 0.5 0.5 0.5 0.5 0.5 0.5 0.5 	33333 33333 	HJ_P_Move
47	0.5 0.5 0.5 0.5 0.5 0.5 0.5 0.5 0.5 0.5 0.5 0.5 0.3 0.5 0.5 0.5 0.3 0.5 0.5 0.4 0.5 0.6 0.6 0.5 0.5 0.5 0.5 0.5 0.5 0.5 	33333 33333 	HJ_P_Move
48	0.5 0.5 0.5 0.5 0.5 0.5 0.5 0.5 0.5 0.5 0.5 0.5 0.3 0.5 0.5 0.5 0.25 0.5 0.5 0.4 0.5 0.6 0.6 0.5 0.5 0.5 0.5 0.5 0.5 0.5 	33333 33333 	HJ_P_Move
49	0.5 0.5 0.5 0.5 0.5 0.5 0.5 0.5 0.5 0.5 0.5 0.5 0.3 0.5 0.5 0.5 0.2 0.5 0.5 0.4 0.5 0.6 0.6 0.5 0.5 0.5 0.5 0.5 0.5 0.5 	0.5 5.32936 	PatMove
50	0.5 0.5 0.5 0.5 0.5 0.5 0.5 0.5 0.5 0.5 0.5 0.5 0.3 0.5 0.5 0.5 0.2 0.5 0.5 0.4 0.5 0.65 0.6 0.5 0.5 0.5 0.5 0.5 0.5 0.5 	33333 33333 	HJ_P_Move
51	0.5 0.5 0.5 0.5 0.5 0.5 0.5 0.5 0.5 0.5 0.5 0.5 0.3 0.5 0.5 0.5 0.2 0.5 0.5 0.4 0.5 0.7 0.6 0.5 0.5 0.5 0.5 0.5 0.5 0.5 	33333 33333 	HJ_P_Move
52	0.5 0.5 0.5 0.5 0.5 0.5 0.5 0.5 0.5 0.5 0.5 0.5 0.3 0.5 0.5 0.5 0.2 0.5 0.5 0.4 0.5 0.75 0.6 0.5 0.5 0.5 0.5 0.5 0.5 0.5 	33333 33333 	HJ_P_Move
53	0.5 0.5 0.5 0.5 0.5 0.5 0.5 0.5 0.5 0.5 0.5 0.5 0.3 0.5 0.5 0.5 0.2 0.5 0.5 0.4 0.5 0.8 0.6 0.5 0.5 0.5 0.5 0.5 0.5 0.5 	33333 33333 	HJ_P_Move
54	0.5 0.5 0.5 0.5 0.5 0.5 0.5 0.5 0.5 0.5 0.5 0.5 0.3 0.5 0.5 0.5 0.2 0.5 0.5 0.4 0.5 0.85 0.6 0.5 0.5 0.5 0.5 0.5 0.5 0.5 	33333 33333 	HJ_P_Move
55	0.5 0.5 0.5 0.5 0.5 0.5 0.5 0.5 0.5 0.5 0.5 0.5 0.3 0.5 0.5 0.5 0.2 0.5 0.5 0.4 0.5 0.9 0.6 0.5 0.5 0.5 0.5 0.5 0.5 0.5 	33333 33333 	HJ_P_Move
56	0.5 0.5 0.5 0.5 0.5 0.5 0.5 0.5 0.5 0.5 0.5 0.5 0.3 0.5 0.5 0.5 0.2 0.5 0.5 0.4 0.5 0.95 0.6 0.5 0.5 0.5 0.5 0.5 0.5 0.5 	33333 33333 	HJ_P_Move
57	0.5 0.5 0.5 0.5 0.5 0.5 0.5 0.5 0.5 0.5 0.5 0.5 0.3 0.5 0.5 0.5 0.15 0.5 0.5 0.4 0.5 0.95 0.6 0.5 0.5 0.5 0.5 0.5 0.5 0.5 	33333 33333 	HJ_P_Move
58	0.5 0.5 0.5 0.5 0.5 0.5 0.5 0.5 0.5 0.5 0.5 0.5 0.3 0.5 0.5 0.5 0.1 0.5 0.5 0.4 0.5 0.95 0.6 0.5 0.5 0.5 0.5 0.5 0.5 0.5 	33333 33333 	HJ_P_Move
59	0.5 0.5 0.5 0.5 0.5 0.5 0.5 0.5 0.5 0.5 0.5 0.5 0.3 0.5 0.5 0.5 0.05 0.5 0.5 0.4 0.5 0.95 0.6 0.5 0.5 0.5 0.5 0.5 0.5 0.5 	33333 33333 	HJ_P_Move
60	0.5 0.5 0.5 0.5 0.5 0.5 0.5 0.5 0.5 0.5 0.5 0.5 0.3 0.5 0.5 0.5 0.2 0.5 0.5 0.4 0.5 0.6 0.6 0.5 0.5 0.5 0.5 0.5 0.5 0.5 	0.5 5.32936 	IntMove
61	0.5 0.5 0.5 0.5 0.5 0.5 0.5 0.5 0.5 0.5 0.5 0.5 0.3 0.5 0.5 0.5 0.2 0.5 0.5 0.4 0.5 0.6 0.65 0.5 0.5 0.5 0.5 0.5 0.5 0.5 	33333 33333 	HJ_P_Move
62	0.5 0.5 0.5 0.5 0.5 0.5 0.5 0.5 0.5 0.5 0.5 0.5 0.3 0.5 0.5 0.5 0.2 0.5 0.5 0.4 0.5 0.65 0.65 0.5 0.5 0.5 0.5 0.5 0.5 0.5 	33333 33333 	HJ_P_Move
63	0.5 0.5 0.5 0.5 0.5 0.5 0.5 0.5 0.5 0.5 0.5 0.5 0.3 0.5 0.5 0.5 0.15 0.5 0.5 0.4 0.5 0.65 0.65 0.5 0.5 0.5 0.5 0.5 0.5 0.5 	33333 33333 	HJ_P_Move
64	0.5 0.5 0.5 0.5 0.5 0.5 0.5 0.5 0.5 0.5 0.5 0.5 0.3 0.5 0.5 0.5 0.1 0.5 0.5 0.4 0.5 0.65 0.65 0.5 0.5 0.5 0.5 0.5 0.5 0.5 	0.5 5.32936 	PatMove
65	0.5 0.5 0.5 0.5 0.5 0.5 0.5 0.5 0.5 0.5 0.5 0.5 0.3 0.5 0.5 0.5 0.1 0.5 0.5 0.4 0.5 0.65 0.7 0.5 0.5 0.5 0.5 0.5 0.5 0.5 	33333 33333 	HJ_P_Move
66	0.5 0.5 0.5 0.5 0.5 0.5 0.5 0.5 0.5 0.5 0.5 0.5 0.3 0.5 0.5 0.5 0.1 0.5 0.5 0.4 0.5 0.7 0.7 0.5 0.5 0.5 0.5 0.5 0.5 0.5 	33333 33333 	HJ_P_Move
67	0.5 0.5 0.5 0.5 0.5 0.5 0.5 0.5 0.5 0.5 0.5 0.5 0.3 0.5 0.5 0.5 0.1 0.5 0.5 0.4 0.5 0.75 0.7 0.5 0.5 0.5 0.5 0.5 0.5 0.5 	33333 33333 	HJ_P_Move
68	0.5 0.5 0.5 0.5 0.5 0.5 0.5 0.5 0.5 0.5 0.5 0.5 0.3 0.5 0.5 0.5 0.1 0.5 0.5 0.4 0.5 0.8 0.7 0.5 0.5 0.5 0.5 0.5 0.5 0.5 	33333 33333 	HJ_P_Move
69	0.5 0.5 0.5 0.5 0.5 0.5 0.5 0.5 0.5 0.5 0.5 0.5 0.3 0.5 0.5 0.5 0.1 0.5 0.5 0.4 0.5 0.85 0.7 0.5 0.5 0.5 0.5 0.5 0.5 0.5 	33333 33333 	HJ_P_Move
70	0.5 0.5 0.5 0.5 0.5 0.5 0.5 0.5 0.5 0.5 0.5 0.5 0.3 0.5 0.5 0.5 0.1 0.5 0.5 0.4 0.5 0.9 0.7 0.5 0.5 0.5 0.5 0.5 0.5 0.5 	33333 33333 	HJ_P_Move
71	0.5 0.5 0.5 0.5 0.5 0.5 0.5 0.5 0.5 0.5 0.5 0.5 0.3 0.5 0.5 0.5 0.1 0.5 0.5 0.4 0.5 0.95 0.7 0.5 0.5 0.5 0.5 0.5 0.5 0.5 	33333 33333 	HJ_P_Move
72	0.5 0.5 0.5 0.5 0.5 0.5 0.5 0.5 0.5 0.5 0.5 0.5 0.3 0.5 0.5 0.5 0.05 0.5 0.5 0.4 0.5 0.95 0.7 0.5 0.5 0.5 0.5 0.5 0.5 0.5 	33333 33333 	HJ_P_Move
73	0.5 0.5 0.5 0.5 0.5 0.5 0.5 0.5 0.5 0.5 0.5 0.5 0.3 0.5 0.5 0.5 0 0.5 0.5 0.4 0.5 0.95 0.7 0.5 0.5 0.5 0.5 0.5 0.5 0.5 	33333 33333 	HJ_P_Move
74	0.5 0.5 0.5 0.5 0.5 0.45 0.5 0.5 0.5 0.5 0.5 0.5 0.3 0.5 0.5 0.5 0 0.5 0.5 0.4 0.5 0.95 0.7 0.5 0.5 0.5 0.5 0.5 0.5 0.5 	33333 33333 	HJ_P_Move
75	0.5 0.5 0.5 0.5 0.5 0.5 0.5 0.5 0.5 0.5 0.5 0.5 0.3 0.5 0.5 0.5 0.1 0.5 0.5 0.4 0.5 0.65 0.65 0.5 0.5 0.5 0.5 0.5 0.5 0.5 	0.5 5.32936 	IntMove
76	0.5 0.5 0.5 0.5 0.5 0.5 0.5 0.5 0.5 0.5 0.5 0.5 0.3 0.5 0.5 0.5 0.05 0.5 0.5 0.4 0.5 0.65 0.65 0.5 0.5 0.5 0.5 0.5 0.5 0.5 	33333 33333 	HJ_P_Move
77	0.5 0.5 0.5 0.5 0.5 0.5 0.5 0.5 0.5 0.5 0.5 0.5 0.3 0.5 0.5 0.5 0 0.5 0.5 0.4 0.5 0.65 0.65 0.5 0.5 0.5 0.5 0.5 0.5 0.5 	0.5 5.29805 	PatMove
78	0.5 0.5 0.5 0.5 0.5 0.5 0.5 0.5 0.5 0.5 0.5 0.5 0.3 0.5 0.5 0.5 0 0.45 0.5 0.4 0.5 0.65 0.65 0.5 0.5 0.5 0.5 0.5 0.5 0.5 	33333 33333 	HJ_P_Move
79	0.5 0.5 0.5 0.5 0.5 0.5 0.5 0.5 0.5 0.5 0.5 0.5 0.3 0.5 0.5 0.5 0 0.4 0.5 0.4 0.5 0.65 0.65 0.5 0.5 0.5 0.5 0.5 0.5 0.5 	0.5 5.26675 	PatMove
80	0.5 0.5 0.5 0.5 0.5 0.5 0.5 0.5 0.5 0.5 0.5 0.5 0.3 0.5 0.5 0.5 0 0.35 0.5 0.4 0.5 0.65 0.65 0.5 0.5 0.5 0.5 0.5 0.5 0.5 	33333 33333 	HJ_P_Move
81	0.5 0.5 0.5 0.5 0.5 0.5 0.5 0.5 0.5 0.5 0.5 0.5 0.3 0.5 0.5 0.5 0 0.3 0.5 0.4 0.5 0.65 0.65 0.5 0.5 0.5 0.5 0.5 0.5 0.5 	0.5 5.23543 	PatMove
82	0.5 0.5 0.5 0.5 0.5 0.5 0.5 0.5 0.5 0.5 0.5 0.5 0.3 0.5 0.5 0.5 0 0.3 0.5 0.4 0.5 0.7 0.65 0.5 0.5 0.5 0.5 0.5 0.5 0.5 	33333 33333 	HJ_P_Move
83	0.5 0.5 0.5 0.5 0.5 0.5 0.5 0.5 0.5 0.5 0.5 0.5 0.3 0.5 0.5 0.5 0 0.25 0.5 0.4 0.5 0.7 0.65 0.5 0.5 0.5 0.5 0.5 0.5 0.5 	33333 33333 	HJ_P_Move
84	0.5 0.5 0.5 0.5 0.5 0.5 0.5 0.5 0.5 0.5 0.5 0.5 0.3 0.5 0.5 0.5 0 0.2 0.5 0.4 0.5 0.7 0.65 0.5 0.5 0.5 0.5 0.5 0.5 0.5 	0.5 5.21978 	PatMove
85	0.5 0.5 0.5 0.5 0.5 0.5 0.5 0.5 0.5 0.5 0.5 0.5 0.3 0.5 0.5 0.5 0 0.2 0.5 0.4 0.5 0.75 0.65 0.5 0.5 0.5 0.5 0.5 0.5 0.5 	33333 33333 	HJ_P_Move
86	0.5 0.5 0.5 0.5 0.5 0.5 0.5 0.5 0.5 0.5 0.5 0.5 0.3 0.5 0.5 0.5 0 0.2 0.5 0.4 0.5 0.8 0.65 0.5 0.5 0.5 0.5 0.5 0.5 0.5 	0.5 5.25109 	HJ_P_Move
87	0.5 0.5 0.5 0.5 0.5 0.5 0.5 0.5 0.5 0.5 0.5 0.5 0.3 0.5 0.5 0.5 0 0.15 0.5 0.4 0.5 0.8 0.65 0.5 0.5 0.5 0.5 0.5 0.5 0.5 	33333 33333 	HJ_P_Move
88	0.5 0.5 0.5 0.5 0.5 0.5 0.5 0.5 0.5 0.5 0.5 0.5 0.3 0.5 0.5 0.5 0 0.1 0.5 0.4 0.5 0.8 0.65 0.5 0.5 0.5 0.5 0.5 0.5 0.5 	0.5 5.21978 	PatMove
89	0.5 0.5 0.5 0.5 0.5 0.5 0.5 0.5 0.5 0.5 0.5 0.5 0.3 0.5 0.5 0.5 0 0.05 0.5 0.4 0.5 0.8 0.65 0.5 0.5 0.5 0.5 0.5 0.5 0.5 	33333 33333 	HJ_P_Move
90	0.5 0.5 0.5 0.5 0.5 0.5 0.5 0.5 0.5 0.5 0.5 0.5 0.3 0.5 0.5 0.5 0 0 0.5 0.4 0.5 0.8 0.65 0.5 0.5 0.5 0.5 0.5 0.5 0.5 	0.5 5.18846 	PatMove
91	0.5 0.5 0.5 0.5 0.5 0.45 0.5 0.5 0.5 0.5 0.5 0.5 0.3 0.5 0.5 0.5 0 0 0.5 0.4 0.5 0.8 0.65 0.5 0.5 0.5 0.5 0.5 0.5 0.5 	33333 33333 	HJ_P_Move
92	0.5 0.5 0.5 0.5 0.5 0.4 0.5 0.5 0.5 0.5 0.5 0.5 0.3 0.5 0.5 0.5 0 0 0.5 0.4 0.5 0.8 0.65 0.5 0.5 0.5 0.5 0.5 0.5 0.5 	0.5 5.15714 	PatMove
93	0.5 0.5 0.5 0.5 0.5 0.35 0.5 0.5 0.5 0.5 0.5 0.5 0.3 0.5 0.5 0.5 0 0 0.5 0.4 0.5 0.8 0.65 0.5 0.5 0.5 0.5 0.5 0.5 0.5 	33333 33333 	HJ_P_Move
94	0.5 0.5 0.5 0.5 0.5 0.3 0.5 0.5 0.5 0.5 0.5 0.5 0.3 0.5 0.5 0.5 0 0 0.5 0.4 0.5 0.8 0.65 0.5 0.5 0.5 0.5 0.5 0.5 0.5 	0.5 5.12582 	PatMove
95	0.5 0.5 0.5 0.5 0.5 0.3 0.5 0.5 0.5 0.5 0.5 0.5 0.3 0.5 0.5 0.5 0 0 0.45 0.4 0.5 0.8 0.65 0.5 0.5 0.5 0.5 0.5 0.5 0.5 	33333 33333 	HJ_P_Move
96	0.5 0.5 0.5 0.5 0.5 0.3 0.5 0.5 0.5 0.5 0.5 0.5 0.3 0.5 0.5 0.5 0 0 0.4 0.4 0.5 0.8 0.65 0.5 0.5 0.5 0.5 0.5 0.5 0.5 	0.5 5.09449 	PatMove
97	0.5 0.5 0.5 0.5 0.5 0.25 0.5 0.5 0.5 0.5 0.5 0.5 0.3 0.5 0.5 0.5 0 0 0.4 0.4 0.5 0.8 0.65 0.5 0.5 0.5 0.5 0.5 0.5 0.5 	33333 33333 	HJ_P_Move
98	0.5 0.5 0.5 0.5 0.5 0.2 0.5 0.5 0.5 0.5 0.5 0.5 0.3 0.5 0.5 0.5 0 0 0.4 0.4 0.5 0.8 0.65 0.5 0.5 0.5 0.5 0.5 0.5 0.5 	0.5 5.06317 	PatMove
99	0.5 0.5 0.5 0.5 0.5 0.15 0.5 0.5 0.5 0.5 0.5 0.5 0.3 0.5 0.5 0.5 0 0 0.4 0.4 0.5 0.8 0.65 0.5 0.5 0.5 0.5 0.5 0.5 0.5 	33333 33333 	HJ_P_Move
100	0.5 0.5 0.5 0.5 0.5 0.1 0.5 0.5 0.5 0.5 0.5 0.5 0.3 0.5 0.5 0.5 0 0 0.4 0.4 0.5 0.8 0.65 0.5 0.5 0.5 0.5 0.5 0.5 0.5 	0.5 5.03183 	PatMove
101	0.5 0.5 0.5 0.5 0.5 0.05 0.5 0.5 0.5 0.5 0.5 0.5 0.3 0.5 0.5 0.5 0 0 0.4 0.4 0.5 0.8 0.65 0.5 0.5 0.5 0.5 0.5 0.5 0.5 	33333 33333 	HJ_P_Move
102	0.5 0.5 0.5 0.5 0.5 0 0.5 0.5 0.5 0.5 0.5 0.5 0.3 0.5 0.5 0.5 0 0 0.4 0.4 0.5 0.8 0.65 0.5 0.5 0.5 0.5 0.5 0.5 0.5 	0.5 5.0005 	PatMove
103	0.5 0.5 0.5 0.5 0.5 0 0.5 0.5 0.5 0.5 0.5 0.55 0.3 0.5 0.5 0.5 0 0 0.4 0.4 0.5 0.8 0.65 0.5 0.5 0.5 0.5 0.5 0.5 0.5 	33333 33333 	HJ_P_Move
104	0.5 0.5 0.5 0.5 0.5 0 0.5 0.5 0.5 0.5 0.55 0.55 0.3 0.5 0.5 0.5 0 0 0.4 0.4 0.5 0.8 0.65 0.5 0.5 0.5 0.5 0.5 0.5 0.5 	33333 33333 	HJ_P_Move
105	0.5 0.5 0.5 0.5 0.5 0 0.5 0.5 0.5 0.5 0.6 0.55 0.3 0.5 0.5 0.5 0 0 0.4 0.4 0.5 0.8 0.65 0.5 0.5 0.5 0.5 0.5 0.5 0.5 	33333 33333 	HJ_P_Move
106	0.5 0.5 0.5 0.5 0.5 0 0.5 0.5 0.5 0.5 0.65 0.55 0.3 0.5 0.5 0.5 0 0 0.4 0.4 0.5 0.8 0.65 0.5 0.5 0.5 0.5 0.5 0.5 0.5 	33333 33333 	HJ_P_Move
107	0.5 0.5 0.5 0.5 0.5 0 0.5 0.5 0.5 0.5 0.7 0.55 0.3 0.5 0.5 0.5 0 0 0.4 0.4 0.5 0.8 0.65 0.5 0.5 0.5 0.5 0.5 0.5 0.5 	33333 33333 	HJ_P_Move
108	0.5 0.5 0.5 0.5 0.5 0 0.5 0.5 0.5 0.5 0.75 0.55 0.3 0.5 0.5 0.5 0 0 0.4 0.4 0.5 0.8 0.65 0.5 0.5 0.5 0.5 0.5 0.5 0.5 	33333 33333 	HJ_P_Move
109	0.5 0.5 0.5 0.5 0.5 0 0.5 0.5 0.5 0.5 0.8 0.55 0.3 0.5 0.5 0.5 0 0 0.4 0.4 0.5 0.8 0.65 0.5 0.5 0.5 0.5 0.5 0.5 0.5 	33333 33333 	HJ_P_Move
110	0.5 0.5 0.5 0.5 0.5 0 0.5 0.5 0.5 0.5 0.85 0.55 0.3 0.5 0.5 0.5 0 0 0.4 0.4 0.5 0.8 0.65 0.5 0.5 0.5 0.5 0.5 0.5 0.5 	33333 33333 	HJ_P_Move
111	0.5 0.5 0.5 0.5 0.5 0 0.5 0.5 0.5 0.5 0.9 0.55 0.3 0.5 0.5 0.5 0 0 0.4 0.4 0.5 0.8 0.65 0.5 0.5 0.5 0.5 0.5 0.5 0.5 	33333 33333 	HJ_P_Move
112	0.5 0.5 0.5 0.5 0.5 0 0.5 0.5 0.5 0.5 0.95 0.55 0.3 0.5 0.5 0.5 0 0 0.4 0.4 0.5 0.8 0.65 0.5 0.5 0.5 0.5 0.5 0.5 0.5 	33333 33333 	HJ_P_Move
113	0.5 0.5 0.5 0.5 0.5 0 0.5 0.5 0.5 0.5 0.5 0.5 0.3 0.5 0.5 0.5 0 0 0.4 0.4 0.5 0.8 0.65 0.5 0.5 0.5 0.5 0.5 0.5 0.5 	0.5 5.0005 	IntMove
114	0.5 0.5 0.5 0.5 0.5 0 0.5 0.5 0.5 0.5 0.5 0.45 0.3 0.5 0.5 0.5 0 0 0.4 0.4 0.5 0.8 0.65 0.5 0.5 0.5 0.5 0.5 0.5 0.5 	33333 33333 	HJ_P_Move
115	0.5 0.5 0.5 0.5 0.5 0 0.5 0.5 0.5 0.5 0.5 0.4 0.3 0.5 0.5 0.5 0 0 0.4 0.4 0.5 0.8 0.65 0.5 0.5 0.5 0.5 0.5 0.5 0.5 	0.5 4.96915 	PatMove
116	0.5 0.5 0.5 0.5 0.5 0 0.5 0.5 0.5 0.5 0.55 0.4 0.3 0.5 0.5 0.5 0 0 0.4 0.4 0.5 0.8 0.65 0.5 0.5 0.5 0.5 0.5 0.5 0.5 	33333 33333 	HJ_P_Move
117	0.5 0.5 0.5 0.5 0.5 0 0.5 0.5 0.5 0.5 0.6 0.4 0.3 0.5 0.5 0.5 0 0 0.4 0.4 0.5 0.8 0.65 0.5 0.5 0.5 0.5 0.5 0.5 0.5 	33333 33333 	HJ_P_Move
118	0.5 0.5 0.5 0.5 0.5 0 0.5 0.5 0.5 0.5 0.65 0.4 0.3 0.5 0.5 0.5 0 0 0.4 0.4 0.5 0.8 0.65 0.5 0.5 0.5 0.5 0.5 0.5 0.5 	33333 33333 	HJ_P_Move
119	0.5 0.5 0.5 0.5 0.5 0 0.5 0.5 0.5 0.5 0.7 0.4 0.3 0.5 0.5 0.5 0 0 0.4 0.4 0.5 0.8 0.65 0.5 0.5 0.5 0.5 0.5 0.5 0.5 	33333 33333 	HJ_P_Move
120	0.5 0.5 0.5 0.5 0.5 0 0.5 0.5 0.5 0.5 0.75 0.4 0.3 0.5 0.5 0.5 0 0 0.4 0.4 0.5 0.8 0.65 0.5 0.5 0.5 0.5 0.5 0.5 0.5 	33333 33333 	HJ_P_Move
121	0.5 0.5 0.5 0.5 0.5 0 0.5 0.5 0.5 0.5 0.8 0.4 0.3 0.5 0.5 0.5 0 0 0.4 0.4 0.5 0.8 0.65 0.5 0.5 0.5 0.5 0.5 0.5 0.5 	33333 33333 	HJ_P_Move
122	0.5 0.5 0.5 0.5 0.5 0 0.5 0.5 0.5 0.5 0.85 0.4 0.3 0.5 0.5 0.5 0 0 0.4 0.4 0.5 0.8 0.65 0.5 0.5 0.5 0.5 0.5 0.5 0.5 	33333 33333 	HJ_P_Move
123	0.5 0.5 0.5 0.5 0.5 0 0.5 0.5 0.5 0.5 0.9 0.4 0.3 0.5 0.5 0.5 0 0 0.4 0.4 0.5 0.8 0.65 0.5 0.5 0.5 0.5 0.5 0.5 0.5 	33333 33333 	HJ_P_Move
124	0.5 0.5 0.5 0.5 0.5 0 0.5 0.5 0.5 0.5 0.95 0.4 0.3 0.5 0.5 0.5 0 0 0.4 0.4 0.5 0.8 0.65 0.5 0.5 0.5 0.5 0.5 0.5 0.5 	33333 33333 	HJ_P_Move
125	0.5 0.5 0.5 0.5 0.5 0 0.5 0.5 0.5 0.5 0.95 0.4 0.25 0.5 0.5 0.5 0 0 0.4 0.4 0.5 0.8 0.65 0.5 0.5 0.5 0.5 0.5 0.5 0.5 	33333 33333 	HJ_P_Move
126	0.5 0.5 0.5 0.5 0.5 0 0.5 0.5 0.5 0.5 0.5 0.4 0.3 0.5 0.5 0.5 0 0 0.4 0.4 0.5 0.8 0.65 0.5 0.5 0.5 0.5 0.5 0.5 0.5 	0.5 4.96915 	IntMove
127	0.5 0.5 0.5 0.5 0.5 0 0.5 0.5 0.5 0.5 0.5 0.35 0.3 0.5 0.5 0.5 0 0 0.4 0.4 0.5 0.8 0.65 0.5 0.5 0.5 0.5 0.5 0.5 0.5 	33333 33333 	HJ_P_Move
128	0.5 0.5 0.5 0.5 0.5 0 0.5 0.5 0.5 0.5 0.5 0.3 0.3 0.5 0.5 0.5 0 0 0.4 0.4 0.5 0.8 0.65 0.5 0.5 0.5 0.5 0.5 0.5 0.5 	0.5 4.93781 	PatMove
129	0.5 0.5 0.5 0.5 0.5 0 0.45 0.5 0.5 0.5 0.5 0.3 0.3 0.5 0.5 0.5 0 0 0.4 0.4 0.5 0.8 0.65 0.5 0.5 0.5 0.5 0.5 0.5 0.5 	33333 33333 	HJ_P_Move
130	0.5 0.5 0.5 0.5 0.5 0 0.4 0.5 0.5 0.5 0.5 0.3 0.3 0.5 0.5 0.5 0 0 0.4 0.4 0.5 0.8 0.65 0.5 0.5 0.5 0.5 0.5 0.5 0.5 	0.5 4.90646 	PatMove
131	0.5 0.5 0.5 0.5 0.5 0 0.4 0.5 0.5 0.5 0.5 0.35 0.3 0.5 0.5 0.5 0 0 0.4 0.4 0.5 0.8 0.65 0.5 0.5 0.5 0.5 0.5 0.5 0.5 	33333 33333 	HJ_P_Move
132	0.5 0.5 0.5 0.5 0.5 0 0.4 0.5 0.5 0.5 0.55 0.35 0.3 0.5 0.5 0.5 0 0 0.4 0.4 0.5 0.8 0.65 0.5 0.5 0.5 0.5 0.5 0.5 0.5 	33333 33333 	HJ_P_Move
133	0.5 0.5 0.5 0.5 0.5 0 0.4 0.5 0.5 0.5 0.6 0.35 0.3 0.5 0.5 0.5 0 0 0.4 0.4 0.5 0.8 0.65 0.5 0.5 0.5 0.5 0.5 0.5 0.5 	33333 33333 	HJ_P_Move
134	0.5 0.5 0.5 0.5 0.5 0 0.4 0.5 0.5 0.5 0.65 0.35 0.3 0.5 0.5 0.5 0 0 0.4 0.4 0.5 0.8 0.65 0.5 0.5 0.5 0.5 0.5 0.5 0.5 	33333 33333 	HJ_P_Move
135	0.5 0.5 0.5 0.5 0.5 0 0.4 0.5 0.5 0.5 0.7 0.35 0.3 0.5 0.5 0.5 0 0 0.4 0.4 0.5 0.8 0.65 0.5 0.5 0.5 0.5 0.5 0.5 0.5 	33333 33333 	HJ_P_Move
136	0.5 0.5 0.5 0.5 0.5 0 0.4 0.5 0.5 0.5 0.75 0.35 0.3 0.5 0.5 0.5 0 0 0.4 0.4 0.5 0.8 0.65 0.5 0.5 0.5 0.5 0.5 0.5 0.5 	33333 33333 	HJ_P_Move
137	0.5 0.5 0.5 0.5 0.5 0 0.4 0.5 0.5 0.5 0.8 0.35 0.3 0.5 0.5 0.5 0 0 0.4 0.4 0.5 0.8 0.65 0.5 0.5 0.5 0.5 0.5 0.5 0.5 	33333 33333 	HJ_P_Move
138	0.5 0.5 0.5 0.5 0.5 0 0.4 0.5 0.5 0.5 0.85 0.35 0.3 0.5 0.5 0.5 0 0 0.4 0.4 0.5 0.8 0.65 0.5 0.5 0.5 0.5 0.5 0.5 0.5 	33333 33333 	HJ_P_Move
139	0.5 0.5 0.5 0.5 0.5 0 0.4 0.5 0.5 0.5 0.9 0.35 0.3 0.5 0.5 0.5 0 0 0.4 0.4 0.5 0.8 0.65 0.5 0.5 0.5 0.5 0.5 0.5 0.5 	33333 33333 	HJ_P_Move
140	0.5 0.5 0.5 0.5 0.5 0 0.4 0.5 0.5 0.5 0.95 0.35 0.3 0.5 0.5 0.5 0 0 0.4 0.4 0.5 0.8 0.65 0.5 0.5 0.5 0.5 0.5 0.5 0.5 	33333 33333 	HJ_P_Move
141	0.5 0.5 0.5 0.5 0.5 0 0.4 0.5 0.5 0.5 0.5 0.3 0.3 0.5 0.5 0.5 0 0 0.4 0.4 0.5 0.8 0.65 0.5 0.5 0.5 0.5 0.5 0.5 0.5 	0.5 4.90646 	IntMove
142	0.5 0.5 0.5 0.5 0.5 0 0.4 0.5 0.5 0.5 0.5 0.25 0.3 0.5 0.5 0.5 0 0 0.4 0.4 0.5 0.8 0.65 0.5 0.5 0.5 0.5 0.5 0.5 0.5 	33333 33333 	HJ_P_Move
143	0.5 0.5 0.5 0.5 0.5 0 0.4 0.5 0.5 0.5 0.5 0.2 0.3 0.5 0.5 0.5 0 0 0.4 0.4 0.5 0.8 0.65 0.5 0.5 0.5 0.5 0.5 0.5 0.5 	0.5 4.87511 	PatMove
144	0.5 0.5 0.5 0.5 0.5 0 0.4 0.5 0.5 0.5 0.55 0.2 0.3 0.5 0.5 0.5 0 0 0.4 0.4 0.5 0.8 0.65 0.5 0.5 0.5 0.5 0.5 0.5 0.5 	33333 33333 	HJ_P_Move
145	0.5 0.5 0.5 0.5 0.5 0 0.4 0.5 0.5 0.5 0.6 0.2 0.3 0.5 0.5 0.5 0 0 0.4 0.4 0.5 0.8 0.65 0.5 0.5 0.5 0.5 0.5 0.5 0.5 	33333 33333 	HJ_P_Move
146	0.5 0.5 0.5 0.5 0.5 0 0.4 0.5 0.5 0.5 0.65 0.2 0.3 0.5 0.5 0.5 0 0 0.4 0.4 0.5 0.8 0.65 0.5 0.5 0.5 0.5 0.5 0.5 0.5 	33333 33333 	HJ_P_Move
147	0.5 0.5 0.5 0.5 0.5 0 0.4 0.5 0.5 0.5 0.7 0.2 0.3 0.5 0.5 0.5 0 0 0.4 0.4 0.5 0.8 0.65 0.5 0.5 0.5 0.5 0.5 0.5 0.5 	33333 33333 	HJ_P_Move
148	0.5 0.5 0.5 0.5 0.5 0 0.4 0.5 0.5 0.5 0.75 0.2 0.3 0.5 0.5 0.5 0 0 0.4 0.4 0.5 0.8 0.65 0.5 0.5 0.5 0.5 0.5 0.5 0.5 	33333 33333 	HJ_P_Move
149	0.5 0.5 0.5 0.5 0.5 0 0.4 0.5 0.5 0.5 0.8 0.2 0.3 0.5 0.5 0.5 0 0 0.4 0.4 0.5 0.8 0.65 0.5 0.5 0.5 0.5 0.5 0.5 0.5 	33333 33333 	HJ_P_Move
150	0.5 0.5 0.5 0.5 0.5 0 0.4 0.5 0.5 0.5 0.85 0.2 0.3 0.5 0.5 0.5 0 0 0.4 0.4 0.5 0.8 0.65 0.5 0.5 0.5 0.5 0.5 0.5 0.5 	33333 33333 	HJ_P_Move
151	0.5 0.5 0.5 0.5 0.5 0 0.4 0.5 0.5 0.5 0.9 0.2 0.3 0.5 0.5 0.5 0 0 0.4 0.4 0.5 0.8 0.65 0.5 0.5 0.5 0.5 0.5 0.5 0.5 	33333 33333 	HJ_P_Move
152	0.5 0.5 0.5 0.5 0.5 0 0.4 0.5 0.5 0.5 0.95 0.2 0.3 0.5 0.5 0.5 0 0 0.4 0.4 0.5 0.8 0.65 0.5 0.5 0.5 0.5 0.5 0.5 0.5 	33333 33333 	HJ_P_Move
153	0.5 0.5 0.5 0.5 0.5 0 0.4 0.5 0.5 0.5 0.95 0.2 0.25 0.5 0.5 0.5 0 0 0.4 0.4 0.5 0.8 0.65 0.5 0.5 0.5 0.5 0.5 0.5 0.5 	33333 33333 	HJ_P_Move
154	0.5 0.5 0.5 0.5 0.5 0 0.4 0.5 0.5 0.5 0.5 0.2 0.3 0.5 0.5 0.5 0 0 0.4 0.4 0.5 0.8 0.65 0.5 0.5 0.5 0.5 0.5 0.5 0.5 	0.5 4.87511 	IntMove
155	0.5 0.5 0.5 0.5 0.5 0 0.4 0.5 0.5 0.5 0.5 0.15 0.3 0.5 0.5 0.5 0 0 0.4 0.4 0.5 0.8 0.65 0.5 0.5 0.5 0.5 0.5 0.5 0.5 	33333 33333 	HJ_P_Move
156	0.5 0.5 0.5 0.5 0.5 0 0.4 0.5 0.5 0.5 0.5 0.1 0.3 0.5 0.5 0.5 0 0 0.4 0.4 0.5 0.8 0.65 0.5 0.5 0.5 0.5 0.5 0.5 0.5 	0.5 4.84375 	PatMove
157	0.5 0.5 0.5 0.5 0.5 0 0.4 0.5 0.5 0.5 0.55 0.1 0.3 0.5 0.5 0.5 0 0 0.4 0.4 0.5 0.8 0.65 0.5 0.5 0.5 0.5 0.5 0.5 0.5 	33333 33333 	HJ_P_Move
158	0.5 0.5 0.5 0.5 0.5 0 0.4 0.5 0.5 0.5 0.6 0.1 0.3 0.5 0.5 0.5 0 0 0.4 0.4 0.5 0.8 0.65 0.5 0.5 0.5 0.5 0.5 0.5 0.5 	33333 33333 	HJ_P_Move
159	0.5 0.5 0.5 0.5 0.5 0 0.4 0.5 0.5 0.5 0.65 0.1 0.3 0.5 0.5 0.5 0 0 0.4 0.4 0.5 0.8 0.65 0.5 0.5 0.5 0.5 0.5 0.5 0.5 	33333 33333 	HJ_P_Move
160	0.5 0.5 0.5 0.5 0.5 0 0.4 0.5 0.5 0.5 0.7 0.1 0.3 0.5 0.5 0.5 0 0 0.4 0.4 0.5 0.8 0.65 0.5 0.5 0.5 0.5 0.5 0.5 0.5 	33333 33333 	HJ_P_Move
161	0.5 0.5 0.5 0.5 0.5 0 0.4 0.5 0.5 0.5 0.75 0.1 0.3 0.5 0.5 0.5 0 0 0.4 0.4 0.5 0.8 0.65 0.5 0.5 0.5 0.5 0.5 0.5 0.5 	33333 33333 	HJ_P_Move
162	0.5 0.5 0.5 0.5 0.5 0 0.4 0.5 0.5 0.5 0.8 0.1 0.3 0.5 0.5 0.5 0 0 0.4 0.4 0.5 0.8 0.65 0.5 0.5 0.5 0.5 0.5 0.5 0.5 	33333 33333 	HJ_P_Move
163	0.5 0.5 0.5 0.5 0.5 0 0.4 0.5 0.5 0.5 0.85 0.1 0.3 0.5 0.5 0.5 0 0 0.4 0.4 0.5 0.8 0.65 0.5 0.5 0.5 0.5 0.5 0.5 0.5 	33333 33333 	HJ_P_Move
164	0.5 0.5 0.5 0.5 0.5 0 0.4 0.5 0.5 0.5 0.9 0.1 0.3 0.5 0.5 0.5 0 0 0.4 0.4 0.5 0.8 0.65 0.5 0.5 0.5 0.5 0.5 0.5 0.5 	33333 33333 	HJ_P_Move
165	0.5 0.5 0.5 0.5 0.5 0 0.4 0.5 0.5 0.5 0.95 0.1 0.3 0.5 0.5 0.5 0 0 0.4 0.4 0.5 0.8 0.65 0.5 0.5 0.5 0.5 0.5 0.5 0.5 	33333 33333 	HJ_P_Move
166	0.5 0.5 0.5 0.5 0.5 0 0.4 0.5 0.5 0.5 0.95 0.1 0.25 0.5 0.5 0.5 0 0 0.4 0.4 0.5 0.8 0.65 0.5 0.5 0.5 0.5 0.5 0.5 0.5 	33333 33333 	HJ_P_Move
167	0.5 0.5 0.5 0.5 0.5 0 0.4 0.5 0.5 0.5 0.5 0.1 0.3 0.5 0.5 0.5 0 0 0.4 0.4 0.5 0.8 0.65 0.5 0.5 0.5 0.5 0.5 0.5 0.5 	0.5 4.84375 	IntMove
168	0.5 0.5 0.5 0.5 0.5 0 0.4 0.5 0.5 0.5 0.5 0.05 0.3 0.5 0.5 0.5 0 0 0.4 0.4 0.5 0.8 0.65 0.5 0.5 0.5 0.5 0.5 0.5 0.5 	33333 33333 	HJ_P_Move
169	0.5 0.5 0.5 0.5 0.5 0 0.4 0.5 0.5 0.5 0.5 0 0.3 0.5 0.5 0.5 0 0 0.4 0.4 0.5 0.8 0.65 0.5 0.5 0.5 0.5 0.5 0.5 0.5 	0.5 4.81239 	PatMove
170	0.5 0.5 0.5 0.5 0.5 0 0.4 0.5 0.5 0.5 0.5 0 0.25 0.5 0.5 0.5 0 0 0.4 0.4 0.5 0.8 0.65 0.5 0.5 0.5 0.5 0.5 0.5 0.5 	33333 33333 	HJ_P_Move
171	0.5 0.5 0.5 0.5 0.5 0 0.4 0.5 0.5 0.5 0.5 0 0.2 0.5 0.5 0.5 0 0 0.4 0.4 0.5 0.8 0.65 0.5 0.5 0.5 0.5 0.5 0.5 0.5 	0.5 4.78103 	PatMove
172	0.5 0.5 0.5 0.5 0.5 0 0.4 0.5 0.5 0.5 0.5 0 0.15 0.5 0.5 0.5 0 0 0.4 0.4 0.5 0.8 0.65 0.5 0.5 0.5 0.5 0.5 0.5 0.5 	33333 33333 	HJ_P_Move
173	0.5 0.5 0.5 0.5 0.5 0 0.4 0.5 0.5 0.5 0.5 0 0.1 0.5 0.5 0.5 0 0 0.4 0.4 0.5 0.8 0.65 0.5 0.5 0.5 0.5 0.5 0.5 0.5 	0.5 4.74966 	PatMove
174	0.5 0.5 0.5 0.5 0.5 0 0.4 0.5 0.5 0.5 0.5 0 0.05 0.5 0.5 0.5 0 0 0.4 0.4 0.5 0.8 0.65 0.5 0.5 0.5 0.5 0.5 0.5 0.5 	33333 33333 	HJ_P_Move
175	0.5 0.5 0.5 0.5 0.5 0 0.4 0.5 0.5 0.5 0.5 0 0 0.5 0.5 0.5 0 0 0.4 0.4 0.5 0.8 0.65 0.5 0.5 0.5 0.5 0.5 0.5 0.5 	0.5 4.71829 	PatMove
176	0.5 0.5 0.5 0.5 0.5 0 0.4 0.5 0.5 0.5 0.5 0 0 0.5 0.55 0.5 0 0 0.4 0.4 0.5 0.8 0.65 0.5 0.5 0.5 0.5 0.5 0.5 0.5 	33333 33333 	HJ_P_Move
177	0.5 0.5 0.5 0.5 0.5 0 0.4 0.5 0.5 0.5 0.5 0 0 0.55 0.55 0.5 0 0 0.4 0.4 0.5 0.8 0.65 0.5 0.5 0.5 0.5 0.5 0.5 0.5 	33333 33333 	HJ_P_Move
178	0.5 0.5 0.5 0.5 0.5 0 0.4 0.5 0.5 0.5 0.5 0 0 0.6 0.55 0.5 0 0 0.4 0.4 0.5 0.8 0.65 0.5 0.5 0.5 0.5 0.5 0.5 0.5 	33333 33333 	HJ_P_Move
179	0.5 0.5 0.5 0.5 0.5 0 0.4 0.5 0.5 0.5 0.5 0 0 0.65 0.55 0.5 0 0 0.4 0.4 0.5 0.8 0.65 0.5 0.5 0.5 0.5 0.5 0.5 0.5 	33333 33333 	HJ_P_Move
180	0.5 0.5 0.5 0.5 0.5 0 0.4 0.5 0.5 0.5 0.5 0 0 0.7 0.55 0.5 0 0 0.4 0.4 0.5 0.8 0.65 0.5 0.5 0.5 0.5 0.5 0.5 0.5 	33333 33333 	HJ_P_Move
181	0.5 0.5 0.5 0.5 0.5 0 0.4 0.5 0.5 0.5 0.5 0 0 0.75 0.55 0.5 0 0 0.4 0.4 0.5 0.8 0.65 0.5 0.5 0.5 0.5 0.5 0.5 0.5 	33333 33333 	HJ_P_Move
182	0.5 0.5 0.5 0.5 0.5 0 0.4 0.5 0.5 0.5 0.5 0 0 0.8 0.55 0.5 0 0 0.4 0.4 0.5 0.8 0.65 0.5 0.5 0.5 0.5 0.5 0.5 0.5 	33333 33333 	HJ_P_Move
183	0.5 0.5 0.5 0.5 0.5 0 0.4 0.5 0.5 0.5 0.5 0 0 0.85 0.55 0.5 0 0 0.4 0.4 0.5 0.8 0.65 0.5 0.5 0.5 0.5 0.5 0.5 0.5 	33333 33333 	HJ_P_Move
184	0.5 0.5 0.5 0.5 0.5 0 0.4 0.5 0.5 0.5 0.5 0 0 0.9 0.55 0.5 0 0 0.4 0.4 0.5 0.8 0.65 0.5 0.5 0.5 0.5 0.5 0.5 0.5 	33333 33333 	HJ_P_Move
185	0.5 0.5 0.5 0.5 0.5 0 0.4 0.5 0.5 0.5 0.5 0 0 0.95 0.55 0.5 0 0 0.4 0.4 0.5 0.8 0.65 0.5 0.5 0.5 0.5 0.5 0.5 0.5 	33333 33333 	HJ_P_Move
186	0.5 0.5 0.5 0.5 0.5 0 0.4 0.5 0.5 0.5 0.5 0 0 0.5 0.5 0.5 0 0 0.4 0.4 0.5 0.8 0.65 0.5 0.5 0.5 0.5 0.5 0.5 0.5 	0.5 4.71829 	IntMove
187	0.5 0.5 0.5 0.5 0.5 0 0.4 0.5 0.5 0.5 0.5 0 0 0.5 0.5 0.5 0 0 0.4 0.4 0.5 0.8 0.65 0.5 0.5 0.45 0.5 0.5 0.5 0.5 	33333 33333 	HJ_P_Move
188	0.5 0.5 0.5 0.5 0.5 0 0.4 0.5 0.5 0.5 0.5 0 0 0.5 0.5 0.5 0 0 0.4 0.4 0.5 0.8 0.65 0.5 0.5 0.4 0.5 0.5 0.5 0.5 	0.5 4.68691 	PatMove
189	0.5 0.5 0.5 0.5 0.5 0 0.4 0.5 0.5 0.5 0.5 0 0 0.55 0.5 0.5 0 0 0.4 0.4 0.5 0.8 0.65 0.5 0.5 0.4 0.5 0.5 0.5 0.5 	33333 33333 	HJ_P_Move
190	0.5 0.5 0.5 0.5 0.5 0 0.4 0.5 0.5 0.5 0.5 0 0 0.6 0.5 0.5 0 0 0.4 0.4 0.5 0.8 0.65 0.5 0.5 0.4 0.5 0.5 0.5 0.5 	33333 33333 	HJ_P_Move
191	0.5 0.5 0.5 0.5 0.5 0 0.4 0.5 0.5 0.5 0.5 0 0 0.65 0.5 0.5 0 0 0.4 0.4 0.5 0.8 0.65 0.5 0.5 0.4 0.5 0.5 0.5 0.5 	33333 33333 	HJ_P_Move
192	0.5 0.5 0.5 0.5 0.5 0 0.4 0.5 0.5 0.5 0.5 0 0 0.7 0.5 0.5 0 0 0.4 0.4 0.5 0.8 0.65 0.5 0.5 0.4 0.5 0.5 0.5 0.5 	33333 33333 	HJ_P_Move
193	0.5 0.5 0.5 0.5 0.5 0 0.4 0.5 0.5 0.5 0.5 0 0 0.75 0.5 0.5 0 0 0.4 0.4 0.5 0.8 0.65 0.5 0.5 0.4 0.5 0.5 0.5 0.5 	33333 33333 	HJ_P_Move
194	0.5 0.5 0.5 0.5 0.5 0 0.4 0.5 0.5 0.5 0.5 0 0 0.8 0.5 0.5 0 0 0.4 0.4 0.5 0.8 0.65 0.5 0.5 0.4 0.5 0.5 0.5 0.5 	33333 33333 	HJ_P_Move
195	0.5 0.5 0.5 0.5 0.5 0 0.4 0.5 0.5 0.5 0.5 0 0 0.85 0.5 0.5 0 0 0.4 0.4 0.5 0.8 0.65 0.5 0.5 0.4 0.5 0.5 0.5 0.5 	33333 33333 	HJ_P_Move
196	0.5 0.5 0.5 0.5 0.5 0 0.4 0.5 0.5 0.5 0.5 0 0 0.9 0.5 0.5 0 0 0.4 0.4 0.5 0.8 0.65 0.5 0.5 0.4 0.5 0.5 0.5 0.5 	33333 33333 	HJ_P_Move
197	0.5 0.5 0.5 0.5 0.5 0 0.4 0.5 0.5 0.5 0.5 0 0 0.95 0.5 0.5 0 0 0.4 0.4 0.5 0.8 0.65 0.5 0.5 0.4 0.5 0.5 0.5 0.5 	33333 33333 	HJ_P_Move
198	0.5 0.5 0.5 0.5 0.5 0 0.4 0.5 0.5 0.5 0.5 0 0 0.95 0.5 0.5 0 0 0.4 0.4 0.5 0.8 0.65 0.5 0.5 0.4 0.45 0.5 0.5 0.5 	33333 33333 	HJ_P_Move
199	0.5 0.5 0.5 0.5 0.5 0 0.4 0.5 0.5 0.5 0.5 0 0 0.5 0.5 0.5 0 0 0.4 0.4 0.5 0.8 0.65 0.5 0.5 0.4 0.5 0.5 0.5 0.5 	0.5 4.68691 	IntMove
200	0.5 0.5 0.5 0.5 0.5 0 0.4 0.5 0.5 0.5 0.5 0 0 0.5 0.5 0.5 0 0 0.4 0.4 0.5 0.8 0.65 0.5 0.5 0.35 0.5 0.5 0.5 0.5 	33333 33333 	HJ_P_Move
201	0.5 0.5 0.5 0.5 0.5 0 0.4 0.5 0.5 0.5 0.5 0 0 0.5 0.5 0.5 0 0 0.4 0.4 0.5 0.8 0.65 0.5 0.5 0.3 0.5 0.5 0.5 0.5 	0.5 4.65553 	PatMove
202	0.5 0.5 0.5 0.5 0.55 0 0.4 0.5 0.5 0.5 0.5 0 0 0.5 0.5 0.5 0 0 0.4 0.4 0.5 0.8 0.65 0.5 0.5 0.3 0.5 0.5 0.5 0.5 	33333 33333 	HJ_P_Move
203	0.5 0.5 0.5 0.5 0.55 0 0.4 0.5 0.5 0.5 0.5 0 0 0.55 0.5 0.5 0 0 0.4 0.4 0.5 0.8 0.65 0.5 0.5 0.3 0.5 0.5 0.5 0.5 	33333 33333 	HJ_P_Move
204	0.5 0.5 0.5 0.5 0.55 0 0.4 0.5 0.5 0.5 0.5 0 0 0.6 0.5 0.5 0 0 0.4 0.4 0.5 0.8 0.65 0.5 0.5 0.3 0.5 0.5 0.5 0.5 	33333 33333 	HJ_P_Move
205	0.5 0.5 0.5 0.5 0.55 0 0.4 0.5 0.5 0.5 0.5 0 0 0.65 0.5 0.5 0 0 0.4 0.4 0.5 0.8 0.65 0.5 0.5 0.3 0.5 0.5 0.5 0.5 	33333 33333 	HJ_P_Move
206	0.5 0.5 0.5 0.5 0.55 0 0.4 0.5 0.5 0.5 0.5 0 0 0.7 0.5 0.5 0 0 0.4 0.4 0.5 0.8 0.65 0.5 0.5 0.3 0.5 0.5 0.5 0.5 	33333 33333 	HJ_P_Move
207	0.5 0.5 0.5 0.5 0.55 0 0.4 0.5 0.5 0.5 0.5 0 0 0.75 0.5 0.5 0 0 0.4 0.4 0.5 0.8 0.65 0.5 0.5 0.3 0.5 0.5 0.5 0.5 	33333 33333 	HJ_P_Move
208	0.5 0.5 0.5 0.5 0.55 0 0.4 0.5 0.5 0.5 0.5 0 0 0.8 0.5 0.5 0 0 0.4 0.4 0.5 0.8 0.65 0.5 0.5 0.3 0.5 0.5 0.5 0.5 	33333 33333 	HJ_P_Move
209	0.5 0.5 0.5 0.5 0.55 0 0.4 0.5 0.5 0.5 0.5 0 0 0.85 0.5 0.5 0 0 0.4 0.4 0.5 0.8 0.65 0.5 0.5 0.3 0.5 0.5 0.5 0.5 	33333 33333 	HJ_P_Move
210	0.5 0.5 0.5 0.5 0.55 0 0.4 0.5 0.5 0.5 0.5 0 0 0.9 0.5 0.5 0 0 0.4 0.4 0.5 0.8 0.65 0.5 0.5 0.3 0.5 0.5 0.5 0.5 	33333 33333 	HJ_P_Move
211	0.5 0.5 0.5 0.5 0.55 0 0.4 0.5 0.5 0.5 0.5 0 0 0.95 0.5 0.5 0 0 0.4 0.4 0.5 0.8 0.65 0.5 0.5 0.3 0.5 0.5 0.5 0.5 	33333 33333 	HJ_P_Move
212	0.5 0.5 0.5 0.5 0.5 0 0.4 0.5 0.5 0.5 0.5 0 0 0.5 0.5 0.5 0 0 0.4 0.4 0.5 0.8 0.65 0.5 0.5 0.3 0.5 0.5 0.5 0.5 	0.5 4.65553 	IntMove
213	0.5 0.5 0.5 0.5 0.5 0 0.4 0.5 0.5 0.5 0.5 0 0 0.5 0.55 0.5 0 0 0.4 0.4 0.5 0.8 0.65 0.5 0.5 0.3 0.5 0.5 0.5 0.5 	33333 33333 	HJ_P_Move
214	0.5 0.5 0.5 0.5 0.5 0 0.4 0.5 0.5 0.5 0.5 0 0 0.55 0.55 0.5 0 0 0.4 0.4 0.5 0.8 0.65 0.5 0.5 0.3 0.5 0.5 0.5 0.5 	33333 33333 	HJ_P_Move
215	0.5 0.5 0.5 0.5 0.5 0 0.4 0.5 0.5 0.5 0.5 0 0 0.6 0.55 0.5 0 0 0.4 0.4 0.5 0.8 0.65 0.5 0.5 0.3 0.5 0.5 0.5 0.5 	33333 33333 	HJ_P_Move
216	0.5 0.5 0.5 0.5 0.5 0 0.4 0.5 0.5 0.5 0.5 0 0 0.65 0.55 0.5 0 0 0.4 0.4 0.5 0.8 0.65 0.5 0.5 0.3 0.5 0.5 0.5 0.5 	33333 33333 	HJ_P_Move
217	0.5 0.5 0.5 0.5 0.5 0 0.4 0.5 0.5 0.5 0.5 0 0 0.7 0.55 0.5 0 0 0.4 0.4 0.5 0.8 0.65 0.5 0.5 0.3 0.5 0.5 0.5 0.5 	33333 33333 	HJ_P_Move
218	0.5 0.5 0.5 0.5 0.5 0 0.4 0.5 0.5 0.5 0.5 0 0 0.75 0.55 0.5 0 0 0.4 0.4 0.5 0.8 0.65 0.5 0.5 0.3 0.5 0.5 0.5 0.5 	33333 33333 	HJ_P_Move
219	0.5 0.5 0.5 0.5 0.5 0 0.4 0.5 0.5 0.5 0.5 0 0 0.8 0.55 0.5 0 0 0.4 0.4 0.5 0.8 0.65 0.5 0.5 0.3 0.5 0.5 0.5 0.5 	33333 33333 	HJ_P_Move
220	0.5 0.5 0.5 0.5 0.5 0 0.4 0.5 0.5 0.5 0.5 0 0 0.85 0.55 0.5 0 0 0.4 0.4 0.5 0.8 0.65 0.5 0.5 0.3 0.5 0.5 0.5 0.5 	33333 33333 	HJ_P_Move
221	0.5 0.5 0.5 0.5 0.5 0 0.4 0.5 0.5 0.5 0.5 0 0 0.9 0.55 0.5 0 0 0.4 0.4 0.5 0.8 0.65 0.5 0.5 0.3 0.5 0.5 0.5 0.5 	33333 33333 	HJ_P_Move
222	0.5 0.5 0.5 0.5 0.5 0 0.4 0.5 0.5 0.5 0.5 0 0 0.95 0.55 0.5 0 0 0.4 0.4 0.5 0.8 0.65 0.5 0.5 0.3 0.5 0.5 0.5 0.5 	33333 33333 	HJ_P_Move
223	0.5 0.5 0.5 0.5 0.5 0 0.4 0.5 0.5 0.5 0.5 0 0 0.55 0.55 0.5 0 0 0.4 0.4 0.5 0.8 0.65 0.5 0.5 0.3 0.5 0.5 0.5 0.45 	33333 33333 	IntMove
224	0.5 0.5 0.5 0.5 0.5 0 0.4 0.5 0.45 0.5 0.5 0 0 0.55 0.55 0.5 0 0 0.4 0.4 0.5 0.8 0.65 0.5 0.5 0.3 0.5 0.5 0.5 0.45 	33333 33333 	HJ_P_Move
225	0.5 0.5 0.5 0.5 0.5 0 0.4 0.5 0.4 0.5 0.5 0 0 0.55 0.55 0.5 0 0 0.4 0.4 0.5 0.8 0.65 0.5 0.5 0.3 0.5 0.5 0.5 0.45 	0.5 4.63983 	PatMove
226	0.5 0.5 0.5 0.5 0.5 0 0.4 0.5 0.35 0.5 0.5 0 0 0.55 0.55 0.5 0 0 0.4 0.4 0.5 0.8 0.65 0.5 0.5 0.3 0.5 0.5 0.5 0.45 	33333 33333 	HJ_P_Move
227	0.5 0.5 0.5 0.5 0.5 0 0.4 0.5 0.3 0.5 0.5 0 0 0.55 0.55 0.5 0 0 0.4 0.4 0.5 0.8 0.65 0.5 0.5 0.3 0.5 0.5 0.5 0.45 	0.5 4.60844 	PatMove
228	0.5 0.5 0.5 0.5 0.5 0 0.4 0.5 0.3 0.5 0.5 0 0 0.55 0.5 0.5 0 0 0.4 0.4 0.5 0.8 0.65 0.5 0.5 0.3 0.5 0.5 0.5 0.45 	33333 33333 	HJ_P_Move
229	0.5 0.5 0.5 0.5 0.5 0 0.4 0.5 0.3 0.5 0.5 0 0 0.55 0.45 0.5 0 0 0.4 0.4 0.5 0.8 0.65 0.5 0.5 0.3 0.5 0.5 0.5 0.45 	0.5 4.57705 	PatMove
230	0.5 0.5 0.5 0.5 0.5 0 0.4 0.5 0.3 0.5 0.5 0 0 0.55 0.4 0.5 0 0 0.4 0.4 0.5 0.8 0.65 0.5 0.5 0.3 0.5 0.5 0.5 0.45 	33333 33333 	HJ_P_Move
231	0.5 0.5 0.5 0.5 0.5 0 0.4 0.5 0.3 0.5 0.5 0 0 0.55 0.35 0.5 0 0 0.4 0.4 0.5 0.8 0.65 0.5 0.5 0.3 0.5 0.5 0.5 0.45 	0.5 4.54565 	PatMove
232	0.5 0.5 0.5 0.5 0.5 0 0.4 0.5 0.3 0.5 0.5 0 0 0.55 0.3 0.5 0 0 0.4 0.4 0.5 0.8 0.65 0.5 0.5 0.3 0.5 0.5 0.5 0.45 	33333 33333 	HJ_P_Move
233	0.5 0.5 0.5 0.5 0.5 0 0.4 0.5 0.3 0.5 0.5 0 0 0.55 0.25 0.5 0 0 0.4 0.4 0.5 0.8 0.65 0.5 0.5 0.3 0.5 0.5 0.5 0.45 	0.5 4.51425 	PatMove
234	0.5 0.5 0.5 0.5 0.5 0 0.4 0.5 0.25 0.5 0.5 0 0 0.55 0.25 0.5 0 0 0.4 0.4 0.5 0.8 0.65 0.5 0.5 0.3 0.5 0.5 0.5 0.45 	33333 33333 	HJ_P_Move
235	0.5 0.5 0.5 0.5 0.5 0 0.4 0.5 0.2 0.5 0.5 0 0 0.55 0.25 0.5 0 0 0.4 0.4 0.5 0.8 0.65 0.5 0.5 0.3 0.5 0.5 0.5 0.45 	0.5 4.48284 	PatMove
236	0.5 0.5 0.5 0.5 0.5 0 0.4 0.5 0.15 0.5 0.5 0 0 0.55 0.25 0.5 0 0 0.4 0.4 0.5 0.8 0.65 0.5 0.5 0.3 0.5 0.5 0.5 0.45 	33333 33333 	HJ_P_Move
237	0.5 0.5 0.5 0.5 0.5 0 0.4 0.5 0.1 0.5 0.5 0 0 0.55 0.25 0.5 0 0 0.4 0.4 0.5 0.8 0.65 0.5 0.5 0.3 0.5 0.5 0.5 0.45 	0.5 4.45143 	PatMove
238	0.5 0.5 0.5 0.5 0.5 0 0.4 0.5 0.05 0.5 0.5 0 0 0.55 0.25 0.5 0 0 0.4 0.4 0.5 0.8 0.65 0.5 0.5 0.3 0.5 0.5 0.5 0.45 	33333 33333 	HJ_P_Move
239	0.5 0.5 0.5 0.5 0.5 0 0.4 0.5 0 0.5 0.5 0 0 0.55 0.25 0.5 0 0 0.4 0.4 0.5 0.8 0.65 0.5 0.5 0.3 0.5 0.5 0.5 0.45 	0.5 4.42001 	PatMove
240	0.5 0.5 0.5 0.5 0.5 0 0.4 0.5 0 0.5 0.5 0 0 0.55 0.25 0.5 0 0 0.4 0.4 0.5 0.8 0.7 0.5 0.5 0.3 0.5 0.5 0.5 0.45 	33333 33333 	HJ_P_Move
241	0.5 0.5 0.5 0.5 0.5 0 0.4 0.5 0 0.5 0.5 0 0 0.55 0.25 0.5 0 0 0.4 0.4 0.5 0.85 0.7 0.5 0.5 0.3 0.5 0.5 0.5 0.45 	33333 33333 	HJ_P_Move
242	0.5 0.5 0.5 0.5 0.5 0 0.4 0.5 0 0.5 0.5 0 0 0.55 0.25 0.5 0 0 0.4 0.4 0.5 0.9 0.7 0.5 0.5 0.3 0.5 0.5 0.5 0.45 	33333 33333 	HJ_P_Move
243	0.5 0.5 0.5 0.5 0.5 0 0.4 0.5 0 0.5 0.5 0 0 0.55 0.25 0.5 0 0 0.4 0.4 0.5 0.95 0.7 0.5 0.5 0.3 0.5 0.5 0.5 0.45 	33333 33333 	HJ_P_Move
244	0.5 0.5 0.5 0.5 0.5 0 0.4 0.5 0 0.5 0.5 0 0 0.55 0.25 0.5 0 0 0.35 0.4 0.5 0.95 0.7 0.5 0.5 0.3 0.5 0.5 0.5 0.45 	33333 33333 	HJ_P_Move
245	0.5 0.5 0.5 0.5 0.5 0 0.4 0.5 0 0.5 0.5 0 0 0.55 0.25 0.5 0 0 0.3 0.4 0.5 0.95 0.7 0.5 0.5 0.3 0.5 0.5 0.5 0.45 	33333 33333 	HJ_P_Move
246	0.5 0.5 0.5 0.5 0.5 0 0.4 0.5 0 0.5 0.5 0 0 0.55 0.25 0.5 0 0 0.25 0.4 0.5 0.95 0.7 0.5 0.5 0.3 0.5 0.5 0.5 0.45 	33333 33333 	HJ_P_Move
247	0.5 0.5 0.5 0.5 0.5 0 0.4 0.5 0 0.5 0.5 0 0 0.55 0.25 0.5 0 0 0.2 0.4 0.5 0.95 0.7 0.5 0.5 0.3 0.5 0.5 0.5 0.45 	0.5 4.42001 	PatMove
248	0.5 0.5 0.5 0.5 0.5 0 0.4 0.5 0 0.5 0.5 0 0 0.55 0.25 0.5 0 0 0.25 0.4 0.5 0.95 0.7 0.5 0.5 0.3 0.5 0.5 0.5 0.45 	0.5 4.43572 	HJ_P_Move
249	0.5 0.5 0.5 0.5 0.5 0 0.4 0.5 0 0.5 0.5 0 0 0.55 0.25 0.5 0 0 0.3 0.4 0.5 0.95 0.7 0.5 0.5 0.3 0.5 0.5 0.5 0.45 	0.5 4.45143 	HJ_P_Move
250	0.5 0.5 0.5 0.5 0.5 0 0.4 0.5 0 0.5 0.5 0 0 0.55 0.25 0.5 0 0 0.35 0.4 0.5 0.95 0.7 0.5 0.5 0.3 0.5 0.5 0.5 0.45 	0.5 4.46713 	HJ_P_Move
251	0.5 0.5 0.5 0.5 0.5 0 0.4 0.5 0 0.5 0.5 0 0 0.55 0.25 0.5 0 0 0.35 0.4 0.5 1 0.7 0.5 0.5 0.3 0.5 0.5 0.5 0.45 	33333 33333 	HJ_P_Move
252	0.5 0.5 0.5 0.5 0.5 0 0.4 0.5 0 0.5 0.5 0 0 0.55 0.25 0.5 0 0 0.3 0.4 0.5 1 0.7 0.5 0.5 0.3 0.5 0.5 0.5 0.45 	33333 33333 	HJ_P_Move
253	0.5 0.5 0.5 0.5 0.5 0 0.4 0.5 0 0.5 0.5 0 0 0.55 0.25 0.5 0 0 0.3 0.35 0.5 1 0.7 0.5 0.5 0.3 0.5 0.5 0.5 0.45 	33333 33333 	HJ_P_Move
254	0.5 0.5 0.5 0.5 0.5 0 0.4 0.5 0 0.5 0.5 0 0 0.55 0.25 0.5 0 0 0.25 0.35 0.5 1 0.7 0.5 0.5 0.3 0.5 0.5 0.5 0.45 	33333 33333 	HJ_P_Move
255	0.5 0.5 0.5 0.5 0.5 0 0.4 0.5 0 0.5 0.5 0 0 0.55 0.25 0.5 0 0 0.2 0.35 0.5 1 0.7 0.5 0.5 0.3 0.5 0.5 0.5 0.45 	0.5 4.42001 	PatMove
256	0.5 0.5 0.5 0.5 0.5 0 0.4 0.5 0 0.5 0.5 0 0 0.55 0.25 0.5 0 0 0.2 0.35 0.5 1 0.75 0.5 0.5 0.3 0.5 0.5 0.5 0.45 	33333 33333 	HJ_P_Move
257	0.5 0.5 0.5 0.5 0.5 0 0.4 0.5 0 0.5 0.5 0 0 0.55 0.25 0.5 0 0 0.2 0.35 0.5 1 0.8 0.5 0.5 0.3 0.5 0.5 0.5 0.45 	0.5 4.45143 	HJ_P_Move
258	0.5 0.5 0.5 0.5 0.5 0 0.4 0.5 0 0.5 0.5 0 0 0.55 0.25 0.5 0 0 0.15 0.35 0.5 1 0.8 0.5 0.5 0.3 0.5 0.5 0.5 0.45 	33333 33333 	HJ_P_Move
259	0.5 0.5 0.5 0.5 0.5 0 0.4 0.5 0 0.5 0.5 0 0 0.55 0.25 0.5 0 0 0.1 0.35 0.5 1 0.8 0.5 0.5 0.3 0.5 0.5 0.5 0.45 	0.5 4.42001 	PatMove
260	0.5 0.5 0.5 0.5 0.5 0 0.4 0.5 0 0.5 0.5 0 0 0.55 0.25 0.5 0 0 0.05 0.35 0.5 1 0.8 0.5 0.5 0.3 0.5 0.5 0.5 0.45 	33333 33333 	HJ_P_Move
261	0.5 0.5 0.5 0.5 0.5 0 0.4 0.5 0 0.5 0.5 0 0 0.55 0.25 0.5 0 0 0 0.35 0.5 1 0.8 0.5 0.5 0.3 0.5 0.5 0.5 0.45 	0.5 4.38858 	PatMove
262	0.5 0.5 0.5 0.5 0.5 0 0.4 0.5 0 0.5 0.5 0 0 0.55 0.25 0.5 0 0 0 0.35 0.45 1 0.8 0.5 0.5 0.3 0.5 0.5 0.5 0.45 	33333 33333 	HJ_P_Move
263	0.5 0.5 0.5 0.5 0.5 0 0.4 0.5 0 0.5 0.5 0 0 0.55 0.25 0.5 0 0 0 0.35 0.4 1 0.8 0.5 0.5 0.3 0.5 0.5 0.5 0.45 	0.5 4.35715 	PatMove
264	0.5 0.5 0.5 0.5 0.5 0 0.4 0.5 0 0.5 0.5 0 0 0.55 0.25 0.5 0 0 0 0.35 0.35 1 0.8 0.5 0.5 0.3 0.5 0.5 0.5 0.45 	33333 33333 	HJ_P_Move
265	0.5 0.5 0.5 0.5 0.5 0 0.4 0.5 0 0.5 0.5 0 0 0.55 0.25 0.5 0 0 0 0.35 0.3 1 0.8 0.5 0.5 0.3 0.5 0.5 0.5 0.45 	0.5 4.32572 	PatMove
266	0.5 0.5 0.5 0.5 0.5 0 0.4 0.5 0 0.5 0.5 0 0 0.55 0.25 0.5 0 0 0 0.3 0.3 1 0.8 0.5 0.5 0.3 0.5 0.5 0.5 0.45 	33333 33333 	HJ_P_Move
267	0.5 0.5 0.5 0.5 0.5 0 0.4 0.5 0 0.5 0.5 0 0 0.55 0.25 0.5 0 0 0 0.25 0.3 1 0.8 0.5 0.5 0.3 0.5 0.5 0.5 0.45 	0.5 4.29428 	PatMove
268	0.5 0.5 0.5 0.5 0.5 0 0.4 0.5 0 0.5 0.5 0 0 0.55 0.25 0.5 0 0 0 0.25 0.25 1 0.8 0.5 0.5 0.3 0.5 0.5 0.5 0.45 	33333 33333 	HJ_P_Move
269	0.5 0.5 0.5 0.5 0.5 0 0.4 0.5 0 0.5 0.5 0 0 0.55 0.25 0.5 0 0 0 0.25 0.2 1 0.8 0.5 0.5 0.3 0.5 0.5 0.5 0.45 	0.5 4.26283 	PatMove
270	0.5 0.5 0.5 0.5 0.5 0 0.4 0.5 0 0.5 0.5 0 0 0.55 0.25 0.5 0 0 0 0.25 0.15 1 0.8 0.5 0.5 0.3 0.5 0.5 0.5 0.45 	33333 33333 	HJ_P_Move
271	0.5 0.5 0.5 0.5 0.5 0 0.4 0.5 0 0.5 0.5 0 0 0.55 0.25 0.5 0 0 0 0.25 0.1 1 0.8 0.5 0.5 0.3 0.5 0.5 0.5 0.45 	0.5 4.23138 	PatMove
272	0.5 0.5 0.5 0.5 0.5 0 0.4 0.5 0 0.5 0.5 0 0 0.55 0.25 0.5 0 0 0 0.25 0.05 1 0.8 0.5 0.5 0.3 0.5 0.5 0.5 0.45 	33333 33333 	HJ_P_Move
273	0.5 0.5 0.5 0.5 0.5 0 0.4 0.5 0 0.5 0.5 0 0 0.55 0.25 0.5 0 0 0 0.25 0 1 0.8 0.5 0.5 0.3 0.5 0.5 0.5 0.45 	0.5 4.19992 	PatMove
274	0.5 0.5 0.5 0.5 0.5 0 0.4 0.5 0 0.5 0.5 0 0 0.55 0.25 0.5 0 0 0 0.25 0 1 0.8 0.5 0.5 0.3 0.5 0.55 0.5 0.45 	33333 33333 	HJ_P_Move
275	0.5 0.5 0.5 0.5 0.5 0 0.4 0.5 0 0.5 0.5 0 0 0.55 0.25 0.5 0 0 0 0.25 0 1 0.8 0.5 0.5 0.3 0.55 0.55 0.5 0.45 	33333 33333 	HJ_P_Move
276	0.5 0.5 0.5 0.5 0.5 0 0.4 0.5 0 0.5 0.5 0 0 0.55 0.25 0.5 0 0 0 0.25 0 1 0.8 0.5 0.5 0.3 0.6 0.55 0.5 0.45 	33333 33333 	HJ_P_Move
277	0.5 0.5 0.5 0.5 0.5 0 0.4 0.5 0 0.5 0.5 0 0 0.55 0.25 0.5 0 0 0 0.25 0 1 0.8 0.5 0.5 0.3 0.65 0.55 0.5 0.45 	33333 33333 	HJ_P_Move
278	0.5 0.5 0.5 0.5 0.5 0 0.4 0.5 0 0.5 0.5 0 0 0.55 0.25 0.5 0 0 0 0.25 0 1 0.8 0.5 0.5 0.3 0.7 0.55 0.5 0.45 	33333 33333 	HJ_P_Move
279	0.5 0.5 0.5 0.5 0.5 0 0.4 0.5 0 0.5 0.5 0 0 0.55 0.25 0.5 0 0 0 0.25 0 1 0.8 0.5 0.5 0.3 0.75 0.55 0.5 0.45 	33333 33333 	HJ_P_Move
280	0.5 0.5 0.5 0.5 0.5 0 0.4 0.5 0 0.5 0.5 0 0 0.55 0.25 0.5 0 0 0 0.25 0 1 0.8 0.5 0.5 0.3 0.8 0.55 0.5 0.45 	33333 33333 	HJ_P_Move
281	0.5 0.5 0.5 0.5 0.5 0 0.4 0.5 0 0.5 0.5 0 0 0.55 0.25 0.5 0 0 0 0.25 0 1 0.8 0.5 0.5 0.3 0.85 0.55 0.5 0.45 	33333 33333 	HJ_P_Move
282	0.5 0.5 0.5 0.5 0.5 0 0.4 0.5 0 0.5 0.5 0 0 0.55 0.25 0.5 0 0 0 0.25 0 1 0.8 0.5 0.5 0.3 0.9 0.55 0.5 0.45 	33333 33333 	HJ_P_Move
283	0.5 0.5 0.5 0.5 0.5 0 0.4 0.5 0 0.5 0.5 0 0 0.55 0.25 0.5 0 0 0 0.25 0 1 0.8 0.5 0.5 0.3 0.95 0.55 0.5 0.45 	33333 33333 	HJ_P_Move
284	0.5 0.5 0.5 0.5 0.5 0 0.4 0.5 0 0.5 0.5 0 0 0.55 0.25 0.5 0 0 0 0.25 0 1 0.8 0.5 0.5 0.3 0.5 0.5 0.5 0.45 	0.5 4.19992 	IntMove
285	0.5 0.5 0.5 0.5 0.45 0 0.4 0.5 0 0.5 0.5 0 0 0.55 0.25 0.5 0 0 0 0.25 0 1 0.8 0.5 0.5 0.3 0.5 0.5 0.5 0.45 	33333 33333 	HJ_P_Move
286	0.5 0.5 0.5 0.5 0.4 0 0.4 0.5 0 0.5 0.5 0 0 0.55 0.25 0.5 0 0 0 0.25 0 1 0.8 0.5 0.5 0.3 0.5 0.5 0.5 0.45 	0.5 4.16845 	PatMove
287	0.5 0.5 0.5 0.5 0.4 0 0.4 0.5 0 0.5 0.5 0 0 0.55 0.25 0.5 0 0 0 0.25 0 1 0.8 0.5 0.5 0.3 0.5 0.55 0.5 0.45 	33333 33333 	HJ_P_Move
288	0.5 0.5 0.5 0.5 0.4 0 0.4 0.5 0 0.5 0.5 0 0 0.55 0.25 0.5 0 0 0 0.25 0 1 0.8 0.5 0.5 0.3 0.55 0.55 0.5 0.45 	33333 33333 	HJ_P_Move
289	0.5 0.5 0.5 0.5 0.4 0 0.4 0.5 0 0.5 0.5 0 0 0.55 0.25 0.5 0 0 0 0.25 0 1 0.8 0.5 0.5 0.3 0.6 0.55 0.5 0.45 	33333 33333 	HJ_P_Move
290	0.5 0.5 0.5 0.5 0.4 0 0.4 0.5 0 0.5 0.5 0 0 0.55 0.25 0.5 0 0 0 0.25 0 1 0.8 0.5 0.5 0.3 0.65 0.55 0.5 0.45 	33333 33333 	HJ_P_Move
291	0.5 0.5 0.5 0.5 0.4 0 0.4 0.5 0 0.5 0.5 0 0 0.55 0.25 0.5 0 0 0 0.25 0 1 0.8 0.5 0.5 0.3 0.7 0.55 0.5 0.45 	33333 33333 	HJ_P_Move
292	0.5 0.5 0.5 0.5 0.4 0 0.4 0.5 0 0.5 0.5 0 0 0.55 0.25 0.5 0 0 0 0.25 0 1 0.8 0.5 0.5 0.3 0.75 0.55 0.5 0.45 	33333 33333 	HJ_P_Move
293	0.5 0.5 0.5 0.5 0.4 0 0.4 0.5 0 0.5 0.5 0 0 0.55 0.25 0.5 0 0 0 0.25 0 1 0.8 0.5 0.5 0.3 0.8 0.55 0.5 0.45 	33333 33333 	HJ_P_Move
294	0.5 0.5 0.5 0.5 0.4 0 0.4 0.5 0 0.5 0.5 0 0 0.55 0.25 0.5 0 0 0 0.25 0 1 0.8 0.5 0.5 0.3 0.85 0.55 0.5 0.45 	33333 33333 	HJ_P_Move
295	0.5 0.5 0.5 0.5 0.4 0 0.4 0.5 0 0.5 0.5 0 0 0.55 0.25 0.5 0 0 0 0.25 0 1 0.8 0.5 0.5 0.3 0.9 0.55 0.5 0.45 	33333 33333 	HJ_P_Move
296	0.5 0.5 0.5 0.5 0.4 0 0.4 0.5 0 0.5 0.5 0 0 0.55 0.25 0.5 0 0 0 0.25 0 1 0.8 0.5 0.5 0.3 0.95 0.55 0.5 0.45 	33333 33333 	HJ_P_Move
297	0.5 0.5 0.5 0.5 0.4 0 0.4 0.5 0 0.5 0.5 0 0 0.55 0.25 0.5 0 0 0 0.25 0 1 0.8 0.5 0.5 0.3 0.5 0.5 0.5 0.45 	0.5 4.16845 	IntMove
298	0.5 0.5 0.5 0.5 0.35 0 0.4 0.5 0 0.5 0.5 0 0 0.55 0.25 0.5 0 0 0 0.25 0 1 0.8 0.5 0.5 0.3 0.5 0.5 0.5 0.45 	33333 33333 	HJ_P_Move
299	0.5 0.5 0.5 0.5 0.3 0 0.4 0.5 0 0.5 0.5 0 0 0.55 0.25 0.5 0 0 0 0.25 0 1 0.8 0.5 0.5 0.3 0.5 0.5 0.5 0.45 	0.5 4.13698 	PatMove
300	0.5 0.5 0.5 0.5 0.3 0 0.4 0.5 0 0.5 0.5 0 0 0.55 0.25 0.5 0 0 0 0.25 0 0.95 0.8 0.5 0.5 0.3 0.5 0.5 0.5 0.45 	33333 33333 	HJ_P_Move
301	0.5 0.5 0.5 0.5 0.3 0 0.4 0.5 0 0.5 0.5 0 0 0.55 0.25 0.5 0 0 0 0.25 0 0.9 0.8 0.5 0.5 0.3 0.5 0.5 0.5 0.45 	0.5 4.1055 	PatMove
302	0.5 0.5 0.5 0.5 0.3 0 0.4 0.5 0 0.5 0.5 0 0 0.55 0.25 0.5 0 0 0 0.2 0 0.9 0.8 0.5 0.5 0.3 0.5 0.5 0.5 0.45 	33333 33333 	HJ_P_Move
303	0.5 0.5 0.5 0.5 0.3 0 0.4 0.5 0 0.5 0.5 0 0 0.55 0.25 0.5 0 0 0 0.15 0 0.9 0.8 0.5 0.5 0.3 0.5 0.5 0.5 0.45 	0.5 4.07402 	PatMove
304	0.5 0.5 0.5 0.5 0.3 0 0.4 0.5 0 0.5 0.5 0 0 0.55 0.25 0.5 0 0 0 0.15 0 0.85 0.8 0.5 0.5 0.3 0.5 0.5 0.5 0.45 	33333 33333 	HJ_P_Move
305	0.5 0.5 0.5 0.5 0.3 0 0.4 0.5 0 0.5 0.5 0 0 0.55 0.25 0.5 0 0 0 0.15 0 0.8 0.8 0.5 0.5 0.3 0.5 0.5 0.5 0.45 	0.5 4.04252 	PatMove
306	0.5 0.5 0.5 0.5 0.3 0 0.4 0.5 0 0.5 0.5 0 0 0.55 0.25 0.5 0 0 0 0.1 0 0.8 0.8 0.5 0.5 0.3 0.5 0.5 0.5 0.45 	33333 33333 	HJ_P_Move
307	0.5 0.5 0.5 0.5 0.3 0 0.4 0.5 0 0.5 0.5 0 0 0.55 0.25 0.5 0 0 0 0.05 0 0.8 0.8 0.5 0.5 0.3 0.5 0.5 0.5 0.45 	0.5 4.01103 	PatMove
308	0.5 0.5 0.5 0.5 0.3 0 0.4 0.5 0 0.5 0.5 0 0 0.55 0.25 0.5 0 0 0 0 0 0.8 0.8 0.5 0.5 0.3 0.5 0.5 0.5 0.45 	33333 33333 	HJ_P_Move
309	0.5 0.5 0.5 0.5 0.3 0 0.4 0.5 0 0.5 0.5 0 0 0.55 0.25 0.5 0 0 0 0 0 0.8 0.8 0.5 0.5 0.3 0.55 0.5 0.5 0.45 	33333 33333 	HJ_P_Move
310	0.5 0.5 0.5 0.5 0.3 0 0.4 0.5 0 0.5 0.5 0 0 0.55 0.25 0.5 0 0 0 0 0 0.8 0.8 0.5 0.5 0.35 0.55 0.5 0.5 0.45 	33333 33333 	HJ_P_Move
311	0.5 0.5 0.5 0.5 0.3 0 0.4 0.5 0 0.5 0.5 0 0 0.55 0.25 0.5 0 0 0 0 0 0.8 0.8 0.5 0.5 0.4 0.55 0.5 0.5 0.45 	33333 33333 	HJ_P_Move
312	0.5 0.5 0.5 0.5 0.3 0 0.4 0.5 0 0.5 0.5 0 0 0.55 0.25 0.5 0 0 0 0 0 0.8 0.8 0.5 0.5 0.45 0.55 0.5 0.5 0.45 	33333 33333 	HJ_P_Move
313	0.5 0.5 0.5 0.5 0.3 0 0.4 0.5 0 0.5 0.5 0 0 0.55 0.25 0.5 0 0 0 0 0 0.8 0.8 0.5 0.5 0.5 0.55 0.5 0.5 0.45 	33333 33333 	HJ_P_Move
314	0.5 0.5 0.5 0.5 0.3 0 0.4 0.5 0 0.5 0.5 0 0 0.55 0.25 0.5 0 0 0 0 0 0.8 0.8 0.5 0.5 0.55 0.55 0.5 0.5 0.45 	33333 33333 	HJ_P_Move
315	0.5 0.5 0.5 0.5 0.3 0 0.4 0.5 0 0.5 0.5 0 0 0.55 0.25 0.5 0 0 0 0 0 0.8 0.8 0.5 0.5 0.6 0.55 0.5 0.5 0.45 	33333 33333 	HJ_P_Move
316	0.5 0.5 0.5 0.5 0.3 0 0.4 0.5 0 0.5 0.5 0 0 0.55 0.25 0.5 0 0 0 0 0 0.8 0.8 0.5 0.5 0.65 0.55 0.5 0.5 0.45 	0.5 4.12124 	HJ_P_Move
317	0.5 0.5 0.5 0.5 0.3 0 0.4 0.5 0 0.5 0.5 0 0 0.55 0.25 0.5 0 0 0 0 0 0.8 0.8 0.5 0.5 0.7 0.55 0.5 0.5 0.45 	33333 33333 	HJ_P_Move
318	0.5 0.5 0.5 0.5 0.3 0 0.4 0.5 0 0.5 0.5 0 0 0.55 0.25 0.5 0 0 0 0.05 0 0.8 0.8 0.5 0.5 0.3 0.5 0.5 0.5 0.45 	0.5 4.01103 	IntMove
319	0.5 0.5 0.5 0.5 0.3 0 0.4 0.5 0 0.5 0.5 0 0 0.55 0.25 0.5 0 0 0 0.05 0 0.8 0.75 0.5 0.5 0.3 0.5 0.5 0.5 0.45 	33333 33333 	HJ_P_Move
320	0.5 0.5 0.5 0.5 0.3 0 0.4 0.5 0 0.5 0.5 0 0 0.55 0.25 0.5 0 0 0 0.05 0 0.8 0.7 0.5 0.5 0.3 0.5 0.5 0.5 0.45 	0.5 3.97952 	PatMove
321	0.5 0.5 0.5 0.5 0.3 0 0.4 0.5 0 0.5 0.5 0 0 0.55 0.25 0.5 0 0 0 0.05 0 0.75 0.7 0.5 0.5 0.3 0.5 0.5 0.5 0.45 	33333 33333 	HJ_P_Move
322	0.5 0.5 0.5 0.5 0.3 0 0.4 0.5 0 0.5 0.5 0 0 0.55 0.25 0.5 0 0 0 0.05 0 0.7 0.7 0.5 0.5 0.3 0.5 0.5 0.5 0.45 	0.5 3.94801 	PatMove
323	0.5 0.5 0.5 0.5 0.3 0 0.4 0.5 0 0.5 0.5 0 0 0.55 0.25 0.5 0 0 0 0.05 0 0.65 0.7 0.5 0.5 0.3 0.5 0.5 0.5 0.45 	33333 33333 	HJ_P_Move
324	0.5 0.5 0.5 0.5 0.3 0 0.4 0.5 0 0.5 0.5 0 0 0.55 0.25 0.5 0 0 0 0.05 0 0.6 0.7 0.5 0.5 0.3 0.5 0.5 0.5 0.45 	0.5 3.91649 	PatMove
325	0.5 0.5 0.5 0.5 0.3 0 0.4 0.5 0 0.5 0.5 0 0 0.55 0.25 0.5 0 0 0 0 0 0.6 0.7 0.5 0.5 0.3 0.5 0.5 0.5 0.45 	33333 33333 	HJ_P_Move
326	0.5 0.5 0.5 0.5 0.3 0 0.4 0.5 0 0.5 0.5 0 0 0.55 0.25 0.5 0 0 0 0 0 0.6 0.7 0.5 0.5 0.3 0.55 0.5 0.5 0.45 	33333 33333 	HJ_P_Move
327	0.5 0.5 0.5 0.5 0.3 0 0.4 0.5 0 0.5 0.5 0 0 0.55 0.25 0.5 0 0 0 0 0 0.6 0.7 0.5 0.5 0.35 0.55 0.5 0.5 0.45 	33333 33333 	HJ_P_Move
328	0.5 0.5 0.5 0.5 0.3 0 0.4 0.5 0 0.5 0.5 0 0 0.55 0.25 0.5 0 0 0 0 0 0.6 0.7 0.5 0.5 0.4 0.55 0.5 0.5 0.45 	33333 33333 	HJ_P_Move
329	0.5 0.5 0.5 0.5 0.3 0 0.4 0.5 0 0.5 0.5 0 0 0.55 0.25 0.5 0 0 0 0 0 0.6 0.7 0.5 0.5 0.45 0.55 0.5 0.5 0.45 	33333 33333 	HJ_P_Move
330	0.5 0.5 0.5 0.5 0.3 0 0.4 0.5 0 0.5 0.5 0 0 0.55 0.25 0.5 0 0 0 0 0 0.6 0.7 0.5 0.5 0.5 0.55 0.5 0.5 0.45 	33333 33333 	HJ_P_Move
331	0.5 0.5 0.5 0.5 0.3 0 0.4 0.5 0 0.5 0.5 0 0 0.55 0.25 0.5 0 0 0 0 0 0.6 0.7 0.5 0.5 0.55 0.55 0.5 0.5 0.45 	33333 33333 	HJ_P_Move
332	0.5 0.5 0.5 0.5 0.3 0 0.4 0.5 0 0.5 0.5 0 0 0.55 0.25 0.5 0 0 0 0 0 0.6 0.7 0.5 0.5 0.6 0.55 0.5 0.5 0.45 	33333 33333 	HJ_P_Move
333	0.5 0.5 0.5 0.5 0.3 0 0.4 0.5 0 0.5 0.5 0 0 0.55 0.25 0.5 0 0 0 0 0 0.6 0.7 0.5 0.5 0.65 0.55 0.5 0.5 0.45 	0.5 4.02678 	HJ_P_Move
334	0.5 0.5 0.5 0.5 0.3 0 0.4 0.5 0 0.5 0.5 0 0 0.55 0.25 0.5 0 0 0 0 0 0.6 0.7 0.5 0.5 0.7 0.55 0.5 0.5 0.45 	33333 33333 	HJ_P_Move
335	0.5 0.5 0.5 0.5 0.3 0 0.4 0.5 0 0.5 0.5 0 0 0.55 0.25 0.5 0 0 0 0.05 0 0.6 0.7 0.5 0.5 0.3 0.5 0.5 0.5 0.45 	0.5 3.91649 	IntMove
336	0.5 0.5 0.5 0.5 0.3 0 0.4 0.5 0 0.5 0.5 0 0 0.55 0.25 0.5 0 0 0 0.05 0 0.6 0.65 0.5 0.5 0.3 0.5 0.5 0.5 0.45 	33333 33333 	HJ_P_Move
337	0.5 0.5 0.5 0.5 0.3 0 0.4 0.5 0 0.5 0.5 0 0 0.55 0.25 0.5 0 0 0 0.05 0 0.6 0.6 0.5 0.5 0.3 0.5 0.5 0.5 0.45 	0.5 3.88496 	PatMove
338	0.5 0.5 0.5 0.5 0.3 0 0.4 0.5 0 0.5 0.5 0 0 0.55 0.25 0.5 0 0 0 0 0 0.6 0.6 0.5 0.5 0.3 0.5 0.5 0.5 0.45 	33333 33333 	HJ_P_Move
339	0.5 0.5 0.5 0.5 0.3 0 0.4 0.5 0 0.5 0.5 0 0 0.55 0.25 0.5 0 0 0 0 0 0.6 0.6 0.5 0.5 0.3 0.55 0.5 0.5 0.45 	33333 33333 	HJ_P_Move
340	0.5 0.5 0.5 0.5 0.3 0 0.4 0.5 0 0.5 0.5 0 0 0.55 0.25 0.5 0 0 0 0 0 0.6 0.6 0.5 0.5 0.35 0.55 0.5 0.5 0.45 	33333 33333 	HJ_P_Move
341	0.5 0.5 0.5 0.5 0.3 0 0.4 0.5 0 0.5 0.5 0 0 0.55 0.25 0.5 0 0 0 0 0 0.6 0.6 0.5 0.5 0.4 0.55 0.5 0.5 0.45 	33333 33333 	HJ_P_Move
342	0.5 0.5 0.5 0.5 0.3 0 0.4 0.5 0 0.5 0.5 0 0 0.55 0.25 0.5 0 0 0 0 0 0.6 0.6 0.5 0.5 0.45 0.55 0.5 0.5 0.45 	33333 33333 	HJ_P_Move
343	0.5 0.5 0.5 0.5 0.3 0 0.4 0.5 0 0.5 0.5 0 0 0.55 0.25 0.5 0 0 0 0 0 0.6 0.6 0.5 0.5 0.5 0.55 0.5 0.5 0.45 	33333 33333 	HJ_P_Move
344	0.5 0.5 0.5 0.5 0.3 0 0.4 0.5 0 0.5 0.5 0 0 0.55 0.25 0.5 0 0 0 0 0 0.6 0.6 0.5 0.5 0.55 0.55 0.5 0.5 0.45 	33333 33333 	HJ_P_Move
345	0.5 0.5 0.5 0.5 0.3 0 0.4 0.5 0 0.5 0.5 0 0 0.55 0.25 0.5 0 0 0 0 0 0.6 0.6 0.5 0.5 0.6 0.55 0.5 0.5 0.45 	33333 33333 	HJ_P_Move
346	0.5 0.5 0.5 0.5 0.3 0 0.4 0.5 0 0.5 0.5 0 0 0.55 0.25 0.5 0 0 0 0 0 0.6 0.6 0.5 0.5 0.65 0.55 0.5 0.5 0.45 	0.5 3.99527 	HJ_P_Move
347	0.5 0.5 0.5 0.5 0.3 0 0.4 0.5 0 0.5 0.5 0 0 0.55 0.25 0.5 0 0 0 0 0 0.6 0.6 0.5 0.5 0.7 0.55 0.5 0.5 0.45 	33333 33333 	HJ_P_Move
348	0.5 0.5 0.5 0.5 0.3 0 0.4 0.5 0 0.5 0.5 0 0 0.55 0.25 0.5 0 0 0 0.05 0 0.6 0.6 0.5 0.5 0.3 0.5 0.5 0.5 0.45 	0.5 3.88496 	IntMove
349	0.5 0.5 0.5 0.5 0.3 0 0.4 0.5 0 0.5 0.5 0 0 0.55 0.25 0.5 0 0 0 0.05 0 0.6 0.55 0.5 0.5 0.3 0.5 0.5 0.5 0.45 	33333 33333 	HJ_P_Move
350	0.5 0.5 0.5 0.5 0.3 0 0.4 0.5 0 0.5 0.5 0 0 0.55 0.25 0.5 0 0 0 0.05 0 0.6 0.5 0.5 0.5 0.3 0.5 0.5 0.5 0.45 	0.5 3.85342 	PatMove
351	0.5 0.5 0.5 0.5 0.3 0 0.4 0.5 0 0.5 0.5 0 0 0.55 0.25 0.5 0 0 0 0 0 0.6 0.5 0.5 0.5 0.3 0.5 0.5 0.5 0.45 	33333 33333 	HJ_P_Move
352	0.5 0.5 0.5 0.5 0.3 0 0.4 0.5 0 0.5 0.5 0 0 0.55 0.25 0.5 0 0 0 0 0 0.6 0.5 0.5 0.5 0.3 0.55 0.5 0.5 0.45 	33333 33333 	HJ_P_Move
353	0.5 0.5 0.5 0.5 0.3 0 0.4 0.5 0 0.5 0.5 0 0 0.55 0.25 0.5 0 0 0 0 0 0.6 0.5 0.5 0.5 0.35 0.55 0.5 0.5 0.45 	33333 33333 	HJ_P_Move
354	0.5 0.5 0.5 0.5 0.3 0 0.4 0.5 0 0.5 0.5 0 0 0.55 0.25 0.5 0 0 0 0 0 0.6 0.5 0.5 0.5 0.4 0.55 0.5 0.5 0.45 	33333 33333 	HJ_P_Move
355	0.5 0.5 0.5 0.5 0.3 0 0.4 0.5 0 0.5 0.5 0 0 0.55 0.25 0.5 0 0 0 0 0 0.6 0.5 0.5 0.5 0.45 0.55 0.5 0.5 0.45 	33333 33333 	HJ_P_Move
356	0.5 0.5 0.5 0.5 0.3 0 0.4 0.5 0 0.5 0.5 0 0 0.55 0.25 0.5 0 0 0 0 0 0.6 0.5 0.5 0.5 0.5 0.55 0.5 0.5 0.45 	33333 33333 	HJ_P_Move
357	0.5 0.5 0.5 0.5 0.3 0 0.4 0.5 0 0.5 0.5 0 0 0.55 0.25 0.5 0 0 0 0 0 0.6 0.5 0.5 0.5 0.55 0.55 0.5 0.5 0.45 	33333 33333 	HJ_P_Move
358	0.5 0.5 0.5 0.5 0.3 0 0.4 0.5 0 0.5 0.5 0 0 0.55 0.25 0.5 0 0 0 0 0 0.6 0.5 0.5 0.5 0.6 0.55 0.5 0.5 0.45 	33333 33333 	HJ_P_Move
359	0.5 0.5 0.5 0.5 0.3 0 0.4 0.5 0 0.5 0.5 0 0 0.55 0.25 0.5 0 0 0 0 0 0.6 0.5 0.5 0.5 0.65 0.55 0.5 0.5 0.45 	0.5 3.96376 	HJ_P_Move
360	0.5 0.5 0.5 0.5 0.3 0 0.4 0.45 0 0.5 0.5 0 0 0.55 0.25 0.5 0 0 0 0 0 0.6 0.5 0.5 0.5 0.65 0.55 0.5 0.5 0.45 	33333 33333 	HJ_P_Move
361	0.5 0.5 0.5 0.5 0.3 0 0.4 0.5 0 0.5 0.5 0 0 0.55 0.25 0.5 0 0 0 0.05 0 0.6 0.5 0.5 0.5 0.3 0.5 0.5 0.5 0.45 	0.5 3.85342 	IntMove
362	0.5 0.45 0.5 0.5 0.3 0 0.4 0.5 0 0.5 0.5 0 0 0.55 0.25 0.5 0 0 0 0.05 0 0.6 0.5 0.5 0.5 0.3 0.5 0.5 0.5 0.45 	33333 33333 	HJ_P_Move
363	0.5 0.4 0.5 0.5 0.3 0 0.4 0.5 0 0.5 0.5 0 0 0.55 0.25 0.5 0 0 0 0.05 0 0.6 0.5 0.5 0.5 0.3 0.5 0.5 0.5 0.45 	0.5 3.82188 	PatMove
364	0.5 0.35 0.5 0.5 0.3 0 0.4 0.5 0 0.5 0.5 0 0 0.55 0.25 0.5 0 0 0 0.05 0 0.6 0.5 0.5 0.5 0.3 0.5 0.5 0.5 0.45 	33333 33333 	HJ_P_Move
365	0.5 0.3 0.5 0.5 0.3 0 0.4 0.5 0 0.5 0.5 0 0 0.55 0.25 0.5 0 0 0 0.05 0 0.6 0.5 0.5 0.5 0.3 0.5 0.5 0.5 0.45 	0.5 3.79032 	PatMove
366	0.5 0.3 0.5 0.5 0.3 0 0.45 0.5 0 0.5 0.5 0 0 0.55 0.25 0.5 0 0 0 0.05 0 0.6 0.5 0.5 0.5 0.3 0.5 0.5 0.5 0.45 	33333 33333 	HJ_P_Move
367	0.5 0.3 0.5 0.5 0.3 0 0.5 0.5 0 0.5 0.5 0 0 0.55 0.25 0.5 0 0 0 0.05 0 0.6 0.5 0.5 0.5 0.3 0.5 0.5 0.5 0.45 	0.5 3.82188 	HJ_P_Move
368	0.5 0.3 0.5 0.5 0.3 0 0.55 0.5 0 0.5 0.5 0 0 0.55 0.25 0.5 0 0 0 0.05 0 0.6 0.5 0.5 0.5 0.3 0.5 0.5 0.5 0.45 	0.5 3.83765 	HJ_P_Move
369	0.5 0.25 0.5 0.5 0.3 0 0.55 0.5 0 0.5 0.5 0 0 0.55 0.25 0.5 0 0 0 0.05 0 0.6 0.5 0.5 0.5 0.3 0.5 0.5 0.5 0.45 	33333 33333 	HJ_P_Move
370	0.5 0.2 0.5 0.5 0.3 0 0.55 0.5 0 0.5 0.5 0 0 0.55 0.25 0.5 0 0 0 0.05 0 0.6 0.5 0.5 0.5 0.3 0.5 0.5 0.5 0.45 	0.5 3.8061 	HJ_P_Move
