0.02 0.02 0.02 0.02 0.02 0.02 0.02 0.02 0.02 0.02 0.02 0.02 0.08 0.02 0.02 0.02 0.02 0.02 0.02 0.02 0.02 0.02 0.02 0.02 0.02 0.02 0.02 0.02 0.02 0.02 
0.02 0.02 0.02 0.02 0.02 0.02 0.02 0.02 0.02 0.02 0.02 0.02 0.11 0.02 0.02 0.02 0.02 0.02 0.02 0.02 0.02 0.02 0.02 0.02 0.02 0.02 0.02 0.02 0.02 0.02 
0.02 0.02 0.02 0.02 0.02 0.02 0.02 0.02 0.02 0.02 0.02 0.02 0.14 0.02 0.02 0.02 0.02 0.02 0.02 0.02 0.02 0.02 0.02 0.02 0.02 0.02 0.02 0.02 0.02 0.02 
0.02 0.02 0.02 0.02 0.02 0.02 0.02 0.02 0.02 0.02 0.02 0.02 0.2 0.02 0.02 0.02 0.02 0.02 0.02 0.02 0.02 0.02 0.02 0.02 0.02 0.02 0.02 0.02 0.02 0.02 
0.02 0.02 0.02 0.02 0.02 0.02 0.02 0.02 0.05 0.02 0.02 0.02 0.2 0.02 0.02 0.02 0.02 0.02 0.02 0.02 0.02 0.02 0.02 0.02 0.02 0.02 0.02 0.02 0.02 0.02 
0.02 0.02 0.02 0.02 0.02 0.02 0.02 0.02 0.08 0.02 0.02 0.02 0.2 0.02 0.02 0.02 0.02 0.02 0.02 0.02 0.02 0.02 0.02 0.02 0.02 0.02 0.02 0.02 0.02 0.02 
0.02 0.02 0.02 0.02 0.02 0.02 0.02 0.02 0.11 0.02 0.02 0.02 0.2 0.02 0.02 0.02 0.02 0.02 0.02 0.02 0.02 0.02 0.02 0.02 0.02 0.02 0.02 0.02 0.02 0.02 
0.02 0.02 0.02 0.02 0.02 0.02 0.02 0.02 0.14 0.02 0.02 0.02 0.2 0.02 0.02 0.02 0.02 0.02 0.02 0.02 0.02 0.02 0.02 0.02 0.02 0.02 0.02 0.02 0.02 0.02 
0.02 0.02 0.02 0.02 0.02 0.02 0.02 0.02 0.14 0.02 0.02 0.02 0.2 0.02 0.02 0.02 0.05 0.02 0.02 0.02 0.02 0.02 0.02 0.02 0.02 0.02 0.02 0.02 0.02 0.02 
0.02 0.02 0.02 0.02 0.02 0.02 0.02 0.02 0.14 0.02 0.02 0.02 0.2 0.02 0.02 0.02 0.08 0.02 0.02 0.02 0.02 0.02 0.02 0.02 0.02 0.02 0.02 0.02 0.02 0.02 
0.02 0.02 0.02 0.02 0.02 0.02 0.05 0.02 0.14 0.02 0.02 0.02 0.2 0.02 0.02 0.02 0.08 0.02 0.02 0.02 0.02 0.02 0.02 0.02 0.02 0.02 0.02 0.02 0.02 0.02 
0.02 0.02 0.02 0.02 0.02 0.02 0.08 0.02 0.14 0.02 0.02 0.02 0.2 0.02 0.02 0.02 0.08 0.02 0.02 0.02 0.02 0.02 0.02 0.02 0.02 0.02 0.02 0.02 0.02 0.02 
0.02 0.05 0.02 0.02 0.02 0.02 0.08 0.02 0.14 0.02 0.02 0.02 0.2 0.02 0.02 0.02 0.08 0.02 0.02 0.02 0.02 0.02 0.02 0.02 0.02 0.02 0.02 0.02 0.02 0.02 
0.02 0.08 0.02 0.02 0.02 0.02 0.08 0.02 0.14 0.02 0.02 0.02 0.2 0.02 0.02 0.02 0.08 0.02 0.02 0.02 0.02 0.02 0.02 0.02 0.02 0.02 0.02 0.02 0.02 0.02 
0.02 0.08 0.02 0.02 0.02 0.02 0.11 0.02 0.14 0.02 0.02 0.02 0.2 0.02 0.02 0.02 0.08 0.02 0.02 0.02 0.02 0.02 0.02 0.02 0.02 0.02 0.02 0.02 0.02 0.02 
0.02 0.08 0.02 0.02 0.02 0.02 0.14 0.02 0.14 0.02 0.02 0.02 0.2 0.02 0.02 0.02 0.08 0.02 0.02 0.02 0.02 0.02 0.02 0.02 0.02 0.02 0.02 0.02 0.02 0.02 
0.02 0.08 0.02 0.02 0.02 0.02 0.14 0.02 0.14 0.02 0.02 0.02 0.23 0.02 0.02 0.02 0.08 0.02 0.02 0.02 0.02 0.02 0.02 0.02 0.02 0.02 0.02 0.02 0.02 0.02 
0.02 0.08 0.02 0.02 0.02 0.02 0.14 0.02 0.14 0.02 0.02 0.02 0.26 0.02 0.02 0.02 0.08 0.02 0.02 0.02 0.02 0.02 0.02 0.02 0.02 0.02 0.02 0.02 0.02 0.02 
0.02 0.08 0.02 0.02 0.02 0.02 0.14 0.02 0.14 0.02 0.02 0.02 0.29 0.02 0.02 0.02 0.08 0.02 0.02 0.02 0.02 0.02 0.02 0.02 0.02 0.02 0.02 0.02 0.02 0.02 
0.02 0.08 0.02 0.02 0.02 0.02 0.14 0.02 0.14 0.02 0.02 0.02 0.32 0.02 0.02 0.02 0.08 0.02 0.02 0.02 0.02 0.02 0.02 0.02 0.02 0.02 0.02 0.02 0.02 0.02 
0.02 0.08 0.02 0.02 0.02 0.02 0.14 0.02 0.14 0.02 0.02 0.02 0.32 0.05 0.02 0.02 0.08 0.02 0.02 0.02 0.02 0.02 0.02 0.02 0.02 0.02 0.02 0.02 0.02 0.02 
0.02 0.08 0.02 0.02 0.02 0.02 0.14 0.02 0.14 0.02 0.02 0.02 0.32 0.08 0.02 0.02 0.08 0.02 0.02 0.02 0.02 0.02 0.02 0.02 0.02 0.02 0.02 0.02 0.02 0.02 
0.02 0.08 0.02 0.02 0.02 0.02 0.14 0.02 0.14 0.02 0.02 0.02 0.35 0.08 0.02 0.02 0.08 0.02 0.02 0.02 0.02 0.02 0.02 0.02 0.02 0.02 0.02 0.02 0.02 0.02 
0.02 0.08 0.02 0.02 0.02 0.02 0.14 0.02 0.14 0.02 0.02 0.02 0.38 0.08 0.02 0.02 0.08 0.02 0.02 0.02 0.02 0.02 0.02 0.02 0.02 0.02 0.02 0.02 0.02 0.02 
0.02 0.08 0.02 0.02 0.02 0.02 0.14 0.02 0.14 0.02 0.02 0.02 0.38 0.11 0.02 0.02 0.08 0.02 0.02 0.02 0.02 0.02 0.02 0.02 0.02 0.02 0.02 0.02 0.02 0.02 
0.02 0.08 0.02 0.02 0.02 0.02 0.14 0.02 0.14 0.02 0.02 0.02 0.38 0.14 0.02 0.02 0.08 0.02 0.02 0.02 0.02 0.02 0.02 0.02 0.02 0.02 0.02 0.02 0.02 0.02 
0.02 0.08 0.02 0.02 0.02 0.02 0.14 0.02 0.14 0.02 0.02 0.02 0.38 0.17 0.02 0.02 0.08 0.02 0.02 0.02 0.02 0.02 0.02 0.02 0.02 0.02 0.02 0.02 0.02 0.02 
0.02 0.08 0.02 0.02 0.02 0.02 0.14 0.02 0.14 0.02 0.02 0.02 0.38 0.2 0.02 0.02 0.08 0.02 0.02 0.02 0.02 0.02 0.02 0.02 0.02 0.02 0.02 0.02 0.02 0.02 
0.02 0.08 0.02 0.02 0.02 0.02 0.14 0.02 0.14 0.02 0.02 0.02 0.38 0.23 0.02 0.02 0.08 0.02 0.02 0.02 0.02 0.02 0.02 0.02 0.02 0.02 0.02 0.02 0.02 0.02 
0.02 0.08 0.02 0.02 0.02 0.02 0.14 0.02 0.14 0.02 0.02 0.02 0.38 0.26 0.02 0.02 0.08 0.02 0.02 0.02 0.02 0.02 0.02 0.02 0.02 0.02 0.02 0.02 0.02 0.02 
0.02 0.08 0.02 0.02 0.02 0.02 0.14 0.02 0.14 0.02 0.02 0.02 0.38 0.26 0.02 0.02 0.08 0.02 0.02 0.02 0.05 0.02 0.02 0.02 0.02 0.02 0.02 0.02 0.02 0.02 
0.02 0.08 0.02 0.02 0.02 0.02 0.14 0.02 0.14 0.02 0.02 0.02 0.38 0.26 0.02 0.02 0.08 0.02 0.02 0.02 0.08 0.02 0.02 0.02 0.02 0.02 0.02 0.02 0.02 0.02 
0.02 0.08 0.02 0.02 0.02 0.02 0.14 0.02 0.14 0.02 0.02 0.02 0.38 0.26 0.02 0.02 0.08 0.02 0.02 0.02 0.11 0.02 0.02 0.02 0.02 0.02 0.02 0.02 0.02 0.02 
0.02 0.08 0.02 0.02 0.02 0.02 0.14 0.02 0.14 0.02 0.02 0.02 0.38 0.26 0.02 0.02 0.08 0.02 0.02 0.02 0.14 0.02 0.02 0.02 0.02 0.02 0.02 0.02 0.02 0.02 
0.02 0.11 0.02 0.02 0.02 0.02 0.14 0.02 0.14 0.02 0.02 0.02 0.38 0.26 0.02 0.02 0.08 0.02 0.02 0.02 0.14 0.02 0.02 0.02 0.02 0.02 0.02 0.02 0.02 0.02 
0.02 0.14 0.02 0.02 0.02 0.02 0.14 0.02 0.14 0.02 0.02 0.02 0.38 0.26 0.02 0.02 0.08 0.02 0.02 0.02 0.14 0.02 0.02 0.02 0.02 0.02 0.02 0.02 0.02 0.02 
0.02 0.17 0.02 0.02 0.02 0.02 0.14 0.02 0.14 0.02 0.02 0.02 0.38 0.26 0.02 0.02 0.08 0.02 0.02 0.02 0.14 0.02 0.02 0.02 0.02 0.02 0.02 0.02 0.02 0.02 
0.02 0.2 0.02 0.02 0.02 0.02 0.14 0.02 0.14 0.02 0.02 0.02 0.38 0.26 0.02 0.02 0.08 0.02 0.02 0.02 0.14 0.02 0.02 0.02 0.02 0.02 0.02 0.02 0.02 0.02 
0.02 0.23 0.02 0.02 0.02 0.02 0.14 0.02 0.14 0.02 0.02 0.02 0.38 0.26 0.02 0.02 0.08 0.02 0.02 0.02 0.14 0.02 0.02 0.02 0.02 0.02 0.02 0.02 0.02 0.02 
0.02 0.26 0.02 0.02 0.02 0.02 0.14 0.02 0.14 0.02 0.02 0.02 0.38 0.26 0.02 0.02 0.08 0.02 0.02 0.02 0.14 0.02 0.02 0.02 0.02 0.02 0.02 0.02 0.02 0.02 
0.02 0.29 0.02 0.02 0.02 0.02 0.14 0.02 0.14 0.02 0.02 0.02 0.38 0.26 0.02 0.02 0.08 0.02 0.02 0.02 0.14 0.02 0.02 0.02 0.02 0.02 0.02 0.02 0.02 0.02 
0.02 0.32 0.02 0.02 0.02 0.02 0.14 0.02 0.14 0.02 0.02 0.02 0.38 0.26 0.02 0.02 0.08 0.02 0.02 0.02 0.14 0.02 0.02 0.02 0.02 0.02 0.02 0.02 0.02 0.02 
0.02 0.35 0.02 0.02 0.02 0.02 0.14 0.02 0.14 0.02 0.02 0.02 0.38 0.26 0.02 0.02 0.08 0.02 0.02 0.02 0.14 0.02 0.02 0.02 0.02 0.02 0.02 0.02 0.02 0.02 
0.02 0.38 0.02 0.02 0.02 0.02 0.14 0.02 0.14 0.02 0.02 0.02 0.38 0.26 0.02 0.02 0.08 0.02 0.02 0.02 0.14 0.02 0.02 0.02 0.02 0.02 0.02 0.02 0.02 0.02 
0.02 0.38 0.02 0.02 0.02 0.02 0.14 0.02 0.17 0.02 0.02 0.02 0.38 0.26 0.02 0.02 0.08 0.02 0.02 0.02 0.14 0.02 0.02 0.02 0.02 0.02 0.02 0.02 0.02 0.02 
0.02 0.38 0.02 0.02 0.02 0.02 0.14 0.02 0.2 0.02 0.02 0.02 0.38 0.26 0.02 0.02 0.08 0.02 0.02 0.02 0.14 0.02 0.02 0.02 0.02 0.02 0.02 0.02 0.02 0.02 
0.02 0.38 0.02 0.02 0.02 0.02 0.14 0.02 0.23 0.02 0.02 0.02 0.38 0.26 0.02 0.02 0.08 0.02 0.02 0.02 0.14 0.02 0.02 0.02 0.02 0.02 0.02 0.02 0.02 0.02 
0.02 0.38 0.02 0.02 0.02 0.02 0.14 0.02 0.26 0.02 0.02 0.02 0.38 0.26 0.02 0.02 0.08 0.02 0.02 0.02 0.14 0.02 0.02 0.02 0.02 0.02 0.02 0.02 0.02 0.02 
0.02 0.38 0.02 0.02 0.02 0.02 0.14 0.02 0.29 0.02 0.02 0.02 0.38 0.26 0.02 0.02 0.08 0.02 0.02 0.02 0.14 0.02 0.02 0.02 0.02 0.02 0.02 0.02 0.02 0.02 
0.02 0.38 0.02 0.02 0.02 0.02 0.14 0.02 0.32 0.02 0.02 0.02 0.38 0.26 0.02 0.02 0.08 0.02 0.02 0.02 0.14 0.02 0.02 0.02 0.02 0.02 0.02 0.02 0.02 0.02 
0.02 0.38 0.02 0.02 0.02 0.02 0.14 0.02 0.32 0.02 0.02 0.02 0.38 0.26 0.05 0.02 0.08 0.02 0.02 0.02 0.14 0.02 0.02 0.02 0.02 0.02 0.02 0.02 0.02 0.02 
0.02 0.38 0.02 0.02 0.02 0.02 0.14 0.02 0.32 0.02 0.02 0.02 0.38 0.26 0.08 0.02 0.08 0.02 0.02 0.02 0.14 0.02 0.02 0.02 0.02 0.02 0.02 0.02 0.02 0.02 
0.02 0.38 0.02 0.02 0.02 0.02 0.14 0.02 0.32 0.02 0.05 0.02 0.38 0.26 0.08 0.02 0.08 0.02 0.02 0.02 0.14 0.02 0.02 0.02 0.02 0.02 0.02 0.02 0.02 0.02 
0.02 0.38 0.02 0.02 0.02 0.02 0.14 0.02 0.32 0.02 0.08 0.02 0.38 0.26 0.08 0.02 0.08 0.02 0.02 0.02 0.14 0.02 0.02 0.02 0.02 0.02 0.02 0.02 0.02 0.02 
0.02 0.38 0.02 0.02 0.02 0.02 0.14 0.02 0.32 0.02 0.08 0.02 0.38 0.26 0.11 0.02 0.08 0.02 0.02 0.02 0.14 0.02 0.02 0.02 0.02 0.02 0.02 0.02 0.02 0.02 
0.02 0.38 0.02 0.02 0.02 0.02 0.14 0.02 0.32 0.02 0.08 0.02 0.38 0.26 0.14 0.02 0.08 0.02 0.02 0.02 0.14 0.02 0.02 0.02 0.02 0.02 0.02 0.02 0.02 0.02 
0.02 0.38 0.02 0.02 0.02 0.02 0.14 0.02 0.32 0.02 0.08 0.02 0.38 0.26 0.17 0.02 0.08 0.02 0.02 0.02 0.14 0.02 0.02 0.02 0.02 0.02 0.02 0.02 0.02 0.02 
0.02 0.38 0.02 0.02 0.02 0.02 0.14 0.02 0.32 0.02 0.08 0.02 0.38 0.26 0.2 0.02 0.08 0.02 0.02 0.02 0.14 0.02 0.02 0.02 0.02 0.02 0.02 0.02 0.02 0.02 
0.02 0.38 0.02 0.02 0.02 0.02 0.14 0.02 0.32 0.02 0.08 0.02 0.38 0.26 0.23 0.02 0.08 0.02 0.02 0.02 0.14 0.02 0.02 0.02 0.02 0.02 0.02 0.02 0.02 0.02 
0.02 0.38 0.02 0.02 0.02 0.02 0.14 0.02 0.32 0.02 0.08 0.02 0.38 0.26 0.26 0.02 0.08 0.02 0.02 0.02 0.14 0.02 0.02 0.02 0.02 0.02 0.02 0.02 0.02 0.02 
0.02 0.38 0.02 0.05 0.02 0.02 0.14 0.02 0.32 0.02 0.08 0.02 0.38 0.26 0.26 0.02 0.08 0.02 0.02 0.02 0.14 0.02 0.02 0.02 0.02 0.02 0.02 0.02 0.02 0.02 
0.02 0.38 0.02 0.08 0.02 0.02 0.14 0.02 0.32 0.02 0.08 0.02 0.38 0.26 0.26 0.02 0.08 0.02 0.02 0.02 0.14 0.02 0.02 0.02 0.02 0.02 0.02 0.02 0.02 0.02 
0.02 0.38 0.02 0.08 0.02 0.02 0.14 0.02 0.32 0.02 0.11 0.02 0.38 0.26 0.26 0.02 0.08 0.02 0.02 0.02 0.14 0.02 0.02 0.02 0.02 0.02 0.02 0.02 0.02 0.02 
0.02 0.38 0.02 0.08 0.02 0.02 0.14 0.02 0.32 0.02 0.14 0.02 0.38 0.26 0.26 0.02 0.08 0.02 0.02 0.02 0.14 0.02 0.02 0.02 0.02 0.02 0.02 0.02 0.02 0.02 
0.02 0.38 0.02 0.08 0.02 0.02 0.14 0.02 0.32 0.02 0.17 0.02 0.38 0.26 0.26 0.02 0.08 0.02 0.02 0.02 0.14 0.02 0.02 0.02 0.02 0.02 0.02 0.02 0.02 0.02 
0.02 0.38 0.02 0.08 0.02 0.02 0.14 0.02 0.32 0.02 0.2 0.02 0.38 0.26 0.26 0.02 0.08 0.02 0.02 0.02 0.14 0.02 0.02 0.02 0.02 0.02 0.02 0.02 0.02 0.02 
0.02 0.38 0.02 0.08 0.02 0.02 0.14 0.02 0.32 0.02 0.23 0.02 0.38 0.26 0.26 0.02 0.08 0.02 0.02 0.02 0.14 0.02 0.02 0.02 0.02 0.02 0.02 0.02 0.02 0.02 
0.02 0.38 0.02 0.08 0.02 0.02 0.14 0.02 0.32 0.02 0.26 0.02 0.38 0.26 0.26 0.02 0.08 0.02 0.02 0.02 0.14 0.02 0.02 0.02 0.02 0.02 0.02 0.02 0.02 0.02 
0.02 0.38 0.02 0.08 0.02 0.02 0.14 0.02 0.32 0.02 0.29 0.02 0.38 0.26 0.26 0.02 0.08 0.02 0.02 0.02 0.14 0.02 0.02 0.02 0.02 0.02 0.02 0.02 0.02 0.02 
0.02 0.38 0.02 0.08 0.02 0.02 0.14 0.02 0.32 0.02 0.32 0.02 0.38 0.26 0.26 0.02 0.08 0.02 0.02 0.02 0.14 0.02 0.02 0.02 0.02 0.02 0.02 0.02 0.02 0.02 
0.02 0.38 0.02 0.08 0.02 0.02 0.14 0.02 0.32 0.02 0.35 0.02 0.38 0.26 0.26 0.02 0.08 0.02 0.02 0.02 0.14 0.02 0.02 0.02 0.02 0.02 0.02 0.02 0.02 0.02 
0.02 0.38 0.02 0.08 0.02 0.02 0.14 0.02 0.32 0.02 0.38 0.02 0.38 0.26 0.26 0.02 0.08 0.02 0.02 0.02 0.14 0.02 0.02 0.02 0.02 0.02 0.02 0.02 0.02 0.02 
0.02 0.38 0.02 0.08 0.02 0.02 0.17 0.02 0.32 0.02 0.38 0.02 0.38 0.26 0.26 0.02 0.08 0.02 0.02 0.02 0.14 0.02 0.02 0.02 0.02 0.02 0.02 0.02 0.02 0.02 
0.02 0.38 0.02 0.08 0.02 0.02 0.2 0.02 0.32 0.02 0.38 0.02 0.38 0.26 0.26 0.02 0.08 0.02 0.02 0.02 0.14 0.02 0.02 0.02 0.02 0.02 0.02 0.02 0.02 0.02 
0.02 0.38 0.02 0.08 0.02 0.02 0.23 0.02 0.32 0.02 0.38 0.02 0.38 0.26 0.26 0.02 0.08 0.02 0.02 0.02 0.14 0.02 0.02 0.02 0.02 0.02 0.02 0.02 0.02 0.02 
0.02 0.38 0.02 0.08 0.02 0.02 0.26 0.02 0.32 0.02 0.38 0.02 0.38 0.26 0.26 0.02 0.08 0.02 0.02 0.02 0.14 0.02 0.02 0.02 0.02 0.02 0.02 0.02 0.02 0.02 
0.02 0.38 0.02 0.08 0.02 0.02 0.29 0.02 0.32 0.02 0.38 0.02 0.38 0.26 0.26 0.02 0.08 0.02 0.02 0.02 0.14 0.02 0.02 0.02 0.02 0.02 0.02 0.02 0.02 0.02 
0.02 0.38 0.02 0.08 0.02 0.02 0.32 0.02 0.32 0.02 0.38 0.02 0.38 0.26 0.26 0.02 0.08 0.02 0.02 0.02 0.14 0.02 0.02 0.02 0.02 0.02 0.02 0.02 0.02 0.02 
0.02 0.38 0.02 0.08 0.02 0.02 0.35 0.02 0.32 0.02 0.38 0.02 0.38 0.26 0.26 0.02 0.08 0.02 0.02 0.02 0.14 0.02 0.02 0.02 0.02 0.02 0.02 0.02 0.02 0.02 
0.02 0.38 0.02 0.08 0.02 0.02 0.38 0.02 0.32 0.02 0.38 0.02 0.38 0.26 0.26 0.02 0.08 0.02 0.02 0.02 0.14 0.02 0.02 0.02 0.02 0.02 0.02 0.02 0.02 0.02 
0.02 0.38 0.02 0.08 0.02 0.02 0.41 0.02 0.32 0.02 0.38 0.02 0.38 0.26 0.26 0.02 0.08 0.02 0.02 0.02 0.14 0.02 0.02 0.02 0.02 0.02 0.02 0.02 0.02 0.02 
0.02 0.38 0.02 0.08 0.02 0.02 0.44 0.02 0.32 0.02 0.38 0.02 0.38 0.26 0.26 0.02 0.08 0.02 0.02 0.02 0.14 0.02 0.02 0.02 0.02 0.02 0.02 0.02 0.02 0.02 
0.02 0.38 0.02 0.08 0.02 0.02 0.44 0.02 0.32 0.02 0.38 0.02 0.38 0.29 0.26 0.02 0.08 0.02 0.02 0.02 0.14 0.02 0.02 0.02 0.02 0.02 0.02 0.02 0.02 0.02 
0.02 0.38 0.02 0.08 0.02 0.02 0.44 0.02 0.32 0.02 0.38 0.02 0.38 0.32 0.26 0.02 0.08 0.02 0.02 0.02 0.14 0.02 0.02 0.02 0.02 0.02 0.02 0.02 0.02 0.02 
0.02 0.38 0.02 0.08 0.02 0.02 0.44 0.02 0.32 0.02 0.38 0.02 0.38 0.32 0.26 0.02 0.08 0.05 0.02 0.02 0.14 0.02 0.02 0.02 0.02 0.02 0.02 0.02 0.02 0.02 
0.02 0.38 0.02 0.08 0.02 0.02 0.44 0.02 0.32 0.02 0.38 0.02 0.38 0.32 0.26 0.02 0.08 0.08 0.02 0.02 0.14 0.02 0.02 0.02 0.02 0.02 0.02 0.02 0.02 0.02 
0.02 0.38 0.02 0.08 0.02 0.02 0.44 0.02 0.32 0.02 0.38 0.02 0.38 0.32 0.26 0.02 0.08 0.11 0.02 0.02 0.14 0.02 0.02 0.02 0.02 0.02 0.02 0.02 0.02 0.02 
0.02 0.38 0.02 0.08 0.02 0.02 0.44 0.02 0.32 0.02 0.38 0.02 0.38 0.32 0.26 0.02 0.08 0.14 0.02 0.02 0.14 0.02 0.02 0.02 0.02 0.02 0.02 0.02 0.02 0.02 
0.02 0.38 0.02 0.08 0.02 0.02 0.44 0.02 0.32 0.02 0.38 0.02 0.38 0.32 0.26 0.02 0.08 0.17 0.02 0.02 0.14 0.02 0.02 0.02 0.02 0.02 0.02 0.02 0.02 0.02 
0.02 0.38 0.02 0.08 0.02 0.02 0.44 0.02 0.32 0.02 0.38 0.02 0.38 0.32 0.26 0.02 0.08 0.2 0.02 0.02 0.14 0.02 0.02 0.02 0.02 0.02 0.02 0.02 0.02 0.02 
0.02 0.38 0.02 0.08 0.02 0.02 0.44 0.02 0.32 0.02 0.38 0.02 0.38 0.32 0.26 0.02 0.08 0.23 0.02 0.02 0.14 0.02 0.02 0.02 0.02 0.02 0.02 0.02 0.02 0.02 
0.02 0.38 0.02 0.08 0.02 0.02 0.44 0.02 0.32 0.02 0.38 0.02 0.38 0.32 0.26 0.02 0.08 0.26 0.02 0.02 0.14 0.02 0.02 0.02 0.02 0.02 0.02 0.02 0.02 0.02 
0.02 0.38 0.02 0.08 0.02 0.02 0.44 0.02 0.32 0.02 0.38 0.02 0.38 0.32 0.26 0.02 0.08 0.26 0.02 0.02 0.14 0.02 0.02 0.02 0.02 0.05 0.02 0.02 0.02 0.02 
0.02 0.38 0.02 0.08 0.02 0.02 0.44 0.02 0.32 0.02 0.38 0.02 0.38 0.32 0.26 0.02 0.08 0.26 0.02 0.02 0.14 0.02 0.02 0.02 0.02 0.08 0.02 0.02 0.02 0.02 
0.02 0.41 0.02 0.08 0.02 0.02 0.44 0.02 0.32 0.02 0.38 0.02 0.38 0.32 0.26 0.02 0.08 0.26 0.02 0.02 0.14 0.02 0.02 0.02 0.02 0.08 0.02 0.02 0.02 0.02 
0.02 0.44 0.02 0.08 0.02 0.02 0.44 0.02 0.32 0.02 0.38 0.02 0.38 0.32 0.26 0.02 0.08 0.26 0.02 0.02 0.14 0.02 0.02 0.02 0.02 0.08 0.02 0.02 0.02 0.02 
0.02 0.44 0.02 0.08 0.02 0.02 0.44 0.02 0.32 0.02 0.38 0.02 0.38 0.32 0.26 0.02 0.08 0.26 0.02 0.02 0.14 0.02 0.02 0.02 0.02 0.11 0.02 0.02 0.02 0.02 
0.02 0.44 0.02 0.08 0.02 0.02 0.44 0.02 0.32 0.02 0.38 0.02 0.38 0.32 0.26 0.02 0.08 0.26 0.02 0.02 0.14 0.02 0.02 0.02 0.02 0.14 0.02 0.02 0.02 0.02 
0.02 0.44 0.02 0.08 0.02 0.02 0.44 0.02 0.32 0.02 0.38 0.02 0.38 0.32 0.26 0.02 0.08 0.26 0.02 0.02 0.14 0.02 0.02 0.02 0.02 0.17 0.02 0.02 0.02 0.02 
0.02 0.44 0.02 0.08 0.02 0.02 0.44 0.02 0.32 0.02 0.38 0.02 0.38 0.32 0.26 0.02 0.08 0.26 0.02 0.02 0.14 0.02 0.02 0.02 0.02 0.2 0.02 0.02 0.02 0.02 
0.02 0.44 0.02 0.08 0.02 0.02 0.44 0.02 0.32 0.02 0.38 0.02 0.38 0.32 0.26 0.02 0.08 0.26 0.02 0.02 0.14 0.02 0.02 0.02 0.02 0.23 0.02 0.02 0.02 0.02 
0.02 0.44 0.02 0.08 0.02 0.02 0.44 0.02 0.32 0.02 0.38 0.02 0.38 0.32 0.26 0.02 0.08 0.26 0.02 0.02 0.14 0.02 0.02 0.02 0.02 0.26 0.02 0.02 0.02 0.02 
0.02 0.44 0.02 0.08 0.02 0.02 0.44 0.02 0.32 0.02 0.38 0.02 0.38 0.32 0.26 0.02 0.08 0.26 0.02 0.02 0.14 0.02 0.02 0.02 0.02 0.29 0.02 0.02 0.02 0.02 
0.02 0.44 0.02 0.08 0.02 0.02 0.44 0.02 0.32 0.02 0.38 0.02 0.38 0.32 0.26 0.02 0.08 0.26 0.02 0.02 0.14 0.02 0.02 0.02 0.02 0.32 0.02 0.02 0.02 0.02 
0.02 0.44 0.02 0.08 0.02 0.02 0.44 0.02 0.32 0.02 0.38 0.02 0.38 0.32 0.26 0.02 0.08 0.26 0.02 0.02 0.14 0.02 0.02 0.02 0.02 0.35 0.02 0.02 0.02 0.02 
0.02 0.44 0.02 0.08 0.02 0.02 0.44 0.02 0.32 0.02 0.38 0.02 0.38 0.32 0.26 0.02 0.08 0.26 0.02 0.02 0.14 0.02 0.02 0.02 0.02 0.38 0.02 0.02 0.02 0.02 
0.02 0.47 0.02 0.08 0.02 0.02 0.44 0.02 0.32 0.02 0.38 0.02 0.38 0.32 0.26 0.02 0.08 0.26 0.02 0.02 0.14 0.02 0.02 0.02 0.02 0.38 0.02 0.02 0.02 0.02 
0.02 0.5 0.02 0.08 0.02 0.02 0.44 0.02 0.32 0.02 0.38 0.02 0.38 0.32 0.26 0.02 0.08 0.26 0.02 0.02 0.14 0.02 0.02 0.02 0.02 0.38 0.02 0.02 0.02 0.02 
0.02 0.5 0.02 0.11 0.02 0.02 0.44 0.02 0.32 0.02 0.38 0.02 0.38 0.32 0.26 0.02 0.08 0.26 0.02 0.02 0.14 0.02 0.02 0.02 0.02 0.38 0.02 0.02 0.02 0.02 
0.02 0.5 0.02 0.14 0.02 0.02 0.44 0.02 0.32 0.02 0.38 0.02 0.38 0.32 0.26 0.02 0.08 0.26 0.02 0.02 0.14 0.02 0.02 0.02 0.02 0.38 0.02 0.02 0.02 0.02 
0.02 0.5 0.02 0.17 0.02 0.02 0.44 0.02 0.32 0.02 0.38 0.02 0.38 0.32 0.26 0.02 0.08 0.26 0.02 0.02 0.14 0.02 0.02 0.02 0.02 0.38 0.02 0.02 0.02 0.02 
0.02 0.5 0.02 0.2 0.02 0.02 0.44 0.02 0.32 0.02 0.38 0.02 0.38 0.32 0.26 0.02 0.08 0.26 0.02 0.02 0.14 0.02 0.02 0.02 0.02 0.38 0.02 0.02 0.02 0.02 
0.02 0.5 0.02 0.23 0.02 0.02 0.44 0.02 0.32 0.02 0.38 0.02 0.38 0.32 0.26 0.02 0.08 0.26 0.02 0.02 0.14 0.02 0.02 0.02 0.02 0.38 0.02 0.02 0.02 0.02 
0.02 0.5 0.02 0.26 0.02 0.02 0.44 0.02 0.32 0.02 0.38 0.02 0.38 0.32 0.26 0.02 0.08 0.26 0.02 0.02 0.14 0.02 0.02 0.02 0.02 0.38 0.02 0.02 0.02 0.02 
0.02 0.5 0.02 0.29 0.02 0.02 0.44 0.02 0.32 0.02 0.38 0.02 0.38 0.32 0.26 0.02 0.08 0.26 0.02 0.02 0.14 0.02 0.02 0.02 0.02 0.38 0.02 0.02 0.02 0.02 
0.02 0.5 0.02 0.32 0.02 0.02 0.44 0.02 0.32 0.02 0.38 0.02 0.38 0.32 0.26 0.02 0.08 0.26 0.02 0.02 0.14 0.02 0.02 0.02 0.02 0.38 0.02 0.02 0.02 0.02 
0.02 0.5 0.02 0.35 0.02 0.02 0.44 0.02 0.32 0.02 0.38 0.02 0.38 0.32 0.26 0.02 0.08 0.26 0.02 0.02 0.14 0.02 0.02 0.02 0.02 0.38 0.02 0.02 0.02 0.02 
0.02 0.5 0.02 0.38 0.02 0.02 0.44 0.02 0.32 0.02 0.38 0.02 0.38 0.32 0.26 0.02 0.08 0.26 0.02 0.02 0.14 0.02 0.02 0.02 0.02 0.38 0.02 0.02 0.02 0.02 
0.02 0.5 0.02 0.38 0.02 0.02 0.44 0.02 0.35 0.02 0.38 0.02 0.38 0.32 0.26 0.02 0.08 0.26 0.02 0.02 0.14 0.02 0.02 0.02 0.02 0.38 0.02 0.02 0.02 0.02 
0.02 0.5 0.02 0.38 0.02 0.02 0.44 0.02 0.38 0.02 0.38 0.02 0.38 0.32 0.26 0.02 0.08 0.26 0.02 0.02 0.14 0.02 0.02 0.02 0.02 0.38 0.02 0.02 0.02 0.02 
0.02 0.5 0.02 0.38 0.02 0.02 0.44 0.02 0.41 0.02 0.38 0.02 0.38 0.32 0.26 0.02 0.08 0.26 0.02 0.02 0.14 0.02 0.02 0.02 0.02 0.38 0.02 0.02 0.02 0.02 
0.02 0.5 0.02 0.38 0.02 0.02 0.44 0.02 0.44 0.02 0.38 0.02 0.38 0.32 0.26 0.02 0.08 0.26 0.02 0.02 0.14 0.02 0.02 0.02 0.02 0.38 0.02 0.02 0.02 0.02 
0.02 0.5 0.02 0.38 0.02 0.02 0.44 0.02 0.47 0.02 0.38 0.02 0.38 0.32 0.26 0.02 0.08 0.26 0.02 0.02 0.14 0.02 0.02 0.02 0.02 0.38 0.02 0.02 0.02 0.02 
0.02 0.5 0.02 0.38 0.02 0.02 0.44 0.02 0.5 0.02 0.38 0.02 0.38 0.32 0.26 0.02 0.08 0.26 0.02 0.02 0.14 0.02 0.02 0.02 0.02 0.38 0.02 0.02 0.02 0.02 
0.02 0.5 0.02 0.38 0.02 0.02 0.44 0.02 0.5 0.02 0.38 0.02 0.38 0.32 0.26 0.02 0.08 0.26 0.02 0.02 0.14 0.02 0.02 0.02 0.02 0.38 0.02 0.05 0.02 0.02 
0.02 0.5 0.02 0.38 0.02 0.02 0.44 0.02 0.5 0.02 0.38 0.02 0.38 0.32 0.26 0.02 0.08 0.26 0.02 0.02 0.14 0.02 0.02 0.02 0.02 0.38 0.02 0.08 0.02 0.02 
0.02 0.5 0.02 0.38 0.02 0.02 0.44 0.02 0.5 0.02 0.38 0.02 0.38 0.32 0.26 0.02 0.08 0.26 0.02 0.02 0.14 0.05 0.02 0.02 0.02 0.38 0.02 0.08 0.02 0.02 
0.02 0.5 0.02 0.38 0.02 0.02 0.44 0.02 0.5 0.02 0.38 0.02 0.38 0.32 0.26 0.02 0.08 0.26 0.02 0.02 0.14 0.08 0.02 0.02 0.02 0.38 0.02 0.08 0.02 0.02 
0.02 0.5 0.02 0.38 0.02 0.02 0.44 0.02 0.5 0.02 0.38 0.02 0.38 0.32 0.26 0.02 0.08 0.26 0.02 0.02 0.14 0.08 0.02 0.02 0.02 0.41 0.02 0.08 0.02 0.02 
0.02 0.5 0.02 0.38 0.02 0.02 0.44 0.02 0.5 0.02 0.38 0.02 0.38 0.32 0.26 0.02 0.08 0.26 0.02 0.02 0.14 0.08 0.02 0.02 0.02 0.44 0.02 0.08 0.02 0.02 
0.02 0.5 0.02 0.38 0.02 0.02 0.44 0.02 0.5 0.02 0.38 0.02 0.38 0.32 0.26 0.02 0.08 0.26 0.02 0.02 0.14 0.11 0.02 0.02 0.02 0.44 0.02 0.08 0.02 0.02 
0.02 0.5 0.02 0.38 0.02 0.02 0.44 0.02 0.5 0.02 0.38 0.02 0.38 0.32 0.26 0.02 0.08 0.26 0.02 0.02 0.14 0.14 0.02 0.02 0.02 0.44 0.02 0.08 0.02 0.02 
0.02 0.5 0.02 0.38 0.02 0.02 0.44 0.02 0.5 0.02 0.38 0.02 0.38 0.32 0.26 0.02 0.08 0.26 0.02 0.02 0.14 0.17 0.02 0.02 0.02 0.44 0.02 0.08 0.02 0.02 
0.02 0.5 0.02 0.38 0.02 0.02 0.44 0.02 0.5 0.02 0.38 0.02 0.38 0.32 0.26 0.02 0.08 0.26 0.02 0.02 0.14 0.2 0.02 0.02 0.02 0.44 0.02 0.08 0.02 0.02 
0.02 0.5 0.02 0.38 0.02 0.02 0.44 0.02 0.5 0.02 0.38 0.02 0.38 0.32 0.26 0.02 0.08 0.26 0.02 0.02 0.14 0.23 0.02 0.02 0.02 0.44 0.02 0.08 0.02 0.02 
0.02 0.5 0.02 0.38 0.02 0.02 0.44 0.02 0.5 0.02 0.38 0.02 0.38 0.32 0.26 0.02 0.08 0.26 0.02 0.02 0.14 0.26 0.02 0.02 0.02 0.44 0.02 0.08 0.02 0.02 
0.02 0.5 0.02 0.38 0.02 0.02 0.44 0.02 0.5 0.02 0.38 0.02 0.38 0.32 0.26 0.02 0.08 0.26 0.02 0.02 0.14 0.29 0.02 0.02 0.02 0.44 0.02 0.08 0.02 0.02 
0.02 0.5 0.02 0.38 0.02 0.02 0.44 0.02 0.5 0.02 0.38 0.02 0.38 0.32 0.26 0.02 0.08 0.26 0.02 0.02 0.14 0.32 0.02 0.02 0.02 0.44 0.02 0.08 0.02 0.02 
0.02 0.5 0.02 0.38 0.02 0.02 0.44 0.02 0.5 0.02 0.38 0.02 0.38 0.32 0.26 0.02 0.08 0.26 0.02 0.02 0.14 0.32 0.02 0.05 0.02 0.44 0.02 0.08 0.02 0.02 
0.02 0.5 0.02 0.38 0.02 0.02 0.44 0.02 0.5 0.02 0.38 0.02 0.38 0.32 0.26 0.02 0.08 0.26 0.02 0.02 0.14 0.32 0.02 0.08 0.02 0.44 0.02 0.08 0.02 0.02 
0.02 0.5 0.02 0.38 0.02 0.02 0.44 0.05 0.5 0.02 0.38 0.02 0.38 0.32 0.26 0.02 0.08 0.26 0.02 0.02 0.14 0.32 0.02 0.08 0.02 0.44 0.02 0.08 0.02 0.02 
0.02 0.5 0.02 0.38 0.02 0.02 0.44 0.08 0.5 0.02 0.38 0.02 0.38 0.32 0.26 0.02 0.08 0.26 0.02 0.02 0.14 0.32 0.02 0.08 0.02 0.44 0.02 0.08 0.02 0.02 
0.02 0.5 0.02 0.38 0.02 0.02 0.44 0.08 0.5 0.02 0.38 0.02 0.41 0.32 0.26 0.02 0.08 0.26 0.02 0.02 0.14 0.32 0.02 0.08 0.02 0.44 0.02 0.08 0.02 0.02 
0.02 0.5 0.02 0.38 0.02 0.02 0.44 0.08 0.5 0.02 0.38 0.02 0.44 0.32 0.26 0.02 0.08 0.26 0.02 0.02 0.14 0.32 0.02 0.08 0.02 0.44 0.02 0.08 0.02 0.02 
0.02 0.5 0.02 0.38 0.02 0.02 0.44 0.11 0.5 0.02 0.38 0.02 0.44 0.32 0.26 0.02 0.08 0.26 0.02 0.02 0.14 0.32 0.02 0.08 0.02 0.44 0.02 0.08 0.02 0.02 
0.02 0.5 0.02 0.38 0.02 0.02 0.44 0.14 0.5 0.02 0.38 0.02 0.44 0.32 0.26 0.02 0.08 0.26 0.02 0.02 0.14 0.32 0.02 0.08 0.02 0.44 0.02 0.08 0.02 0.02 
0.02 0.5 0.02 0.38 0.02 0.02 0.44 0.17 0.5 0.02 0.38 0.02 0.44 0.32 0.26 0.02 0.08 0.26 0.02 0.02 0.14 0.32 0.02 0.08 0.02 0.44 0.02 0.08 0.02 0.02 
0.02 0.5 0.02 0.38 0.02 0.02 0.44 0.2 0.5 0.02 0.38 0.02 0.44 0.32 0.26 0.02 0.08 0.26 0.02 0.02 0.14 0.32 0.02 0.08 0.02 0.44 0.02 0.08 0.02 0.02 
0.02 0.5 0.02 0.38 0.02 0.02 0.44 0.23 0.5 0.02 0.38 0.02 0.44 0.32 0.26 0.02 0.08 0.26 0.02 0.02 0.14 0.32 0.02 0.08 0.02 0.44 0.02 0.08 0.02 0.02 
0.02 0.5 0.02 0.38 0.02 0.02 0.44 0.26 0.5 0.02 0.38 0.02 0.44 0.32 0.26 0.02 0.08 0.26 0.02 0.02 0.14 0.32 0.02 0.08 0.02 0.44 0.02 0.08 0.02 0.02 
0.02 0.5 0.02 0.38 0.02 0.02 0.44 0.29 0.5 0.02 0.38 0.02 0.44 0.32 0.26 0.02 0.08 0.26 0.02 0.02 0.14 0.32 0.02 0.08 0.02 0.44 0.02 0.08 0.02 0.02 
0.02 0.5 0.02 0.38 0.02 0.02 0.44 0.32 0.5 0.02 0.38 0.02 0.44 0.32 0.26 0.02 0.08 0.26 0.02 0.02 0.14 0.32 0.02 0.08 0.02 0.44 0.02 0.08 0.02 0.02 
0.02 0.5 0.02 0.38 0.02 0.02 0.44 0.35 0.5 0.02 0.38 0.02 0.44 0.32 0.26 0.02 0.08 0.26 0.02 0.02 0.14 0.32 0.02 0.08 0.02 0.44 0.02 0.08 0.02 0.02 
0.02 0.5 0.02 0.38 0.02 0.02 0.44 0.38 0.5 0.02 0.38 0.02 0.44 0.32 0.26 0.02 0.08 0.26 0.02 0.02 0.14 0.32 0.02 0.08 0.02 0.44 0.02 0.08 0.02 0.02 
0.02 0.5 0.02 0.38 0.02 0.02 0.44 0.41 0.5 0.02 0.38 0.02 0.44 0.32 0.26 0.02 0.08 0.26 0.02 0.02 0.14 0.32 0.02 0.08 0.02 0.44 0.02 0.08 0.02 0.02 
0.02 0.5 0.02 0.38 0.02 0.02 0.44 0.44 0.5 0.02 0.38 0.02 0.44 0.32 0.26 0.02 0.08 0.26 0.02 0.02 0.14 0.32 0.02 0.08 0.02 0.44 0.02 0.08 0.02 0.02 
0.02 0.5 0.02 0.38 0.02 0.02 0.47 0.44 0.5 0.02 0.38 0.02 0.44 0.32 0.26 0.02 0.08 0.26 0.02 0.02 0.14 0.32 0.02 0.08 0.02 0.44 0.02 0.08 0.02 0.02 
0.02 0.5 0.02 0.38 0.02 0.02 0.5 0.44 0.5 0.02 0.38 0.02 0.44 0.32 0.26 0.02 0.08 0.26 0.02 0.02 0.14 0.32 0.02 0.08 0.02 0.44 0.02 0.08 0.02 0.02 
0.02 0.5 0.02 0.38 0.02 0.02 0.5 0.44 0.5 0.02 0.38 0.02 0.44 0.32 0.26 0.02 0.08 0.26 0.02 0.02 0.14 0.32 0.02 0.11 0.02 0.44 0.02 0.08 0.02 0.02 
0.02 0.5 0.02 0.38 0.02 0.02 0.5 0.44 0.5 0.02 0.38 0.02 0.44 0.32 0.26 0.02 0.08 0.26 0.02 0.02 0.14 0.32 0.02 0.14 0.02 0.44 0.02 0.08 0.02 0.02 
0.02 0.5 0.02 0.38 0.02 0.02 0.5 0.44 0.5 0.02 0.38 0.02 0.44 0.32 0.26 0.02 0.08 0.26 0.02 0.02 0.14 0.32 0.02 0.17 0.02 0.44 0.02 0.08 0.02 0.02 
0.02 0.5 0.02 0.38 0.02 0.02 0.5 0.44 0.5 0.02 0.38 0.02 0.44 0.32 0.26 0.02 0.08 0.26 0.02 0.02 0.14 0.32 0.02 0.2 0.02 0.44 0.02 0.08 0.02 0.02 
0.02 0.5 0.02 0.38 0.02 0.02 0.5 0.44 0.5 0.02 0.38 0.02 0.44 0.32 0.26 0.02 0.08 0.26 0.02 0.02 0.14 0.32 0.02 0.23 0.02 0.44 0.02 0.08 0.02 0.02 
0.02 0.5 0.02 0.38 0.02 0.02 0.5 0.44 0.5 0.02 0.38 0.02 0.44 0.32 0.26 0.02 0.08 0.26 0.02 0.02 0.14 0.32 0.02 0.26 0.02 0.44 0.02 0.08 0.02 0.02 
0.02 0.5 0.02 0.38 0.02 0.02 0.5 0.44 0.5 0.02 0.38 0.02 0.44 0.32 0.26 0.02 0.08 0.26 0.02 0.02 0.14 0.32 0.02 0.29 0.02 0.44 0.02 0.08 0.02 0.02 
0.02 0.5 0.02 0.38 0.02 0.02 0.5 0.44 0.5 0.02 0.38 0.02 0.44 0.32 0.26 0.02 0.08 0.26 0.02 0.02 0.14 0.32 0.02 0.32 0.02 0.44 0.02 0.08 0.02 0.02 
0.02 0.5 0.02 0.38 0.02 0.02 0.5 0.44 0.5 0.02 0.38 0.02 0.44 0.32 0.26 0.02 0.08 0.26 0.02 0.02 0.14 0.32 0.02 0.35 0.02 0.44 0.02 0.08 0.02 0.02 
0.02 0.5 0.02 0.38 0.02 0.02 0.5 0.44 0.5 0.02 0.38 0.02 0.44 0.32 0.26 0.02 0.08 0.26 0.02 0.02 0.14 0.32 0.02 0.38 0.02 0.44 0.02 0.08 0.02 0.02 
0.02 0.5 0.02 0.38 0.02 0.02 0.5 0.44 0.5 0.02 0.38 0.02 0.44 0.32 0.26 0.02 0.08 0.26 0.02 0.02 0.14 0.32 0.02 0.41 0.02 0.44 0.02 0.08 0.02 0.02 
0.02 0.5 0.02 0.38 0.02 0.02 0.5 0.44 0.5 0.02 0.38 0.02 0.44 0.32 0.26 0.02 0.08 0.26 0.02 0.02 0.14 0.32 0.02 0.44 0.02 0.44 0.02 0.08 0.02 0.02 
0.02 0.5 0.02 0.38 0.02 0.02 0.5 0.44 0.5 0.02 0.38 0.02 0.44 0.32 0.26 0.02 0.08 0.26 0.02 0.02 0.14 0.32 0.02 0.47 0.02 0.44 0.02 0.08 0.02 0.02 
0.02 0.5 0.02 0.38 0.02 0.02 0.5 0.44 0.5 0.02 0.38 0.02 0.44 0.32 0.26 0.02 0.08 0.26 0.02 0.02 0.14 0.32 0.02 0.5 0.02 0.44 0.02 0.08 0.02 0.02 
0.02 0.5 0.02 0.38 0.05 0.02 0.5 0.44 0.5 0.02 0.38 0.02 0.44 0.32 0.26 0.02 0.08 0.26 0.02 0.02 0.14 0.32 0.02 0.5 0.02 0.44 0.02 0.08 0.02 0.02 
0.02 0.5 0.02 0.38 0.08 0.02 0.5 0.44 0.5 0.02 0.38 0.02 0.44 0.32 0.26 0.02 0.08 0.26 0.02 0.02 0.14 0.32 0.02 0.5 0.02 0.44 0.02 0.08 0.02 0.02 
0.02 0.5 0.02 0.38 0.08 0.02 0.5 0.44 0.5 0.02 0.38 0.02 0.44 0.32 0.26 0.02 0.08 0.29 0.02 0.02 0.14 0.32 0.02 0.5 0.02 0.44 0.02 0.08 0.02 0.02 
0.02 0.5 0.02 0.38 0.08 0.02 0.5 0.44 0.5 0.02 0.38 0.02 0.44 0.32 0.26 0.02 0.08 0.32 0.02 0.02 0.14 0.32 0.02 0.5 0.02 0.44 0.02 0.08 0.02 0.02 
0.02 0.5 0.02 0.38 0.08 0.02 0.5 0.44 0.5 0.02 0.38 0.02 0.44 0.32 0.26 0.02 0.08 0.35 0.02 0.02 0.14 0.32 0.02 0.5 0.02 0.44 0.02 0.08 0.02 0.02 
0.02 0.5 0.02 0.38 0.08 0.02 0.5 0.44 0.5 0.02 0.38 0.02 0.44 0.32 0.26 0.02 0.08 0.38 0.02 0.02 0.14 0.32 0.02 0.5 0.02 0.44 0.02 0.08 0.02 0.02 
0.02 0.5 0.02 0.38 0.08 0.02 0.5 0.44 0.5 0.02 0.38 0.02 0.44 0.32 0.26 0.02 0.08 0.41 0.02 0.02 0.14 0.32 0.02 0.5 0.02 0.44 0.02 0.08 0.02 0.02 
0.02 0.5 0.02 0.38 0.08 0.02 0.5 0.44 0.5 0.02 0.38 0.02 0.44 0.32 0.26 0.02 0.08 0.44 0.02 0.02 0.14 0.32 0.02 0.5 0.02 0.44 0.02 0.08 0.02 0.02 
0.02 0.5 0.02 0.38 0.08 0.02 0.5 0.44 0.5 0.02 0.38 0.02 0.44 0.32 0.26 0.02 0.08 0.47 0.02 0.02 0.14 0.32 0.02 0.5 0.02 0.44 0.02 0.08 0.02 0.02 
0.02 0.5 0.02 0.38 0.08 0.02 0.5 0.44 0.5 0.02 0.38 0.02 0.44 0.32 0.26 0.02 0.08 0.5 0.02 0.02 0.14 0.32 0.02 0.5 0.02 0.44 0.02 0.08 0.02 0.02 
0.02 0.5 0.02 0.38 0.08 0.02 0.5 0.44 0.5 0.02 0.38 0.02 0.44 0.35 0.26 0.02 0.08 0.5 0.02 0.02 0.14 0.32 0.02 0.5 0.02 0.44 0.02 0.08 0.02 0.02 
0.02 0.5 0.02 0.38 0.08 0.02 0.5 0.44 0.5 0.02 0.38 0.02 0.44 0.38 0.26 0.02 0.08 0.5 0.02 0.02 0.14 0.32 0.02 0.5 0.02 0.44 0.02 0.08 0.02 0.02 
0.02 0.5 0.02 0.38 0.08 0.02 0.5 0.44 0.5 0.02 0.38 0.02 0.44 0.38 0.26 0.02 0.11 0.5 0.02 0.02 0.14 0.32 0.02 0.5 0.02 0.44 0.02 0.08 0.02 0.02 
0.02 0.5 0.02 0.38 0.08 0.02 0.5 0.44 0.5 0.02 0.38 0.02 0.44 0.38 0.26 0.02 0.14 0.5 0.02 0.02 0.14 0.32 0.02 0.5 0.02 0.44 0.02 0.08 0.02 0.02 
0.02 0.5 0.02 0.38 0.08 0.02 0.5 0.44 0.5 0.02 0.38 0.02 0.44 0.38 0.26 0.02 0.17 0.5 0.02 0.02 0.14 0.32 0.02 0.5 0.02 0.44 0.02 0.08 0.02 0.02 
0.02 0.5 0.02 0.38 0.08 0.02 0.5 0.44 0.5 0.02 0.38 0.02 0.44 0.38 0.26 0.02 0.2 0.5 0.02 0.02 0.14 0.32 0.02 0.5 0.02 0.44 0.02 0.08 0.02 0.02 
0.02 0.5 0.02 0.38 0.08 0.02 0.5 0.44 0.5 0.02 0.38 0.02 0.44 0.38 0.26 0.02 0.23 0.5 0.02 0.02 0.14 0.32 0.02 0.5 0.02 0.44 0.02 0.08 0.02 0.02 
0.02 0.5 0.02 0.38 0.08 0.02 0.5 0.44 0.5 0.02 0.38 0.02 0.44 0.38 0.26 0.02 0.26 0.5 0.02 0.02 0.14 0.32 0.02 0.5 0.02 0.44 0.02 0.08 0.02 0.02 
0.02 0.5 0.02 0.38 0.08 0.02 0.5 0.44 0.5 0.02 0.38 0.02 0.44 0.38 0.26 0.02 0.29 0.5 0.02 0.02 0.14 0.32 0.02 0.5 0.02 0.44 0.02 0.08 0.02 0.02 
0.02 0.5 0.02 0.38 0.08 0.02 0.5 0.44 0.5 0.02 0.38 0.02 0.44 0.38 0.26 0.02 0.32 0.5 0.02 0.02 0.14 0.32 0.02 0.5 0.02 0.44 0.02 0.08 0.02 0.02 
0.02 0.5 0.02 0.38 0.08 0.02 0.5 0.44 0.5 0.02 0.38 0.02 0.44 0.38 0.26 0.02 0.35 0.5 0.02 0.02 0.14 0.32 0.02 0.5 0.02 0.44 0.02 0.08 0.02 0.02 
0.02 0.5 0.02 0.38 0.08 0.02 0.5 0.44 0.5 0.02 0.38 0.02 0.44 0.38 0.26 0.02 0.38 0.5 0.02 0.02 0.14 0.32 0.02 0.5 0.02 0.44 0.02 0.08 0.02 0.02 
0.02 0.5 0.02 0.38 0.08 0.02 0.5 0.44 0.5 0.02 0.38 0.02 0.44 0.38 0.26 0.02 0.41 0.5 0.02 0.02 0.14 0.32 0.02 0.5 0.02 0.44 0.02 0.08 0.02 0.02 
0.02 0.5 0.02 0.38 0.08 0.02 0.5 0.44 0.5 0.02 0.38 0.02 0.44 0.38 0.26 0.02 0.44 0.5 0.02 0.02 0.14 0.32 0.02 0.5 0.02 0.44 0.02 0.08 0.02 0.02 
0.02 0.5 0.02 0.38 0.08 0.02 0.5 0.44 0.5 0.02 0.38 0.02 0.44 0.38 0.26 0.05 0.44 0.5 0.02 0.02 0.14 0.32 0.02 0.5 0.02 0.44 0.02 0.08 0.02 0.02 
0.02 0.5 0.02 0.38 0.08 0.02 0.5 0.44 0.5 0.02 0.38 0.02 0.44 0.38 0.26 0.08 0.44 0.5 0.02 0.02 0.14 0.32 0.02 0.5 0.02 0.44 0.02 0.08 0.02 0.02 
0.02 0.5 0.02 0.38 0.08 0.02 0.5 0.44 0.5 0.02 0.38 0.02 0.44 0.38 0.26 0.08 0.44 0.5 0.02 0.02 0.14 0.35 0.02 0.5 0.02 0.44 0.02 0.08 0.02 0.02 
0.02 0.5 0.02 0.38 0.08 0.02 0.5 0.44 0.5 0.02 0.38 0.02 0.44 0.38 0.26 0.08 0.44 0.5 0.02 0.02 0.14 0.38 0.02 0.5 0.02 0.44 0.02 0.08 0.02 0.02 
0.02 0.5 0.02 0.38 0.08 0.02 0.5 0.44 0.5 0.02 0.38 0.02 0.44 0.38 0.26 0.11 0.44 0.5 0.02 0.02 0.14 0.38 0.02 0.5 0.02 0.44 0.02 0.08 0.02 0.02 
0.02 0.5 0.02 0.38 0.08 0.02 0.5 0.44 0.5 0.02 0.38 0.02 0.44 0.38 0.26 0.14 0.44 0.5 0.02 0.02 0.14 0.38 0.02 0.5 0.02 0.44 0.02 0.08 0.02 0.02 
0.02 0.5 0.02 0.38 0.08 0.02 0.5 0.44 0.5 0.02 0.38 0.02 0.44 0.38 0.26 0.17 0.44 0.5 0.02 0.02 0.14 0.38 0.02 0.5 0.02 0.44 0.02 0.08 0.02 0.02 
0.02 0.5 0.02 0.38 0.08 0.02 0.5 0.44 0.5 0.02 0.38 0.02 0.44 0.38 0.26 0.2 0.44 0.5 0.02 0.02 0.14 0.38 0.02 0.5 0.02 0.44 0.02 0.08 0.02 0.02 
0.02 0.5 0.02 0.38 0.08 0.02 0.5 0.44 0.5 0.02 0.38 0.02 0.44 0.38 0.26 0.23 0.44 0.5 0.02 0.02 0.14 0.38 0.02 0.5 0.02 0.44 0.02 0.08 0.02 0.02 
0.02 0.5 0.02 0.38 0.08 0.02 0.5 0.44 0.5 0.02 0.38 0.02 0.44 0.38 0.26 0.26 0.44 0.5 0.02 0.02 0.14 0.38 0.02 0.5 0.02 0.44 0.02 0.08 0.02 0.02 
0.02 0.5 0.02 0.38 0.08 0.02 0.5 0.44 0.5 0.02 0.38 0.02 0.47 0.38 0.26 0.26 0.44 0.5 0.02 0.02 0.14 0.38 0.02 0.5 0.02 0.44 0.02 0.08 0.02 0.02 
0.02 0.5 0.02 0.38 0.08 0.02 0.5 0.44 0.5 0.02 0.38 0.02 0.5 0.38 0.26 0.26 0.44 0.5 0.02 0.02 0.14 0.38 0.02 0.5 0.02 0.44 0.02 0.08 0.02 0.02 
0.02 0.5 0.02 0.38 0.08 0.02 0.5 0.44 0.5 0.02 0.38 0.02 0.5 0.38 0.26 0.26 0.44 0.5 0.02 0.02 0.14 0.38 0.05 0.5 0.02 0.44 0.02 0.08 0.02 0.02 
0.02 0.5 0.02 0.38 0.08 0.02 0.5 0.44 0.5 0.02 0.38 0.02 0.5 0.38 0.26 0.26 0.44 0.5 0.02 0.02 0.14 0.38 0.08 0.5 0.02 0.44 0.02 0.08 0.02 0.02 
0.02 0.5 0.02 0.38 0.08 0.02 0.5 0.44 0.5 0.02 0.38 0.02 0.5 0.38 0.26 0.26 0.44 0.5 0.02 0.02 0.14 0.38 0.08 0.5 0.02 0.44 0.02 0.11 0.02 0.02 
0.02 0.5 0.02 0.38 0.08 0.02 0.5 0.44 0.5 0.02 0.38 0.02 0.5 0.38 0.26 0.26 0.44 0.5 0.02 0.02 0.14 0.38 0.08 0.5 0.02 0.44 0.02 0.14 0.02 0.02 
0.02 0.5 0.02 0.38 0.08 0.02 0.5 0.44 0.5 0.02 0.38 0.02 0.5 0.38 0.26 0.26 0.44 0.5 0.02 0.02 0.14 0.38 0.08 0.5 0.02 0.44 0.02 0.17 0.02 0.02 
0.02 0.5 0.02 0.38 0.08 0.02 0.5 0.44 0.5 0.02 0.38 0.02 0.5 0.38 0.26 0.26 0.44 0.5 0.02 0.02 0.14 0.38 0.08 0.5 0.02 0.44 0.02 0.2 0.02 0.02 
0.02 0.5 0.02 0.38 0.08 0.02 0.5 0.44 0.5 0.02 0.38 0.02 0.5 0.38 0.26 0.26 0.44 0.5 0.02 0.02 0.14 0.38 0.08 0.5 0.02 0.44 0.02 0.23 0.02 0.02 
0.02 0.5 0.02 0.38 0.08 0.02 0.5 0.44 0.5 0.02 0.38 0.02 0.5 0.38 0.26 0.26 0.44 0.5 0.02 0.02 0.14 0.38 0.08 0.5 0.02 0.44 0.02 0.26 0.02 0.02 
0.02 0.5 0.02 0.38 0.08 0.02 0.5 0.44 0.5 0.02 0.38 0.02 0.5 0.38 0.26 0.26 0.44 0.5 0.02 0.02 0.14 0.41 0.08 0.5 0.02 0.44 0.02 0.26 0.02 0.02 
0.02 0.5 0.02 0.38 0.08 0.02 0.5 0.44 0.5 0.02 0.38 0.02 0.5 0.38 0.26 0.26 0.44 0.5 0.02 0.02 0.14 0.44 0.08 0.5 0.02 0.44 0.02 0.26 0.02 0.02 
0.02 0.5 0.02 0.38 0.08 0.02 0.5 0.44 0.5 0.02 0.38 0.02 0.5 0.38 0.26 0.26 0.44 0.5 0.02 0.02 0.14 0.44 0.08 0.5 0.02 0.44 0.02 0.29 0.02 0.02 
0.02 0.5 0.02 0.38 0.08 0.02 0.5 0.44 0.5 0.02 0.38 0.02 0.5 0.38 0.26 0.26 0.44 0.5 0.02 0.02 0.14 0.44 0.08 0.5 0.02 0.44 0.02 0.32 0.02 0.02 
0.02 0.5 0.02 0.38 0.08 0.02 0.5 0.44 0.5 0.02 0.38 0.02 0.5 0.38 0.26 0.26 0.44 0.5 0.02 0.02 0.14 0.44 0.08 0.5 0.02 0.44 0.02 0.35 0.02 0.02 
0.02 0.5 0.02 0.38 0.08 0.02 0.5 0.44 0.5 0.02 0.38 0.02 0.5 0.38 0.26 0.26 0.44 0.5 0.02 0.02 0.14 0.44 0.08 0.5 0.02 0.44 0.02 0.38 0.02 0.02 
0.02 0.5 0.02 0.38 0.08 0.02 0.5 0.44 0.5 0.02 0.38 0.02 0.5 0.38 0.26 0.26 0.44 0.5 0.02 0.02 0.14 0.44 0.08 0.5 0.02 0.44 0.02 0.41 0.02 0.02 
0.02 0.5 0.02 0.38 0.08 0.02 0.5 0.44 0.5 0.02 0.38 0.02 0.5 0.38 0.26 0.26 0.44 0.5 0.02 0.02 0.14 0.44 0.08 0.5 0.02 0.44 0.02 0.44 0.02 0.02 
0.02 0.5 0.02 0.38 0.08 0.02 0.5 0.44 0.5 0.02 0.38 0.02 0.5 0.38 0.26 0.26 0.44 0.5 0.02 0.02 0.14 0.44 0.08 0.5 0.02 0.44 0.02 0.47 0.02 0.02 
0.02 0.5 0.02 0.38 0.08 0.02 0.5 0.44 0.5 0.02 0.38 0.02 0.5 0.38 0.26 0.26 0.44 0.5 0.02 0.02 0.14 0.44 0.08 0.5 0.02 0.44 0.02 0.5 0.02 0.02 
0.02 0.5 0.02 0.38 0.08 0.02 0.5 0.44 0.5 0.02 0.38 0.02 0.5 0.38 0.26 0.26 0.44 0.5 0.02 0.02 0.14 0.44 0.08 0.5 0.02 0.44 0.02 0.5 0.02 0.05 
0.02 0.5 0.02 0.38 0.08 0.02 0.5 0.44 0.5 0.02 0.38 0.02 0.5 0.38 0.26 0.26 0.44 0.5 0.02 0.02 0.14 0.44 0.08 0.5 0.02 0.44 0.02 0.5 0.02 0.08 
0.02 0.5 0.02 0.38 0.08 0.02 0.5 0.44 0.5 0.02 0.38 0.02 0.5 0.38 0.26 0.26 0.44 0.5 0.02 0.02 0.14 0.44 0.08 0.5 0.02 0.44 0.05 0.5 0.02 0.08 
0.02 0.5 0.02 0.38 0.08 0.02 0.5 0.44 0.5 0.02 0.38 0.02 0.5 0.38 0.26 0.26 0.44 0.5 0.02 0.02 0.14 0.44 0.08 0.5 0.02 0.44 0.08 0.5 0.02 0.08 
0.02 0.5 0.02 0.38 0.08 0.02 0.5 0.44 0.5 0.02 0.38 0.02 0.5 0.38 0.29 0.26 0.44 0.5 0.02 0.02 0.14 0.44 0.08 0.5 0.02 0.44 0.08 0.5 0.02 0.08 
0.02 0.5 0.02 0.38 0.08 0.02 0.5 0.44 0.5 0.02 0.38 0.02 0.5 0.38 0.32 0.26 0.44 0.5 0.02 0.02 0.14 0.44 0.08 0.5 0.02 0.44 0.08 0.5 0.02 0.08 
0.02 0.5 0.02 0.38 0.08 0.02 0.5 0.44 0.5 0.02 0.38 0.02 0.5 0.38 0.32 0.26 0.44 0.5 0.02 0.02 0.14 0.44 0.08 0.5 0.02 0.44 0.11 0.5 0.02 0.08 
0.02 0.5 0.02 0.38 0.08 0.02 0.5 0.44 0.5 0.02 0.38 0.02 0.5 0.38 0.32 0.26 0.44 0.5 0.02 0.02 0.14 0.44 0.08 0.5 0.02 0.44 0.14 0.5 0.02 0.08 
0.02 0.5 0.02 0.38 0.08 0.02 0.5 0.44 0.5 0.02 0.38 0.02 0.5 0.38 0.32 0.26 0.44 0.5 0.02 0.02 0.14 0.44 0.08 0.5 0.02 0.44 0.17 0.5 0.02 0.08 
0.02 0.5 0.02 0.38 0.08 0.02 0.5 0.44 0.5 0.02 0.38 0.02 0.5 0.38 0.32 0.26 0.44 0.5 0.02 0.02 0.14 0.44 0.08 0.5 0.02 0.44 0.2 0.5 0.02 0.08 
0.02 0.5 0.02 0.38 0.08 0.02 0.5 0.44 0.5 0.02 0.38 0.02 0.5 0.38 0.32 0.26 0.44 0.5 0.02 0.02 0.14 0.44 0.08 0.5 0.02 0.44 0.23 0.5 0.02 0.08 
0.02 0.5 0.02 0.38 0.08 0.02 0.5 0.44 0.5 0.02 0.38 0.02 0.5 0.38 0.32 0.26 0.44 0.5 0.02 0.02 0.14 0.44 0.08 0.5 0.02 0.44 0.26 0.5 0.02 0.08 
0.02 0.5 0.02 0.38 0.08 0.02 0.5 0.44 0.5 0.02 0.38 0.02 0.5 0.38 0.32 0.26 0.47 0.5 0.02 0.02 0.14 0.44 0.08 0.5 0.02 0.44 0.26 0.5 0.02 0.08 
0.02 0.5 0.02 0.38 0.08 0.02 0.5 0.44 0.5 0.02 0.38 0.02 0.5 0.38 0.32 0.26 0.5 0.5 0.02 0.02 0.14 0.44 0.08 0.5 0.02 0.44 0.26 0.5 0.02 0.08 
0.02 0.5 0.02 0.38 0.08 0.02 0.5 0.44 0.5 0.02 0.38 0.02 0.5 0.38 0.32 0.26 0.5 0.5 0.02 0.02 0.14 0.44 0.08 0.5 0.02 0.44 0.29 0.5 0.02 0.08 
0.02 0.5 0.02 0.38 0.08 0.02 0.5 0.44 0.5 0.02 0.38 0.02 0.5 0.38 0.32 0.26 0.5 0.5 0.02 0.02 0.14 0.44 0.08 0.5 0.02 0.44 0.32 0.5 0.02 0.08 
0.02 0.5 0.02 0.38 0.08 0.02 0.5 0.44 0.5 0.02 0.38 0.02 0.5 0.38 0.32 0.26 0.5 0.5 0.02 0.02 0.14 0.44 0.08 0.5 0.02 0.44 0.35 0.5 0.02 0.08 
0.02 0.5 0.02 0.38 0.08 0.02 0.5 0.44 0.5 0.02 0.38 0.02 0.5 0.38 0.32 0.26 0.5 0.5 0.02 0.02 0.14 0.44 0.08 0.5 0.02 0.44 0.38 0.5 0.02 0.08 
0.02 0.5 0.02 0.38 0.08 0.02 0.5 0.44 0.5 0.02 0.38 0.02 0.5 0.38 0.32 0.26 0.5 0.5 0.02 0.02 0.14 0.44 0.08 0.5 0.02 0.44 0.41 0.5 0.02 0.08 
0.02 0.5 0.02 0.38 0.08 0.02 0.5 0.44 0.5 0.02 0.38 0.02 0.5 0.38 0.32 0.26 0.5 0.5 0.02 0.02 0.14 0.44 0.08 0.5 0.02 0.44 0.44 0.5 0.02 0.08 
0.02 0.5 0.02 0.38 0.08 0.02 0.5 0.44 0.5 0.02 0.38 0.02 0.5 0.38 0.32 0.26 0.5 0.5 0.02 0.02 0.14 0.44 0.08 0.5 0.02 0.44 0.47 0.5 0.02 0.08 
0.02 0.5 0.02 0.38 0.08 0.02 0.5 0.44 0.5 0.02 0.38 0.02 0.5 0.38 0.32 0.26 0.5 0.5 0.02 0.02 0.14 0.44 0.08 0.5 0.02 0.44 0.5 0.5 0.02 0.08 
0.02 0.5 0.02 0.38 0.08 0.02 0.5 0.44 0.5 0.02 0.38 0.02 0.5 0.38 0.32 0.26 0.5 0.5 0.05 0.02 0.14 0.44 0.08 0.5 0.02 0.44 0.5 0.5 0.02 0.08 
0.02 0.5 0.02 0.38 0.08 0.02 0.5 0.44 0.5 0.02 0.38 0.02 0.5 0.38 0.32 0.26 0.5 0.5 0.08 0.02 0.14 0.44 0.08 0.5 0.02 0.44 0.5 0.5 0.02 0.08 
0.02 0.5 0.02 0.38 0.08 0.02 0.5 0.47 0.5 0.02 0.38 0.02 0.5 0.38 0.32 0.26 0.5 0.5 0.08 0.02 0.14 0.44 0.08 0.5 0.02 0.44 0.5 0.5 0.02 0.08 
0.02 0.5 0.02 0.38 0.08 0.02 0.5 0.5 0.5 0.02 0.38 0.02 0.5 0.38 0.32 0.26 0.5 0.5 0.08 0.02 0.14 0.44 0.08 0.5 0.02 0.44 0.5 0.5 0.02 0.08 
0.02 0.5 0.02 0.38 0.08 0.02 0.5 0.5 0.5 0.02 0.38 0.02 0.5 0.38 0.32 0.26 0.5 0.5 0.11 0.02 0.14 0.44 0.08 0.5 0.02 0.44 0.5 0.5 0.02 0.08 
0.02 0.5 0.02 0.38 0.08 0.02 0.5 0.5 0.5 0.02 0.38 0.02 0.5 0.38 0.32 0.26 0.5 0.5 0.14 0.02 0.14 0.44 0.08 0.5 0.02 0.44 0.5 0.5 0.02 0.08 
0.02 0.5 0.02 0.38 0.08 0.02 0.5 0.5 0.5 0.02 0.38 0.02 0.5 0.38 0.35 0.26 0.5 0.5 0.14 0.02 0.14 0.44 0.08 0.5 0.02 0.44 0.5 0.5 0.02 0.08 
0.02 0.5 0.02 0.38 0.08 0.02 0.5 0.5 0.5 0.02 0.38 0.02 0.5 0.38 0.38 0.26 0.5 0.5 0.14 0.02 0.14 0.44 0.08 0.5 0.02 0.44 0.5 0.5 0.02 0.08 
0.02 0.5 0.02 0.38 0.08 0.02 0.5 0.5 0.5 0.02 0.38 0.02 0.5 0.38 0.38 0.26 0.5 0.5 0.17 0.02 0.14 0.44 0.08 0.5 0.02 0.44 0.5 0.5 0.02 0.08 
0.02 0.5 0.02 0.38 0.08 0.02 0.5 0.5 0.5 0.02 0.38 0.02 0.5 0.38 0.38 0.26 0.5 0.5 0.2 0.02 0.14 0.44 0.08 0.5 0.02 0.44 0.5 0.5 0.02 0.08 
0.02 0.5 0.02 0.38 0.08 0.02 0.5 0.5 0.5 0.02 0.38 0.02 0.5 0.38 0.38 0.26 0.5 0.5 0.23 0.02 0.14 0.44 0.08 0.5 0.02 0.44 0.5 0.5 0.02 0.08 
0.02 0.5 0.02 0.38 0.08 0.02 0.5 0.5 0.5 0.02 0.38 0.02 0.5 0.38 0.38 0.26 0.5 0.5 0.26 0.02 0.14 0.44 0.08 0.5 0.02 0.44 0.5 0.5 0.02 0.08 
0.02 0.5 0.02 0.38 0.08 0.02 0.5 0.5 0.5 0.02 0.38 0.02 0.5 0.38 0.41 0.26 0.5 0.5 0.26 0.02 0.14 0.44 0.08 0.5 0.02 0.44 0.5 0.5 0.02 0.08 
0.02 0.5 0.02 0.38 0.08 0.02 0.5 0.5 0.5 0.02 0.38 0.02 0.5 0.38 0.44 0.26 0.5 0.5 0.26 0.02 0.14 0.44 0.08 0.5 0.02 0.44 0.5 0.5 0.02 0.08 
0.02 0.5 0.02 0.38 0.08 0.02 0.5 0.5 0.5 0.02 0.38 0.02 0.5 0.38 0.44 0.26 0.5 0.5 0.29 0.02 0.14 0.44 0.08 0.5 0.02 0.44 0.5 0.5 0.02 0.08 
0.02 0.5 0.02 0.38 0.08 0.02 0.5 0.5 0.5 0.02 0.38 0.02 0.5 0.38 0.44 0.26 0.5 0.5 0.32 0.02 0.14 0.44 0.08 0.5 0.02 0.44 0.5 0.5 0.02 0.08 
0.02 0.5 0.02 0.38 0.08 0.02 0.5 0.5 0.5 0.02 0.38 0.02 0.5 0.38 0.44 0.26 0.5 0.5 0.35 0.02 0.14 0.44 0.08 0.5 0.02 0.44 0.5 0.5 0.02 0.08 
0.02 0.5 0.02 0.38 0.08 0.02 0.5 0.5 0.5 0.02 0.38 0.02 0.5 0.38 0.44 0.26 0.5 0.5 0.38 0.02 0.14 0.44 0.08 0.5 0.02 0.44 0.5 0.5 0.02 0.08 
0.02 0.5 0.02 0.38 0.08 0.02 0.5 0.5 0.5 0.02 0.38 0.02 0.5 0.38 0.44 0.26 0.5 0.5 0.41 0.02 0.14 0.44 0.08 0.5 0.02 0.44 0.5 0.5 0.02 0.08 
0.02 0.5 0.02 0.38 0.08 0.02 0.5 0.5 0.5 0.02 0.38 0.02 0.5 0.38 0.44 0.26 0.5 0.5 0.44 0.02 0.14 0.44 0.08 0.5 0.02 0.44 0.5 0.5 0.02 0.08 
0.02 0.5 0.02 0.38 0.08 0.02 0.5 0.5 0.5 0.02 0.38 0.02 0.5 0.38 0.44 0.26 0.5 0.5 0.47 0.02 0.14 0.44 0.08 0.5 0.02 0.44 0.5 0.5 0.02 0.08 
0.02 0.5 0.02 0.38 0.08 0.02 0.5 0.5 0.5 0.02 0.38 0.02 0.5 0.38 0.44 0.26 0.5 0.5 0.5 0.02 0.14 0.44 0.08 0.5 0.02 0.44 0.5 0.5 0.02 0.08 
0.02 0.5 0.02 0.38 0.08 0.02 0.5 0.5 0.5 0.02 0.38 0.02 0.5 0.38 0.47 0.26 0.5 0.5 0.5 0.02 0.14 0.44 0.08 0.5 0.02 0.44 0.5 0.5 0.02 0.08 
0.02 0.5 0.02 0.38 0.08 0.02 0.5 0.5 0.5 0.02 0.38 0.02 0.5 0.38 0.5 0.26 0.5 0.5 0.5 0.02 0.14 0.44 0.08 0.5 0.02 0.44 0.5 0.5 0.02 0.08 
0.02 0.5 0.02 0.38 0.08 0.02 0.5 0.5 0.5 0.02 0.38 0.02 0.5 0.38 0.5 0.26 0.5 0.5 0.5 0.02 0.17 0.44 0.08 0.5 0.02 0.44 0.5 0.5 0.02 0.08 
0.02 0.5 0.02 0.38 0.08 0.02 0.5 0.5 0.5 0.02 0.38 0.02 0.5 0.38 0.5 0.26 0.5 0.5 0.5 0.02 0.2 0.44 0.08 0.5 0.02 0.44 0.5 0.5 0.02 0.08 
0.02 0.5 0.02 0.38 0.08 0.02 0.5 0.5 0.5 0.02 0.38 0.02 0.5 0.38 0.5 0.26 0.5 0.5 0.5 0.02 0.23 0.44 0.08 0.5 0.02 0.44 0.5 0.5 0.02 0.08 
0.02 0.5 0.02 0.38 0.08 0.02 0.5 0.5 0.5 0.02 0.38 0.02 0.5 0.38 0.5 0.26 0.5 0.5 0.5 0.02 0.26 0.44 0.08 0.5 0.02 0.44 0.5 0.5 0.02 0.08 
0.02 0.5 0.02 0.38 0.08 0.02 0.5 0.5 0.5 0.02 0.38 0.02 0.5 0.38 0.5 0.26 0.5 0.5 0.5 0.02 0.29 0.44 0.08 0.5 0.02 0.44 0.5 0.5 0.02 0.08 
0.02 0.5 0.02 0.38 0.08 0.02 0.5 0.5 0.5 0.02 0.38 0.02 0.5 0.38 0.5 0.26 0.5 0.5 0.5 0.02 0.32 0.44 0.08 0.5 0.02 0.44 0.5 0.5 0.02 0.08 
0.02 0.5 0.02 0.38 0.08 0.02 0.5 0.5 0.5 0.02 0.38 0.02 0.5 0.38 0.5 0.26 0.5 0.5 0.5 0.02 0.35 0.44 0.08 0.5 0.02 0.44 0.5 0.5 0.02 0.08 
0.02 0.5 0.02 0.38 0.08 0.02 0.5 0.5 0.5 0.02 0.38 0.02 0.5 0.38 0.5 0.26 0.5 0.5 0.5 0.02 0.38 0.44 0.08 0.5 0.02 0.44 0.5 0.5 0.02 0.08 
0.02 0.5 0.02 0.38 0.08 0.02 0.5 0.5 0.5 0.02 0.38 0.02 0.5 0.38 0.5 0.26 0.5 0.5 0.5 0.02 0.38 0.44 0.08 0.5 0.02 0.44 0.5 0.5 0.05 0.08 
0.02 0.5 0.02 0.38 0.08 0.02 0.5 0.5 0.5 0.02 0.38 0.02 0.5 0.38 0.5 0.26 0.5 0.5 0.5 0.02 0.38 0.44 0.08 0.5 0.02 0.44 0.5 0.5 0.08 0.08 
0.02 0.5 0.02 0.38 0.08 0.02 0.5 0.5 0.5 0.02 0.38 0.02 0.5 0.38 0.5 0.26 0.5 0.5 0.5 0.02 0.41 0.44 0.08 0.5 0.02 0.44 0.5 0.5 0.08 0.08 
0.02 0.5 0.02 0.38 0.08 0.02 0.5 0.5 0.5 0.02 0.38 0.02 0.5 0.38 0.5 0.26 0.5 0.5 0.5 0.02 0.44 0.44 0.08 0.5 0.02 0.44 0.5 0.5 0.08 0.08 
0.02 0.5 0.02 0.41 0.08 0.02 0.5 0.5 0.5 0.02 0.38 0.02 0.5 0.38 0.5 0.26 0.5 0.5 0.5 0.02 0.44 0.44 0.08 0.5 0.02 0.44 0.5 0.5 0.08 0.08 
0.02 0.5 0.02 0.44 0.08 0.02 0.5 0.5 0.5 0.02 0.38 0.02 0.5 0.38 0.5 0.26 0.5 0.5 0.5 0.02 0.44 0.44 0.08 0.5 0.02 0.44 0.5 0.5 0.08 0.08 
0.02 0.5 0.02 0.44 0.08 0.02 0.5 0.5 0.5 0.02 0.38 0.02 0.5 0.38 0.5 0.26 0.5 0.5 0.5 0.02 0.44 0.44 0.08 0.5 0.02 0.44 0.5 0.5 0.11 0.08 
0.02 0.5 0.02 0.44 0.08 0.02 0.5 0.5 0.5 0.02 0.38 0.02 0.5 0.38 0.5 0.26 0.5 0.5 0.5 0.02 0.44 0.44 0.08 0.5 0.02 0.44 0.5 0.5 0.14 0.08 
0.02 0.5 0.02 0.44 0.08 0.02 0.5 0.5 0.5 0.02 0.38 0.02 0.5 0.38 0.5 0.26 0.5 0.5 0.5 0.02 0.44 0.44 0.08 0.5 0.02 0.44 0.5 0.5 0.17 0.08 
0.02 0.5 0.02 0.44 0.08 0.02 0.5 0.5 0.5 0.02 0.38 0.02 0.5 0.38 0.5 0.26 0.5 0.5 0.5 0.02 0.44 0.44 0.08 0.5 0.02 0.44 0.5 0.5 0.2 0.08 
0.02 0.5 0.02 0.44 0.08 0.02 0.5 0.5 0.5 0.02 0.38 0.02 0.5 0.38 0.5 0.26 0.5 0.5 0.5 0.02 0.44 0.44 0.08 0.5 0.02 0.44 0.5 0.5 0.23 0.08 
0.02 0.5 0.02 0.44 0.08 0.02 0.5 0.5 0.5 0.02 0.38 0.02 0.5 0.38 0.5 0.26 0.5 0.5 0.5 0.02 0.44 0.44 0.08 0.5 0.02 0.44 0.5 0.5 0.26 0.08 
0.02 0.5 0.02 0.44 0.08 0.02 0.5 0.5 0.5 0.02 0.38 0.02 0.5 0.38 0.5 0.26 0.5 0.5 0.5 0.02 0.44 0.44 0.08 0.5 0.02 0.44 0.5 0.5 0.29 0.08 
0.02 0.5 0.02 0.44 0.08 0.02 0.5 0.5 0.5 0.02 0.38 0.02 0.5 0.38 0.5 0.26 0.5 0.5 0.5 0.02 0.44 0.44 0.08 0.5 0.02 0.44 0.5 0.5 0.32 0.08 
0.02 0.5 0.02 0.44 0.08 0.02 0.5 0.5 0.5 0.02 0.38 0.02 0.5 0.38 0.5 0.26 0.5 0.5 0.5 0.02 0.44 0.44 0.08 0.5 0.02 0.44 0.5 0.5 0.35 0.08 
0.02 0.5 0.02 0.44 0.08 0.02 0.5 0.5 0.5 0.02 0.38 0.02 0.5 0.38 0.5 0.26 0.5 0.5 0.5 0.02 0.44 0.44 0.08 0.5 0.02 0.44 0.5 0.5 0.38 0.08 
0.02 0.5 0.02 0.44 0.08 0.02 0.5 0.5 0.5 0.02 0.38 0.02 0.5 0.38 0.5 0.26 0.5 0.5 0.5 0.02 0.44 0.44 0.08 0.5 0.02 0.44 0.5 0.5 0.41 0.08 
0.02 0.5 0.02 0.44 0.08 0.02 0.5 0.5 0.5 0.02 0.38 0.02 0.5 0.38 0.5 0.26 0.5 0.5 0.5 0.02 0.44 0.44 0.08 0.5 0.02 0.44 0.5 0.5 0.44 0.08 
0.02 0.5 0.02 0.44 0.08 0.02 0.5 0.5 0.5 0.02 0.38 0.02 0.5 0.38 0.5 0.26 0.5 0.5 0.5 0.02 0.44 0.44 0.08 0.5 0.02 0.44 0.5 0.5 0.47 0.08 
0.02 0.5 0.02 0.44 0.08 0.02 0.5 0.5 0.5 0.02 0.38 0.02 0.5 0.38 0.5 0.26 0.5 0.5 0.5 0.02 0.44 0.44 0.08 0.5 0.02 0.44 0.5 0.5 0.5 0.08 
0.02 0.5 0.05 0.44 0.08 0.02 0.5 0.5 0.5 0.02 0.38 0.02 0.5 0.38 0.5 0.26 0.5 0.5 0.5 0.02 0.44 0.44 0.08 0.5 0.02 0.44 0.5 0.5 0.5 0.08 
0.02 0.5 0.08 0.44 0.08 0.02 0.5 0.5 0.5 0.02 0.38 0.02 0.5 0.38 0.5 0.26 0.5 0.5 0.5 0.02 0.44 0.44 0.08 0.5 0.02 0.44 0.5 0.5 0.5 0.08 
0.02 0.5 0.08 0.44 0.08 0.02 0.5 0.5 0.5 0.02 0.38 0.02 0.5 0.38 0.5 0.26 0.5 0.5 0.5 0.02 0.47 0.44 0.08 0.5 0.02 0.44 0.5 0.5 0.5 0.08 
0.02 0.5 0.08 0.44 0.08 0.02 0.5 0.5 0.5 0.02 0.38 0.02 0.5 0.38 0.5 0.26 0.5 0.5 0.5 0.02 0.5 0.44 0.08 0.5 0.02 0.44 0.5 0.5 0.5 0.08 
0.02 0.5 0.11 0.44 0.08 0.02 0.5 0.5 0.5 0.02 0.38 0.02 0.5 0.38 0.5 0.26 0.5 0.5 0.5 0.02 0.5 0.44 0.08 0.5 0.02 0.44 0.5 0.5 0.5 0.08 
0.02 0.5 0.14 0.44 0.08 0.02 0.5 0.5 0.5 0.02 0.38 0.02 0.5 0.38 0.5 0.26 0.5 0.5 0.5 0.02 0.5 0.44 0.08 0.5 0.02 0.44 0.5 0.5 0.5 0.08 
0.02 0.5 0.14 0.44 0.08 0.02 0.5 0.5 0.5 0.02 0.38 0.02 0.5 0.38 0.5 0.26 0.5 0.5 0.5 0.05 0.5 0.44 0.08 0.5 0.02 0.44 0.5 0.5 0.5 0.08 
0.02 0.5 0.14 0.44 0.08 0.02 0.5 0.5 0.5 0.02 0.38 0.02 0.5 0.38 0.5 0.26 0.5 0.5 0.5 0.08 0.5 0.44 0.08 0.5 0.02 0.44 0.5 0.5 0.5 0.08 
0.02 0.5 0.14 0.44 0.08 0.02 0.5 0.5 0.5 0.02 0.41 0.02 0.5 0.38 0.5 0.26 0.5 0.5 0.5 0.08 0.5 0.44 0.08 0.5 0.02 0.44 0.5 0.5 0.5 0.08 
0.02 0.5 0.14 0.44 0.08 0.02 0.5 0.5 0.5 0.02 0.44 0.02 0.5 0.38 0.5 0.26 0.5 0.5 0.5 0.08 0.5 0.44 0.08 0.5 0.02 0.44 0.5 0.5 0.5 0.08 
0.02 0.5 0.14 0.44 0.08 0.02 0.5 0.5 0.5 0.02 0.44 0.02 0.5 0.38 0.5 0.26 0.5 0.5 0.5 0.11 0.5 0.44 0.08 0.5 0.02 0.44 0.5 0.5 0.5 0.08 
0.02 0.5 0.14 0.44 0.08 0.02 0.5 0.5 0.5 0.02 0.44 0.02 0.5 0.38 0.5 0.26 0.5 0.5 0.5 0.14 0.5 0.44 0.08 0.5 0.02 0.44 0.5 0.5 0.5 0.08 
0.02 0.5 0.14 0.44 0.08 0.02 0.5 0.5 0.5 0.02 0.44 0.02 0.5 0.38 0.5 0.26 0.5 0.5 0.5 0.17 0.5 0.44 0.08 0.5 0.02 0.44 0.5 0.5 0.5 0.08 
0.02 0.5 0.14 0.44 0.08 0.02 0.5 0.5 0.5 0.02 0.44 0.02 0.5 0.38 0.5 0.26 0.5 0.5 0.5 0.2 0.5 0.44 0.08 0.5 0.02 0.44 0.5 0.5 0.5 0.08 
0.02 0.5 0.14 0.44 0.08 0.02 0.5 0.5 0.5 0.02 0.44 0.02 0.5 0.38 0.5 0.26 0.5 0.5 0.5 0.23 0.5 0.44 0.08 0.5 0.02 0.44 0.5 0.5 0.5 0.08 
0.02 0.5 0.14 0.44 0.08 0.02 0.5 0.5 0.5 0.02 0.44 0.02 0.5 0.38 0.5 0.26 0.5 0.5 0.5 0.26 0.5 0.44 0.08 0.5 0.02 0.44 0.5 0.5 0.5 0.08 
0.02 0.5 0.14 0.44 0.08 0.02 0.5 0.5 0.5 0.02 0.47 0.02 0.5 0.38 0.5 0.26 0.5 0.5 0.5 0.26 0.5 0.44 0.08 0.5 0.02 0.44 0.5 0.5 0.5 0.08 
0.02 0.5 0.14 0.44 0.08 0.02 0.5 0.5 0.5 0.02 0.5 0.02 0.5 0.38 0.5 0.26 0.5 0.5 0.5 0.26 0.5 0.44 0.08 0.5 0.02 0.44 0.5 0.5 0.5 0.08 
0.02 0.5 0.14 0.44 0.11 0.02 0.5 0.5 0.5 0.02 0.5 0.02 0.5 0.38 0.5 0.26 0.5 0.5 0.5 0.26 0.5 0.44 0.08 0.5 0.02 0.44 0.5 0.5 0.5 0.08 
0.02 0.5 0.14 0.44 0.14 0.02 0.5 0.5 0.5 0.02 0.5 0.02 0.5 0.38 0.5 0.26 0.5 0.5 0.5 0.26 0.5 0.44 0.08 0.5 0.02 0.44 0.5 0.5 0.5 0.08 
0.02 0.5 0.14 0.44 0.14 0.02 0.5 0.5 0.5 0.02 0.5 0.02 0.5 0.38 0.5 0.26 0.5 0.5 0.5 0.29 0.5 0.44 0.08 0.5 0.02 0.44 0.5 0.5 0.5 0.08 
0.02 0.5 0.14 0.44 0.14 0.02 0.5 0.5 0.5 0.02 0.5 0.02 0.5 0.38 0.5 0.26 0.5 0.5 0.5 0.32 0.5 0.44 0.08 0.5 0.02 0.44 0.5 0.5 0.5 0.08 
0.02 0.5 0.14 0.44 0.14 0.02 0.5 0.5 0.5 0.05 0.5 0.02 0.5 0.38 0.5 0.26 0.5 0.5 0.5 0.32 0.5 0.44 0.08 0.5 0.02 0.44 0.5 0.5 0.5 0.08 
0.02 0.5 0.14 0.44 0.14 0.02 0.5 0.5 0.5 0.08 0.5 0.02 0.5 0.38 0.5 0.26 0.5 0.5 0.5 0.32 0.5 0.44 0.08 0.5 0.02 0.44 0.5 0.5 0.5 0.08 
0.02 0.5 0.14 0.44 0.14 0.02 0.5 0.5 0.5 0.08 0.5 0.02 0.5 0.38 0.5 0.26 0.5 0.5 0.5 0.32 0.5 0.44 0.08 0.5 0.02 0.47 0.5 0.5 0.5 0.08 
0.02 0.5 0.14 0.44 0.14 0.02 0.5 0.5 0.5 0.08 0.5 0.02 0.5 0.38 0.5 0.26 0.5 0.5 0.5 0.32 0.5 0.44 0.08 0.5 0.02 0.5 0.5 0.5 0.5 0.08 
0.02 0.5 0.14 0.44 0.14 0.02 0.5 0.5 0.5 0.11 0.5 0.02 0.5 0.38 0.5 0.26 0.5 0.5 0.5 0.32 0.5 0.44 0.08 0.5 0.02 0.5 0.5 0.5 0.5 0.08 
0.02 0.5 0.14 0.44 0.14 0.02 0.5 0.5 0.5 0.14 0.5 0.02 0.5 0.38 0.5 0.26 0.5 0.5 0.5 0.32 0.5 0.44 0.08 0.5 0.02 0.5 0.5 0.5 0.5 0.08 
0.02 0.5 0.14 0.44 0.14 0.02 0.5 0.5 0.5 0.17 0.5 0.02 0.5 0.38 0.5 0.26 0.5 0.5 0.5 0.32 0.5 0.44 0.08 0.5 0.02 0.5 0.5 0.5 0.5 0.08 
0.02 0.5 0.14 0.44 0.14 0.02 0.5 0.5 0.5 0.2 0.5 0.02 0.5 0.38 0.5 0.26 0.5 0.5 0.5 0.32 0.5 0.44 0.08 0.5 0.02 0.5 0.5 0.5 0.5 0.08 
0.02 0.5 0.14 0.44 0.14 0.02 0.5 0.5 0.5 0.23 0.5 0.02 0.5 0.38 0.5 0.26 0.5 0.5 0.5 0.32 0.5 0.44 0.08 0.5 0.02 0.5 0.5 0.5 0.5 0.08 
0.02 0.5 0.14 0.44 0.14 0.02 0.5 0.5 0.5 0.26 0.5 0.02 0.5 0.38 0.5 0.26 0.5 0.5 0.5 0.32 0.5 0.44 0.08 0.5 0.02 0.5 0.5 0.5 0.5 0.08 
0.02 0.5 0.14 0.44 0.14 0.02 0.5 0.5 0.5 0.29 0.5 0.02 0.5 0.38 0.5 0.26 0.5 0.5 0.5 0.32 0.5 0.44 0.08 0.5 0.02 0.5 0.5 0.5 0.5 0.08 
0.02 0.5 0.14 0.44 0.14 0.02 0.5 0.5 0.5 0.32 0.5 0.02 0.5 0.38 0.5 0.26 0.5 0.5 0.5 0.32 0.5 0.44 0.08 0.5 0.02 0.5 0.5 0.5 0.5 0.08 
0.02 0.5 0.14 0.44 0.14 0.02 0.5 0.5 0.5 0.35 0.5 0.02 0.5 0.38 0.5 0.26 0.5 0.5 0.5 0.32 0.5 0.44 0.08 0.5 0.02 0.5 0.5 0.5 0.5 0.08 
0.02 0.5 0.14 0.44 0.14 0.02 0.5 0.5 0.5 0.38 0.5 0.02 0.5 0.38 0.5 0.26 0.5 0.5 0.5 0.32 0.5 0.44 0.08 0.5 0.02 0.5 0.5 0.5 0.5 0.08 
0.02 0.5 0.14 0.44 0.14 0.02 0.5 0.5 0.5 0.41 0.5 0.02 0.5 0.38 0.5 0.26 0.5 0.5 0.5 0.32 0.5 0.44 0.08 0.5 0.02 0.5 0.5 0.5 0.5 0.08 
0.02 0.5 0.14 0.44 0.14 0.02 0.5 0.5 0.5 0.44 0.5 0.02 0.5 0.38 0.5 0.26 0.5 0.5 0.5 0.32 0.5 0.44 0.08 0.5 0.02 0.5 0.5 0.5 0.5 0.08 
0.02 0.5 0.14 0.44 0.14 0.02 0.5 0.5 0.5 0.47 0.5 0.02 0.5 0.38 0.5 0.26 0.5 0.5 0.5 0.32 0.5 0.44 0.08 0.5 0.02 0.5 0.5 0.5 0.5 0.08 
0.02 0.5 0.14 0.44 0.14 0.02 0.5 0.5 0.5 0.5 0.5 0.02 0.5 0.38 0.5 0.26 0.5 0.5 0.5 0.32 0.5 0.44 0.08 0.5 0.02 0.5 0.5 0.5 0.5 0.08 
0.02 0.5 0.14 0.44 0.17 0.02 0.5 0.5 0.5 0.5 0.5 0.02 0.5 0.38 0.5 0.26 0.5 0.5 0.5 0.32 0.5 0.44 0.08 0.5 0.02 0.5 0.5 0.5 0.5 0.08 
0.02 0.5 0.14 0.44 0.2 0.02 0.5 0.5 0.5 0.5 0.5 0.02 0.5 0.38 0.5 0.26 0.5 0.5 0.5 0.32 0.5 0.44 0.08 0.5 0.02 0.5 0.5 0.5 0.5 0.08 
0.02 0.5 0.14 0.44 0.23 0.02 0.5 0.5 0.5 0.5 0.5 0.02 0.5 0.38 0.5 0.26 0.5 0.5 0.5 0.32 0.5 0.44 0.08 0.5 0.02 0.5 0.5 0.5 0.5 0.08 
0.02 0.5 0.14 0.44 0.26 0.02 0.5 0.5 0.5 0.5 0.5 0.02 0.5 0.38 0.5 0.26 0.5 0.5 0.5 0.32 0.5 0.44 0.08 0.5 0.02 0.5 0.5 0.5 0.5 0.08 
0.02 0.5 0.14 0.44 0.29 0.02 0.5 0.5 0.5 0.5 0.5 0.02 0.5 0.38 0.5 0.26 0.5 0.5 0.5 0.32 0.5 0.44 0.08 0.5 0.02 0.5 0.5 0.5 0.5 0.08 
0.02 0.5 0.14 0.44 0.32 0.02 0.5 0.5 0.5 0.5 0.5 0.02 0.5 0.38 0.5 0.26 0.5 0.5 0.5 0.32 0.5 0.44 0.08 0.5 0.02 0.5 0.5 0.5 0.5 0.08 
0.02 0.5 0.14 0.44 0.35 0.02 0.5 0.5 0.5 0.5 0.5 0.02 0.5 0.38 0.5 0.26 0.5 0.5 0.5 0.32 0.5 0.44 0.08 0.5 0.02 0.5 0.5 0.5 0.5 0.08 
0.02 0.5 0.14 0.44 0.38 0.02 0.5 0.5 0.5 0.5 0.5 0.02 0.5 0.38 0.5 0.26 0.5 0.5 0.5 0.32 0.5 0.44 0.08 0.5 0.02 0.5 0.5 0.5 0.5 0.08 
0.02 0.5 0.14 0.44 0.41 0.02 0.5 0.5 0.5 0.5 0.5 0.02 0.5 0.38 0.5 0.26 0.5 0.5 0.5 0.32 0.5 0.44 0.08 0.5 0.02 0.5 0.5 0.5 0.5 0.08 
0.02 0.5 0.14 0.44 0.44 0.02 0.5 0.5 0.5 0.5 0.5 0.02 0.5 0.38 0.5 0.26 0.5 0.5 0.5 0.32 0.5 0.44 0.08 0.5 0.02 0.5 0.5 0.5 0.5 0.08 
0.02 0.5 0.14 0.44 0.44 0.02 0.5 0.5 0.5 0.5 0.5 0.02 0.5 0.38 0.5 0.26 0.5 0.5 0.5 0.32 0.5 0.44 0.08 0.5 0.05 0.5 0.5 0.5 0.5 0.08 
0.02 0.5 0.14 0.44 0.44 0.02 0.5 0.5 0.5 0.5 0.5 0.02 0.5 0.38 0.5 0.26 0.5 0.5 0.5 0.32 0.5 0.44 0.08 0.5 0.08 0.5 0.5 0.5 0.5 0.08 
0.02 0.5 0.14 0.44 0.44 0.02 0.5 0.5 0.5 0.5 0.5 0.02 0.5 0.38 0.5 0.26 0.5 0.5 0.5 0.32 0.5 0.44 0.08 0.5 0.11 0.5 0.5 0.5 0.5 0.08 
0.02 0.5 0.14 0.44 0.44 0.02 0.5 0.5 0.5 0.5 0.5 0.02 0.5 0.38 0.5 0.26 0.5 0.5 0.5 0.32 0.5 0.44 0.08 0.5 0.14 0.5 0.5 0.5 0.5 0.08 
0.02 0.5 0.14 0.44 0.44 0.02 0.5 0.5 0.5 0.5 0.5 0.02 0.5 0.38 0.5 0.26 0.5 0.5 0.5 0.32 0.5 0.44 0.11 0.5 0.14 0.5 0.5 0.5 0.5 0.08 
0.02 0.5 0.14 0.44 0.44 0.02 0.5 0.5 0.5 0.5 0.5 0.02 0.5 0.38 0.5 0.26 0.5 0.5 0.5 0.32 0.5 0.44 0.14 0.5 0.14 0.5 0.5 0.5 0.5 0.08 
0.02 0.5 0.14 0.44 0.44 0.02 0.5 0.5 0.5 0.5 0.5 0.02 0.5 0.38 0.5 0.26 0.5 0.5 0.5 0.32 0.5 0.44 0.17 0.5 0.14 0.5 0.5 0.5 0.5 0.08 
0.02 0.5 0.14 0.44 0.44 0.02 0.5 0.5 0.5 0.5 0.5 0.02 0.5 0.38 0.5 0.26 0.5 0.5 0.5 0.32 0.5 0.44 0.2 0.5 0.14 0.5 0.5 0.5 0.5 0.08 
0.02 0.5 0.14 0.44 0.44 0.02 0.5 0.5 0.5 0.5 0.5 0.02 0.5 0.38 0.5 0.26 0.5 0.5 0.5 0.32 0.5 0.44 0.2 0.5 0.17 0.5 0.5 0.5 0.5 0.08 
0.02 0.5 0.14 0.44 0.44 0.02 0.5 0.5 0.5 0.5 0.5 0.02 0.5 0.38 0.5 0.26 0.5 0.5 0.5 0.32 0.5 0.44 0.2 0.5 0.2 0.5 0.5 0.5 0.5 0.08 
0.02 0.5 0.14 0.44 0.44 0.02 0.5 0.5 0.5 0.5 0.5 0.02 0.5 0.38 0.5 0.26 0.5 0.5 0.5 0.32 0.5 0.44 0.2 0.5 0.23 0.5 0.5 0.5 0.5 0.08 
0.02 0.5 0.14 0.44 0.44 0.02 0.5 0.5 0.5 0.5 0.5 0.02 0.5 0.38 0.5 0.26 0.5 0.5 0.5 0.32 0.5 0.44 0.2 0.5 0.26 0.5 0.5 0.5 0.5 0.08 
0.02 0.5 0.14 0.44 0.44 0.02 0.5 0.5 0.5 0.5 0.5 0.02 0.5 0.38 0.5 0.26 0.5 0.5 0.5 0.32 0.5 0.44 0.2 0.5 0.29 0.5 0.5 0.5 0.5 0.08 
0.02 0.5 0.14 0.44 0.44 0.02 0.5 0.5 0.5 0.5 0.5 0.02 0.5 0.38 0.5 0.26 0.5 0.5 0.5 0.32 0.5 0.44 0.2 0.5 0.32 0.5 0.5 0.5 0.5 0.08 
0.02 0.5 0.14 0.44 0.44 0.02 0.5 0.5 0.5 0.5 0.5 0.02 0.5 0.38 0.5 0.26 0.5 0.5 0.5 0.32 0.5 0.44 0.2 0.5 0.35 0.5 0.5 0.5 0.5 0.08 
0.02 0.5 0.14 0.44 0.44 0.02 0.5 0.5 0.5 0.5 0.5 0.02 0.5 0.38 0.5 0.26 0.5 0.5 0.5 0.32 0.5 0.44 0.2 0.5 0.38 0.5 0.5 0.5 0.5 0.08 
0.02 0.5 0.14 0.44 0.44 0.02 0.5 0.5 0.5 0.5 0.5 0.02 0.5 0.38 0.5 0.26 0.5 0.5 0.5 0.32 0.5 0.44 0.2 0.5 0.41 0.5 0.5 0.5 0.5 0.08 
0.02 0.5 0.14 0.44 0.44 0.02 0.5 0.5 0.5 0.5 0.5 0.02 0.5 0.38 0.5 0.26 0.5 0.5 0.5 0.32 0.5 0.44 0.2 0.5 0.44 0.5 0.5 0.5 0.5 0.08 
0.02 0.5 0.14 0.44 0.44 0.02 0.5 0.5 0.5 0.5 0.5 0.02 0.5 0.38 0.5 0.26 0.5 0.5 0.5 0.32 0.5 0.44 0.2 0.5 0.47 0.5 0.5 0.5 0.5 0.08 
0.02 0.5 0.14 0.44 0.44 0.02 0.5 0.5 0.5 0.5 0.5 0.02 0.5 0.38 0.5 0.26 0.5 0.5 0.5 0.32 0.5 0.44 0.2 0.5 0.5 0.5 0.5 0.5 0.5 0.08 
0.02 0.5 0.14 0.44 0.44 0.02 0.5 0.5 0.5 0.5 0.5 0.05 0.5 0.38 0.5 0.26 0.5 0.5 0.5 0.32 0.5 0.44 0.2 0.5 0.5 0.5 0.5 0.5 0.5 0.08 
0.02 0.5 0.14 0.44 0.44 0.02 0.5 0.5 0.5 0.5 0.5 0.08 0.5 0.38 0.5 0.26 0.5 0.5 0.5 0.32 0.5 0.44 0.2 0.5 0.5 0.5 0.5 0.5 0.5 0.08 
0.02 0.5 0.14 0.44 0.44 0.02 0.5 0.5 0.5 0.5 0.5 0.08 0.5 0.38 0.5 0.26 0.5 0.5 0.5 0.32 0.5 0.44 0.23 0.5 0.5 0.5 0.5 0.5 0.5 0.08 
0.02 0.5 0.14 0.44 0.44 0.02 0.5 0.5 0.5 0.5 0.5 0.08 0.5 0.38 0.5 0.26 0.5 0.5 0.5 0.32 0.5 0.44 0.26 0.5 0.5 0.5 0.5 0.5 0.5 0.08 
0.02 0.5 0.14 0.44 0.44 0.02 0.5 0.5 0.5 0.5 0.5 0.11 0.5 0.38 0.5 0.26 0.5 0.5 0.5 0.32 0.5 0.44 0.26 0.5 0.5 0.5 0.5 0.5 0.5 0.08 
0.02 0.5 0.14 0.44 0.44 0.02 0.5 0.5 0.5 0.5 0.5 0.14 0.5 0.38 0.5 0.26 0.5 0.5 0.5 0.32 0.5 0.44 0.26 0.5 0.5 0.5 0.5 0.5 0.5 0.08 
0.02 0.5 0.14 0.44 0.44 0.02 0.5 0.5 0.5 0.5 0.5 0.14 0.5 0.38 0.5 0.29 0.5 0.5 0.5 0.32 0.5 0.44 0.26 0.5 0.5 0.5 0.5 0.5 0.5 0.08 
0.02 0.5 0.14 0.44 0.44 0.02 0.5 0.5 0.5 0.5 0.5 0.14 0.5 0.38 0.5 0.32 0.5 0.5 0.5 0.32 0.5 0.44 0.26 0.5 0.5 0.5 0.5 0.5 0.5 0.08 
0.02 0.5 0.14 0.44 0.44 0.02 0.5 0.5 0.5 0.5 0.5 0.17 0.5 0.38 0.5 0.32 0.5 0.5 0.5 0.32 0.5 0.44 0.26 0.5 0.5 0.5 0.5 0.5 0.5 0.08 
0.02 0.5 0.14 0.44 0.44 0.02 0.5 0.5 0.5 0.5 0.5 0.2 0.5 0.38 0.5 0.32 0.5 0.5 0.5 0.32 0.5 0.44 0.26 0.5 0.5 0.5 0.5 0.5 0.5 0.08 
0.02 0.5 0.14 0.44 0.44 0.02 0.5 0.5 0.5 0.5 0.5 0.23 0.5 0.38 0.5 0.32 0.5 0.5 0.5 0.32 0.5 0.44 0.26 0.5 0.5 0.5 0.5 0.5 0.5 0.08 
0.02 0.5 0.14 0.44 0.44 0.02 0.5 0.5 0.5 0.5 0.5 0.26 0.5 0.38 0.5 0.32 0.5 0.5 0.5 0.32 0.5 0.44 0.26 0.5 0.5 0.5 0.5 0.5 0.5 0.08 
0.02 0.5 0.14 0.44 0.44 0.02 0.5 0.5 0.5 0.5 0.5 0.26 0.5 0.38 0.5 0.35 0.5 0.5 0.5 0.32 0.5 0.44 0.26 0.5 0.5 0.5 0.5 0.5 0.5 0.08 
0.02 0.5 0.14 0.44 0.44 0.02 0.5 0.5 0.5 0.5 0.5 0.26 0.5 0.38 0.5 0.38 0.5 0.5 0.5 0.32 0.5 0.44 0.26 0.5 0.5 0.5 0.5 0.5 0.5 0.08 
0.02 0.5 0.14 0.44 0.44 0.02 0.5 0.5 0.5 0.5 0.5 0.29 0.5 0.38 0.5 0.38 0.5 0.5 0.5 0.32 0.5 0.44 0.26 0.5 0.5 0.5 0.5 0.5 0.5 0.08 
0.02 0.5 0.14 0.44 0.44 0.02 0.5 0.5 0.5 0.5 0.5 0.32 0.5 0.38 0.5 0.38 0.5 0.5 0.5 0.32 0.5 0.44 0.26 0.5 0.5 0.5 0.5 0.5 0.5 0.08 
0.02 0.5 0.14 0.44 0.44 0.02 0.5 0.5 0.5 0.5 0.5 0.35 0.5 0.38 0.5 0.38 0.5 0.5 0.5 0.32 0.5 0.44 0.26 0.5 0.5 0.5 0.5 0.5 0.5 0.08 
0.02 0.5 0.14 0.44 0.44 0.02 0.5 0.5 0.5 0.5 0.5 0.38 0.5 0.38 0.5 0.38 0.5 0.5 0.5 0.32 0.5 0.44 0.26 0.5 0.5 0.5 0.5 0.5 0.5 0.08 
0.02 0.5 0.14 0.44 0.44 0.02 0.5 0.5 0.5 0.5 0.5 0.41 0.5 0.38 0.5 0.38 0.5 0.5 0.5 0.32 0.5 0.44 0.26 0.5 0.5 0.5 0.5 0.5 0.5 0.08 
0.02 0.5 0.14 0.44 0.44 0.02 0.5 0.5 0.5 0.5 0.5 0.44 0.5 0.38 0.5 0.38 0.5 0.5 0.5 0.32 0.5 0.44 0.26 0.5 0.5 0.5 0.5 0.5 0.5 0.08 
0.02 0.5 0.14 0.44 0.44 0.02 0.5 0.5 0.5 0.5 0.5 0.44 0.5 0.38 0.5 0.38 0.5 0.5 0.5 0.32 0.5 0.44 0.29 0.5 0.5 0.5 0.5 0.5 0.5 0.08 
0.02 0.5 0.14 0.44 0.44 0.02 0.5 0.5 0.5 0.5 0.5 0.44 0.5 0.38 0.5 0.38 0.5 0.5 0.5 0.32 0.5 0.44 0.32 0.5 0.5 0.5 0.5 0.5 0.5 0.08 
0.02 0.5 0.14 0.44 0.44 0.02 0.5 0.5 0.5 0.5 0.5 0.44 0.5 0.38 0.5 0.38 0.5 0.5 0.5 0.32 0.5 0.44 0.35 0.5 0.5 0.5 0.5 0.5 0.5 0.08 
0.02 0.5 0.14 0.44 0.44 0.02 0.5 0.5 0.5 0.5 0.5 0.44 0.5 0.38 0.5 0.38 0.5 0.5 0.5 0.32 0.5 0.44 0.38 0.5 0.5 0.5 0.5 0.5 0.5 0.08 
0.05 0.02 0.02 0.02 0.02 0.02 0.02 0.02 0.02 0.02 0.02 0.02 0.08 0.02 0.02 0.02 0.02 0.02 0.02 0.02 0.02 0.02 0.02 0.02 0.02 0.02 0.02 0.02 0.02 0.02 
0.05 0.02 0.02 0.02 0.02 0.02 0.02 0.02 0.02 0.02 0.02 0.02 0.14 0.02 0.02 0.02 0.02 0.02 0.02 0.02 0.02 0.02 0.02 0.02 0.02 0.02 0.02 0.02 0.02 0.02 
0.05 0.02 0.02 0.02 0.02 0.02 0.02 0.02 0.02 0.02 0.02 0.02 0.2 0.02 0.02 0.02 0.02 0.02 0.02 0.02 0.02 0.02 0.02 0.02 0.02 0.02 0.02 0.02 0.02 0.02 
0.05 0.5 0.14 0.44 0.44 0.02 0.5 0.5 0.5 0.5 0.5 0.44 0.5 0.38 0.5 0.38 0.5 0.5 0.5 0.32 0.5 0.44 0.38 0.5 0.5 0.5 0.5 0.5 0.5 0.08 
0.08 0.02 0.02 0.02 0.02 0.02 0.02 0.02 0.02 0.02 0.02 0.02 0.02 0.02 0.02 0.02 0.02 0.02 0.02 0.02 0.02 0.02 0.02 0.02 0.02 0.02 0.02 0.02 0.02 0.02 
0.08 0.02 0.02 0.02 0.02 0.02 0.02 0.02 0.02 0.02 0.02 0.02 0.08 0.02 0.02 0.02 0.02 0.02 0.02 0.02 0.02 0.02 0.02 0.02 0.02 0.02 0.02 0.02 0.02 0.02 
0.08 0.02 0.02 0.02 0.02 0.02 0.02 0.02 0.02 0.02 0.02 0.02 0.14 0.02 0.02 0.02 0.02 0.02 0.02 0.02 0.02 0.02 0.02 0.02 0.02 0.02 0.02 0.02 0.02 0.02 
0.08 0.02 0.02 0.02 0.02 0.02 0.02 0.02 0.02 0.02 0.02 0.02 0.17 0.02 0.02 0.02 0.02 0.02 0.02 0.02 0.02 0.02 0.02 0.02 0.02 0.02 0.02 0.02 0.02 0.02 
0.08 0.02 0.02 0.02 0.02 0.02 0.02 0.02 0.02 0.02 0.02 0.02 0.2 0.02 0.02 0.02 0.02 0.02 0.02 0.02 0.02 0.02 0.02 0.02 0.02 0.02 0.02 0.02 0.02 0.02 
0.08 0.5 0.14 0.44 0.44 0.02 0.5 0.5 0.5 0.5 0.5 0.44 0.5 0.38 0.5 0.38 0.5 0.5 0.5 0.32 0.5 0.44 0.38 0.5 0.5 0.5 0.5 0.5 0.5 0.08 
0.08 0.5 0.14 0.44 0.44 0.02 0.5 0.5 0.5 0.5 0.5 0.44 0.5 0.38 0.5 0.38 0.5 0.5 0.5 0.35 0.5 0.44 0.38 0.5 0.5 0.5 0.5 0.5 0.5 0.08 
0.08 0.5 0.14 0.44 0.44 0.02 0.5 0.5 0.5 0.5 0.5 0.44 0.5 0.38 0.5 0.38 0.5 0.5 0.5 0.38 0.5 0.44 0.38 0.5 0.5 0.5 0.5 0.5 0.5 0.08 
0.08 0.5 0.14 0.44 0.44 0.02 0.5 0.5 0.5 0.5 0.5 0.44 0.5 0.38 0.5 0.38 0.5 0.5 0.5 0.41 0.5 0.44 0.38 0.5 0.5 0.5 0.5 0.5 0.5 0.08 
0.08 0.5 0.14 0.44 0.44 0.02 0.5 0.5 0.5 0.5 0.5 0.44 0.5 0.38 0.5 0.38 0.5 0.5 0.5 0.44 0.5 0.44 0.38 0.5 0.5 0.5 0.5 0.5 0.5 0.08 
0.08 0.5 0.14 0.44 0.44 0.02 0.5 0.5 0.5 0.5 0.5 0.44 0.5 0.38 0.5 0.38 0.5 0.5 0.5 0.47 0.5 0.44 0.38 0.5 0.5 0.5 0.5 0.5 0.5 0.08 
0.08 0.5 0.14 0.44 0.44 0.02 0.5 0.5 0.5 0.5 0.5 0.44 0.5 0.38 0.5 0.38 0.5 0.5 0.5 0.5 0.5 0.44 0.38 0.5 0.5 0.5 0.5 0.5 0.5 0.08 
0.08 0.5 0.17 0.44 0.44 0.02 0.5 0.5 0.5 0.5 0.5 0.44 0.5 0.38 0.5 0.38 0.5 0.5 0.5 0.5 0.5 0.44 0.38 0.5 0.5 0.5 0.5 0.5 0.5 0.08 
0.08 0.5 0.2 0.44 0.44 0.02 0.5 0.5 0.5 0.5 0.5 0.44 0.5 0.38 0.5 0.38 0.5 0.5 0.5 0.5 0.5 0.44 0.38 0.5 0.5 0.5 0.5 0.5 0.5 0.08 
0.08 0.5 0.23 0.44 0.44 0.02 0.5 0.5 0.5 0.5 0.5 0.44 0.5 0.38 0.5 0.38 0.5 0.5 0.5 0.5 0.5 0.44 0.38 0.5 0.5 0.5 0.5 0.5 0.5 0.08 
0.08 0.5 0.26 0.44 0.44 0.02 0.5 0.5 0.5 0.5 0.5 0.44 0.5 0.38 0.5 0.38 0.5 0.5 0.5 0.5 0.5 0.44 0.38 0.5 0.5 0.5 0.5 0.5 0.5 0.08 
0.08 0.5 0.29 0.44 0.44 0.02 0.5 0.5 0.5 0.5 0.5 0.44 0.5 0.38 0.5 0.38 0.5 0.5 0.5 0.5 0.5 0.44 0.38 0.5 0.5 0.5 0.5 0.5 0.5 0.08 
0.08 0.5 0.32 0.44 0.44 0.02 0.5 0.5 0.5 0.5 0.5 0.44 0.5 0.38 0.5 0.38 0.5 0.5 0.5 0.5 0.5 0.44 0.38 0.5 0.5 0.5 0.5 0.5 0.5 0.08 
0.08 0.5 0.35 0.44 0.44 0.02 0.5 0.5 0.5 0.5 0.5 0.44 0.5 0.38 0.5 0.38 0.5 0.5 0.5 0.5 0.5 0.44 0.38 0.5 0.5 0.5 0.5 0.5 0.5 0.08 
0.08 0.5 0.38 0.44 0.44 0.02 0.5 0.5 0.5 0.5 0.5 0.44 0.5 0.38 0.5 0.38 0.5 0.5 0.5 0.5 0.5 0.44 0.38 0.5 0.5 0.5 0.5 0.5 0.5 0.08 
0.08 0.5 0.41 0.44 0.44 0.02 0.5 0.5 0.5 0.5 0.5 0.44 0.5 0.38 0.5 0.38 0.5 0.5 0.5 0.5 0.5 0.44 0.38 0.5 0.5 0.5 0.5 0.5 0.5 0.08 
0.08 0.5 0.44 0.44 0.44 0.02 0.5 0.5 0.5 0.5 0.5 0.44 0.5 0.38 0.5 0.38 0.5 0.5 0.5 0.5 0.5 0.44 0.38 0.5 0.5 0.5 0.5 0.5 0.5 0.08 
0.08 0.5 0.44 0.44 0.44 0.02 0.5 0.5 0.5 0.5 0.5 0.44 0.5 0.38 0.5 0.38 0.5 0.5 0.5 0.5 0.5 0.44 0.41 0.5 0.5 0.5 0.5 0.5 0.5 0.08 
0.08 0.5 0.44 0.44 0.44 0.02 0.5 0.5 0.5 0.5 0.5 0.44 0.5 0.38 0.5 0.38 0.5 0.5 0.5 0.5 0.5 0.44 0.44 0.5 0.5 0.5 0.5 0.5 0.5 0.08 
0.08 0.5 0.44 0.44 0.44 0.02 0.5 0.5 0.5 0.5 0.5 0.44 0.5 0.38 0.5 0.38 0.5 0.5 0.5 0.5 0.5 0.44 0.47 0.5 0.5 0.5 0.5 0.5 0.5 0.08 
0.08 0.5 0.44 0.44 0.44 0.02 0.5 0.5 0.5 0.5 0.5 0.44 0.5 0.38 0.5 0.38 0.5 0.5 0.5 0.5 0.5 0.44 0.5 0.5 0.5 0.5 0.5 0.5 0.5 0.08 
0.08 0.5 0.44 0.44 0.44 0.02 0.5 0.5 0.5 0.5 0.5 0.44 0.5 0.41 0.5 0.38 0.5 0.5 0.5 0.5 0.5 0.44 0.5 0.5 0.5 0.5 0.5 0.5 0.5 0.08 
0.08 0.5 0.44 0.44 0.44 0.02 0.5 0.5 0.5 0.5 0.5 0.44 0.5 0.44 0.5 0.38 0.5 0.5 0.5 0.5 0.5 0.44 0.5 0.5 0.5 0.5 0.5 0.5 0.5 0.08 
0.08 0.5 0.44 0.44 0.44 0.02 0.5 0.5 0.5 0.5 0.5 0.44 0.5 0.47 0.5 0.38 0.5 0.5 0.5 0.5 0.5 0.44 0.5 0.5 0.5 0.5 0.5 0.5 0.5 0.08 
0.08 0.5 0.44 0.44 0.44 0.02 0.5 0.5 0.5 0.5 0.5 0.44 0.5 0.5 0.5 0.38 0.5 0.5 0.5 0.5 0.5 0.44 0.5 0.5 0.5 0.5 0.5 0.5 0.5 0.08 
0.08 0.5 0.44 0.47 0.44 0.02 0.5 0.5 0.5 0.5 0.5 0.44 0.5 0.5 0.5 0.38 0.5 0.5 0.5 0.5 0.5 0.44 0.5 0.5 0.5 0.5 0.5 0.5 0.5 0.08 
0.08 0.5 0.44 0.5 0.44 0.02 0.5 0.5 0.5 0.5 0.5 0.44 0.5 0.5 0.5 0.38 0.5 0.5 0.5 0.5 0.5 0.44 0.5 0.5 0.5 0.5 0.5 0.5 0.5 0.08 
0.11 0.02 0.02 0.02 0.02 0.02 0.02 0.02 0.02 0.02 0.02 0.02 0.02 0.02 0.02 0.02 0.02 0.02 0.02 0.02 0.02 0.02 0.02 0.02 0.02 0.02 0.02 0.02 0.02 0.02 
0.11 0.02 0.02 0.02 0.02 0.02 0.02 0.02 0.02 0.02 0.02 0.02 0.08 0.02 0.02 0.02 0.02 0.02 0.02 0.02 0.02 0.02 0.02 0.02 0.02 0.02 0.02 0.02 0.02 0.02 
0.11 0.02 0.02 0.02 0.02 0.02 0.02 0.02 0.02 0.02 0.02 0.02 0.02 0.02 0.02 0.02 0.02 0.02 0.02 0.02 0.02 0.02 0.02 0.02 0.02 0.02 0.02 0.02 0.02 0.02 
0.11 0.5 0.44 0.5 0.44 0.02 0.5 0.5 0.5 0.5 0.5 0.44 0.5 0.5 0.5 0.38 0.5 0.5 0.5 0.5 0.5 0.44 0.5 0.5 0.5 0.5 0.5 0.5 0.5 0.08 
0.14 0.02 0.02 0.02 0.02 0.02 0.02 0.02 0.02 0.02 0.02 0.02 0.02 0.02 0.02 0.02 0.02 0.02 0.02 0.02 0.02 0.02 0.02 0.02 0.02 0.02 0.02 0.02 0.02 0.02 
0.14 0.02 0.02 0.02 0.02 0.02 0.02 0.02 0.02 0.02 0.02 0.02 0.05 0.02 0.02 0.02 0.02 0.02 0.02 0.02 0.02 0.02 0.02 0.02 0.02 0.02 0.02 0.02 0.02 0.02 
0.14 0.02 0.02 0.02 0.02 0.02 0.02 0.02 0.02 0.02 0.02 0.02 0.08 0.02 0.02 0.02 0.02 0.02 0.02 0.02 0.02 0.02 0.02 0.02 0.02 0.02 0.02 0.02 0.02 0.02 
0.14 0.5 0.44 0.5 0.44 0.02 0.5 0.5 0.5 0.5 0.5 0.44 0.5 0.5 0.5 0.38 0.5 0.5 0.5 0.5 0.5 0.44 0.5 0.5 0.5 0.5 0.5 0.5 0.5 0.08 
0.17 0.02 0.02 0.02 0.02 0.02 0.02 0.02 0.02 0.02 0.02 0.02 0.02 0.02 0.02 0.02 0.02 0.02 0.02 0.02 0.02 0.02 0.02 0.02 0.02 0.02 0.02 0.02 0.02 0.02 
0.17 0.5 0.44 0.5 0.44 0.02 0.5 0.5 0.5 0.5 0.5 0.44 0.5 0.5 0.5 0.38 0.5 0.5 0.5 0.5 0.5 0.44 0.5 0.5 0.5 0.5 0.5 0.5 0.5 0.08 
0.2 0.02 0.02 0.02 0.02 0.02 0.02 0.02 0.02 0.02 0.02 0.02 0.02 0.02 0.02 0.02 0.02 0.02 0.02 0.02 0.02 0.02 0.02 0.02 0.02 0.02 0.02 0.02 0.02 0.02 
0.2 0.5 0.44 0.5 0.44 0.02 0.5 0.5 0.5 0.5 0.5 0.44 0.5 0.5 0.5 0.38 0.5 0.5 0.5 0.5 0.5 0.44 0.5 0.5 0.5 0.5 0.5 0.5 0.5 0.08 
0.23 0.02 0.02 0.02 0.02 0.02 0.02 0.02 0.02 0.02 0.02 0.02 0.02 0.02 0.02 0.02 0.02 0.02 0.02 0.02 0.02 0.02 0.02 0.02 0.02 0.02 0.02 0.02 0.02 0.02 
0.23 0.5 0.44 0.5 0.44 0.02 0.5 0.5 0.5 0.5 0.5 0.44 0.5 0.5 0.5 0.38 0.5 0.5 0.5 0.5 0.5 0.44 0.5 0.5 0.5 0.5 0.5 0.5 0.5 0.08 
0.26 0.02 0.02 0.02 0.02 0.02 0.02 0.02 0.02 0.02 0.02 0.02 0.02 0.02 0.02 0.02 0.02 0.02 0.02 0.02 0.02 0.02 0.02 0.02 0.02 0.02 0.02 0.02 0.02 0.02 
0.26 0.5 0.44 0.5 0.44 0.02 0.5 0.5 0.5 0.5 0.5 0.44 0.5 0.5 0.5 0.38 0.5 0.5 0.5 0.5 0.5 0.44 0.5 0.5 0.5 0.5 0.5 0.5 0.5 0.08 
0.29 0.02 0.02 0.02 0.02 0.02 0.02 0.02 0.02 0.02 0.02 0.02 0.02 0.02 0.02 0.02 0.02 0.02 0.02 0.02 0.02 0.02 0.02 0.02 0.02 0.02 0.02 0.02 0.02 0.02 
0.29 0.5 0.44 0.5 0.44 0.02 0.5 0.5 0.5 0.5 0.5 0.44 0.5 0.5 0.5 0.38 0.5 0.5 0.5 0.5 0.5 0.44 0.5 0.5 0.5 0.5 0.5 0.5 0.5 0.08 
0.32 0.02 0.02 0.02 0.02 0.02 0.02 0.02 0.02 0.02 0.02 0.02 0.02 0.02 0.02 0.02 0.02 0.02 0.02 0.02 0.02 0.02 0.02 0.02 0.02 0.02 0.02 0.02 0.02 0.02 
0.32 0.5 0.44 0.5 0.44 0.02 0.5 0.5 0.5 0.5 0.5 0.44 0.5 0.5 0.5 0.38 0.5 0.5 0.5 0.5 0.5 0.44 0.5 0.5 0.5 0.5 0.5 0.5 0.5 0.08 
0.35 0.02 0.02 0.02 0.02 0.02 0.02 0.02 0.02 0.02 0.02 0.02 0.02 0.02 0.02 0.02 0.02 0.02 0.02 0.02 0.02 0.02 0.02 0.02 0.02 0.02 0.02 0.02 0.02 0.02 
0.35 0.5 0.44 0.5 0.44 0.02 0.5 0.5 0.5 0.5 0.5 0.44 0.5 0.5 0.5 0.38 0.5 0.5 0.5 0.5 0.5 0.44 0.5 0.5 0.5 0.5 0.5 0.5 0.5 0.08 
0.38 0.02 0.02 0.02 0.02 0.02 0.02 0.02 0.02 0.02 0.02 0.02 0.02 0.02 0.02 0.02 0.02 0.02 0.02 0.02 0.02 0.02 0.02 0.02 0.02 0.02 0.02 0.02 0.02 0.02 
0.38 0.5 0.44 0.5 0.44 0.02 0.5 0.5 0.5 0.5 0.5 0.44 0.5 0.5 0.5 0.38 0.5 0.5 0.5 0.5 0.5 0.44 0.5 0.5 0.5 0.5 0.5 0.5 0.5 0.08 
0.41 0.02 0.02 0.02 0.02 0.02 0.02 0.02 0.02 0.02 0.02 0.02 0.02 0.02 0.02 0.02 0.02 0.02 0.02 0.02 0.02 0.02 0.02 0.02 0.02 0.02 0.02 0.02 0.02 0.02 
0.41 0.5 0.44 0.5 0.44 0.02 0.5 0.5 0.5 0.5 0.5 0.44 0.5 0.5 0.5 0.38 0.5 0.5 0.5 0.5 0.5 0.44 0.5 0.5 0.5 0.5 0.5 0.5 0.5 0.08 
0.44 0.02 0.02 0.02 0.02 0.02 0.02 0.02 0.02 0.02 0.02 0.02 0.02 0.02 0.02 0.02 0.02 0.02 0.02 0.02 0.02 0.02 0.02 0.02 0.02 0.02 0.02 0.02 0.02 0.02 
0.44 0.5 0.44 0.5 0.44 0.02 0.5 0.5 0.5 0.5 0.5 0.44 0.5 0.5 0.5 0.38 0.5 0.5 0.5 0.5 0.5 0.44 0.5 0.5 0.5 0.5 0.5 0.5 0.5 0.08 
0.47 0.02 0.02 0.02 0.02 0.02 0.02 0.02 0.02 0.02 0.02 0.02 0.02 0.02 0.02 0.02 0.02 0.02 0.02 0.02 0.02 0.02 0.02 0.02 0.02 0.02 0.02 0.02 0.02 0.02 
0.47 0.5 0.44 0.5 0.44 0.02 0.5 0.5 0.5 0.5 0.5 0.44 0.5 0.5 0.5 0.38 0.5 0.5 0.5 0.5 0.5 0.44 0.5 0.5 0.5 0.5 0.5 0.5 0.5 0.08 
0.5 0.02 0.02 0.02 0.02 0.02 0.02 0.02 0.02 0.02 0.02 0.02 0.02 0.02 0.02 0.02 0.02 0.02 0.02 0.02 0.02 0.02 0.02 0.02 0.02 0.02 0.02 0.02 0.02 0.02 
0.5 0.5 0.44 0.5 0.44 0.02 0.5 0.5 0.5 0.5 0.5 0.44 0.5 0.5 0.5 0.38 0.5 0.5 0.5 0.5 0.5 0.44 0.5 0.5 0.5 0.5 0.5 0.5 0.5 0.08 
0.5 0.5 0.44 0.5 0.44 0.02 0.5 0.5 0.5 0.5 0.5 0.44 0.5 0.5 0.5 0.38 0.5 0.5 0.5 0.5 0.5 0.47 0.5 0.5 0.5 0.5 0.5 0.5 0.5 0.08 
0.5 0.5 0.44 0.5 0.44 0.02 0.5 0.5 0.5 0.5 0.5 0.44 0.5 0.5 0.5 0.38 0.5 0.5 0.5 0.5 0.5 0.5 0.5 0.5 0.5 0.5 0.5 0.5 0.5 0.08 
0.5 0.5 0.44 0.5 0.44 0.02 0.5 0.5 0.5 0.5 0.5 0.44 0.5 0.5 0.5 0.38 0.5 0.5 0.5 0.5 0.5 0.5 0.5 0.5 0.5 0.5 0.5 0.5 0.5 0.11 
0.5 0.5 0.44 0.5 0.44 0.02 0.5 0.5 0.5 0.5 0.5 0.44 0.5 0.5 0.5 0.38 0.5 0.5 0.5 0.5 0.5 0.5 0.5 0.5 0.5 0.5 0.5 0.5 0.5 0.14 
0.5 0.5 0.44 0.5 0.44 0.02 0.5 0.5 0.5 0.5 0.5 0.44 0.5 0.5 0.5 0.38 0.5 0.5 0.5 0.5 0.5 0.5 0.5 0.5 0.5 0.5 0.5 0.5 0.5 0.17 
0.5 0.5 0.44 0.5 0.44 0.02 0.5 0.5 0.5 0.5 0.5 0.44 0.5 0.5 0.5 0.38 0.5 0.5 0.5 0.5 0.5 0.5 0.5 0.5 0.5 0.5 0.5 0.5 0.5 0.2 
0.5 0.5 0.44 0.5 0.44 0.02 0.5 0.5 0.5 0.5 0.5 0.44 0.5 0.5 0.5 0.38 0.5 0.5 0.5 0.5 0.5 0.5 0.5 0.5 0.5 0.5 0.5 0.5 0.5 0.23 
0.5 0.5 0.44 0.5 0.44 0.02 0.5 0.5 0.5 0.5 0.5 0.44 0.5 0.5 0.5 0.38 0.5 0.5 0.5 0.5 0.5 0.5 0.5 0.5 0.5 0.5 0.5 0.5 0.5 0.26 
0.5 0.5 0.44 0.5 0.44 0.02 0.5 0.5 0.5 0.5 0.5 0.44 0.5 0.5 0.5 0.38 0.5 0.5 0.5 0.5 0.5 0.5 0.5 0.5 0.5 0.5 0.5 0.5 0.5 0.29 
0.5 0.5 0.44 0.5 0.44 0.02 0.5 0.5 0.5 0.5 0.5 0.44 0.5 0.5 0.5 0.38 0.5 0.5 0.5 0.5 0.5 0.5 0.5 0.5 0.5 0.5 0.5 0.5 0.5 0.32 
0.5 0.5 0.44 0.5 0.44 0.02 0.5 0.5 0.5 0.5 0.5 0.44 0.5 0.5 0.5 0.38 0.5 0.5 0.5 0.5 0.5 0.5 0.5 0.5 0.5 0.5 0.5 0.5 0.5 0.35 
0.5 0.5 0.44 0.5 0.44 0.02 0.5 0.5 0.5 0.5 0.5 0.44 0.5 0.5 0.5 0.38 0.5 0.5 0.5 0.5 0.5 0.5 0.5 0.5 0.5 0.5 0.5 0.5 0.5 0.38 
0.5 0.5 0.44 0.5 0.44 0.02 0.5 0.5 0.5 0.5 0.5 0.44 0.5 0.5 0.5 0.38 0.5 0.5 0.5 0.5 0.5 0.5 0.5 0.5 0.5 0.5 0.5 0.5 0.5 0.41 
0.5 0.5 0.44 0.5 0.44 0.02 0.5 0.5 0.5 0.5 0.5 0.44 0.5 0.5 0.5 0.38 0.5 0.5 0.5 0.5 0.5 0.5 0.5 0.5 0.5 0.5 0.5 0.5 0.5 0.44 
0.5 0.5 0.44 0.5 0.44 0.02 0.5 0.5 0.5 0.5 0.5 0.44 0.5 0.5 0.5 0.38 0.5 0.5 0.5 0.5 0.5 0.5 0.5 0.5 0.5 0.5 0.5 0.5 0.5 0.47 
0.5 0.5 0.44 0.5 0.44 0.02 0.5 0.5 0.5 0.5 0.5 0.44 0.5 0.5 0.5 0.38 0.5 0.5 0.5 0.5 0.5 0.5 0.5 0.5 0.5 0.5 0.5 0.5 0.5 0.5 
0.5 0.5 0.44 0.5 0.44 0.05 0.5 0.5 0.5 0.5 0.5 0.44 0.5 0.5 0.5 0.38 0.5 0.5 0.5 0.5 0.5 0.5 0.5 0.5 0.5 0.5 0.5 0.5 0.5 0.5 
0.5 0.5 0.44 0.5 0.44 0.08 0.5 0.5 0.5 0.5 0.5 0.44 0.5 0.5 0.5 0.38 0.5 0.5 0.5 0.5 0.5 0.5 0.5 0.5 0.5 0.5 0.5 0.5 0.5 0.5 
0.5 0.5 0.47 0.5 0.44 0.08 0.5 0.5 0.5 0.5 0.5 0.44 0.5 0.5 0.5 0.38 0.5 0.5 0.5 0.5 0.5 0.5 0.5 0.5 0.5 0.5 0.5 0.5 0.5 0.5 
0.5 0.5 0.5 0.5 0.44 0.08 0.5 0.5 0.5 0.5 0.5 0.44 0.5 0.5 0.5 0.38 0.5 0.5 0.5 0.5 0.5 0.5 0.5 0.5 0.5 0.5 0.5 0.5 0.5 0.5 
0.5 0.5 0.5 0.5 0.44 0.11 0.5 0.5 0.5 0.5 0.5 0.44 0.5 0.5 0.5 0.38 0.5 0.5 0.5 0.5 0.5 0.5 0.5 0.5 0.5 0.5 0.5 0.5 0.5 0.5 
0.5 0.5 0.5 0.5 0.44 0.14 0.5 0.5 0.5 0.5 0.5 0.44 0.5 0.5 0.5 0.38 0.5 0.5 0.5 0.5 0.5 0.5 0.5 0.5 0.5 0.5 0.5 0.5 0.5 0.5 
0.5 0.5 0.5 0.5 0.44 0.17 0.5 0.5 0.5 0.5 0.5 0.44 0.5 0.5 0.5 0.38 0.5 0.5 0.5 0.5 0.5 0.5 0.5 0.5 0.5 0.5 0.5 0.5 0.5 0.5 
0.5 0.5 0.5 0.5 0.44 0.2 0.5 0.5 0.5 0.5 0.5 0.44 0.5 0.5 0.5 0.38 0.5 0.5 0.5 0.5 0.5 0.5 0.5 0.5 0.5 0.5 0.5 0.5 0.5 0.5 
0.5 0.5 0.5 0.5 0.44 0.23 0.5 0.5 0.5 0.5 0.5 0.44 0.5 0.5 0.5 0.38 0.5 0.5 0.5 0.5 0.5 0.5 0.5 0.5 0.5 0.5 0.5 0.5 0.5 0.5 
0.5 0.5 0.5 0.5 0.44 0.26 0.5 0.5 0.5 0.5 0.5 0.44 0.5 0.5 0.5 0.38 0.5 0.5 0.5 0.5 0.5 0.5 0.5 0.5 0.5 0.5 0.5 0.5 0.5 0.5 
0.5 0.5 0.5 0.5 0.44 0.29 0.5 0.5 0.5 0.5 0.5 0.44 0.5 0.5 0.5 0.38 0.5 0.5 0.5 0.5 0.5 0.5 0.5 0.5 0.5 0.5 0.5 0.5 0.5 0.5 
0.5 0.5 0.5 0.5 0.44 0.32 0.5 0.5 0.5 0.5 0.5 0.44 0.5 0.5 0.5 0.38 0.5 0.5 0.5 0.5 0.5 0.5 0.5 0.5 0.5 0.5 0.5 0.5 0.5 0.5 
0.5 0.5 0.5 0.5 0.44 0.35 0.5 0.5 0.5 0.5 0.5 0.44 0.5 0.5 0.5 0.38 0.5 0.5 0.5 0.5 0.5 0.5 0.5 0.5 0.5 0.5 0.5 0.5 0.5 0.5 
0.5 0.5 0.5 0.5 0.44 0.38 0.5 0.5 0.5 0.5 0.5 0.44 0.5 0.5 0.5 0.38 0.5 0.5 0.5 0.5 0.5 0.5 0.5 0.5 0.5 0.5 0.5 0.5 0.5 0.5 
0.5 0.5 0.5 0.5 0.44 0.41 0.5 0.5 0.5 0.5 0.5 0.44 0.5 0.5 0.5 0.38 0.5 0.5 0.5 0.5 0.5 0.5 0.5 0.5 0.5 0.5 0.5 0.5 0.5 0.5 
0.5 0.5 0.5 0.5 0.44 0.44 0.5 0.5 0.5 0.5 0.5 0.44 0.5 0.5 0.5 0.38 0.5 0.5 0.5 0.5 0.5 0.5 0.5 0.5 0.5 0.5 0.5 0.5 0.5 0.5 
0.5 0.5 0.5 0.5 0.44 0.47 0.5 0.5 0.5 0.5 0.5 0.44 0.5 0.5 0.5 0.38 0.5 0.5 0.5 0.5 0.5 0.5 0.5 0.5 0.5 0.5 0.5 0.5 0.5 0.5 
0.5 0.5 0.5 0.5 0.44 0.5 0.5 0.5 0.5 0.5 0.5 0.44 0.5 0.5 0.5 0.38 0.5 0.5 0.5 0.5 0.5 0.5 0.5 0.5 0.5 0.5 0.5 0.5 0.5 0.5 
0.5 0.5 0.5 0.5 0.44 0.5 0.5 0.5 0.5 0.5 0.5 0.47 0.5 0.5 0.5 0.38 0.5 0.5 0.5 0.5 0.5 0.5 0.5 0.5 0.5 0.5 0.5 0.5 0.5 0.5 
0.5 0.5 0.5 0.5 0.44 0.5 0.5 0.5 0.5 0.5 0.5 0.5 0.5 0.5 0.5 0.38 0.5 0.5 0.5 0.5 0.5 0.5 0.5 0.5 0.5 0.5 0.5 0.5 0.5 0.5 
0.5 0.5 0.5 0.5 0.44 0.5 0.5 0.5 0.5 0.5 0.5 0.5 0.5 0.5 0.5 0.41 0.5 0.5 0.5 0.5 0.5 0.5 0.5 0.5 0.5 0.5 0.5 0.5 0.5 0.5 
0.5 0.5 0.5 0.5 0.44 0.5 0.5 0.5 0.5 0.5 0.5 0.5 0.5 0.5 0.5 0.44 0.5 0.5 0.5 0.5 0.5 0.5 0.5 0.5 0.5 0.5 0.5 0.5 0.5 0.5 
0.5 0.5 0.5 0.5 0.44 0.5 0.5 0.5 0.5 0.5 0.5 0.5 0.5 0.5 0.5 0.47 0.5 0.5 0.5 0.5 0.5 0.5 0.5 0.5 0.5 0.5 0.5 0.5 0.5 0.5 
0.5 0.5 0.5 0.5 0.44 0.5 0.5 0.5 0.5 0.5 0.5 0.5 0.5 0.5 0.5 0.5 0.5 0.5 0.5 0.5 0.5 0.5 0.5 0.5 0.5 0.5 0.5 0.5 0.5 0.5 
0.5 0.5 0.5 0.5 0.47 0.5 0.5 0.5 0.5 0.5 0.5 0.5 0.5 0.5 0.5 0.5 0.5 0.5 0.5 0.5 0.5 0.5 0.5 0.5 0.5 0.5 0.5 0.5 0.5 0.5 
0.53 0.02 0.02 0.02 0.02 0.02 0.02 0.02 0.02 0.02 0.02 0.02 0.02 0.02 0.02 0.02 0.02 0.02 0.02 0.02 0.02 0.02 0.02 0.02 0.02 0.02 0.02 0.02 0.02 0.02 
0.56 0.02 0.02 0.02 0.02 0.02 0.02 0.02 0.02 0.02 0.02 0.02 0.02 0.02 0.02 0.02 0.02 0.02 0.02 0.02 0.02 0.02 0.02 0.02 0.02 0.02 0.02 0.02 0.02 0.02 
0.59 0.02 0.02 0.02 0.02 0.02 0.02 0.02 0.02 0.02 0.02 0.02 0.02 0.02 0.02 0.02 0.02 0.02 0.02 0.02 0.02 0.02 0.02 0.02 0.02 0.02 0.02 0.02 0.02 0.02 
0.62 0.02 0.02 0.02 0.02 0.02 0.02 0.02 0.02 0.02 0.02 0.02 0.02 0.02 0.02 0.02 0.02 0.02 0.02 0.02 0.02 0.02 0.02 0.02 0.02 0.02 0.02 0.02 0.02 0.02 
0.65 0.02 0.02 0.02 0.02 0.02 0.02 0.02 0.02 0.02 0.02 0.02 0.02 0.02 0.02 0.02 0.02 0.02 0.02 0.02 0.02 0.02 0.02 0.02 0.02 0.02 0.02 0.02 0.02 0.02 
0.68 0.02 0.02 0.02 0.02 0.02 0.02 0.02 0.02 0.02 0.02 0.02 0.02 0.02 0.02 0.02 0.02 0.02 0.02 0.02 0.02 0.02 0.02 0.02 0.02 0.02 0.02 0.02 0.02 0.02 
0.71 0.02 0.02 0.02 0.02 0.02 0.02 0.02 0.02 0.02 0.02 0.02 0.02 0.02 0.02 0.02 0.02 0.02 0.02 0.02 0.02 0.02 0.02 0.02 0.02 0.02 0.02 0.02 0.02 0.02 
0.74 0.02 0.02 0.02 0.02 0.02 0.02 0.02 0.02 0.02 0.02 0.02 0.02 0.02 0.02 0.02 0.02 0.02 0.02 0.02 0.02 0.02 0.02 0.02 0.02 0.02 0.02 0.02 0.02 0.02 
0.77 0.02 0.02 0.02 0.02 0.02 0.02 0.02 0.02 0.02 0.02 0.02 0.02 0.02 0.02 0.02 0.02 0.02 0.02 0.02 0.02 0.02 0.02 0.02 0.02 0.02 0.02 0.02 0.02 0.02 
0.8 0.02 0.02 0.02 0.02 0.02 0.02 0.02 0.02 0.02 0.02 0.02 0.02 0.02 0.02 0.02 0.02 0.02 0.02 0.02 0.02 0.02 0.02 0.02 0.02 0.02 0.02 0.02 0.02 0.02 
0.83 0.02 0.02 0.02 0.02 0.02 0.02 0.02 0.02 0.02 0.02 0.02 0.02 0.02 0.02 0.02 0.02 0.02 0.02 0.02 0.02 0.02 0.02 0.02 0.02 0.02 0.02 0.02 0.02 0.02 
0.86 0.02 0.02 0.02 0.02 0.02 0.02 0.02 0.02 0.02 0.02 0.02 0.02 0.02 0.02 0.02 0.02 0.02 0.02 0.02 0.02 0.02 0.02 0.02 0.02 0.02 0.02 0.02 0.02 0.02 
0.89 0.02 0.02 0.02 0.02 0.02 0.02 0.02 0.02 0.02 0.02 0.02 0.02 0.02 0.02 0.02 0.02 0.02 0.02 0.02 0.02 0.02 0.02 0.02 0.02 0.02 0.02 0.02 0.02 0.02 
0.89 0.02 0.02 0.02 0.02 0.02 0.02 0.02 0.02 0.02 0.02 0.02 0.02 0.02 0.02 0.02 0.02 0.02 0.02 0.02 0.02 0.02 0.02 0.02 0.02 0.02 0.02 0.02 0.02 0.02 
0.92 0.02 0.02 0.02 0.02 0.02 0.02 0.02 0.02 0.02 0.02 0.02 0.02 0.02 0.02 0.02 0.02 0.02 0.02 0.02 0.02 0.02 0.02 0.02 0.02 0.02 0.02 0.02 0.02 0.02 
0.95 0.02 0.02 0.02 0.02 0.02 0.02 0.02 0.02 0.02 0.02 0.02 0.02 0.02 0.02 0.02 0.02 0.02 0.02 0.02 0.02 0.02 0.02 0.02 0.02 0.02 0.02 0.02 0.02 0.02 
0.95 0.02 0.02 0.02 0.02 0.02 0.02 0.02 0.02 0.02 0.02 0.02 0.02 0.02 0.02 0.02 0.02 0.02 0.02 0.02 0.02 0.02 0.02 0.02 0.02 0.02 0.02 0.02 0.02 0.02 
0.98 0.02 0.02 0.02 0.02 0.02 0.02 0.02 0.02 0.02 0.02 0.02 0.02 0.02 0.02 0.02 0.02 0.02 0.02 0.02 0.02 0.02 0.02 0.02 0.02 0.02 0.02 0.02 0.02 0.02 
0.98 0.02 0.02 0.02 0.02 0.02 0.02 0.02 0.02 0.02 0.02 0.02 0.02 0.02 0.02 0.02 0.02 0.02 0.02 0.02 0.02 0.02 0.02 0.02 0.02 0.02 0.02 0.02 0.02 0.02 
0.98 0.02 0.02 0.02 0.02 0.02 0.02 0.02 0.02 0.02 0.02 0.02 0.02 0.02 0.02 0.02 0.02 0.02 0.02 0.02 0.02 0.02 0.02 0.02 0.02 0.02 0.02 0.02 0.02 0.05 
