0.235651 0.0871076 0.0841354 0.20488 0.243518 0.30513 0.0421925 0.144184 0.0589038 0.0198227 0.0704942 0.00474995 0.0441749 0.0425689 0.0616007 0.186928 0.172932 0.201682 0.19248 0.28435 0.170407 0.181174 0.228193 0.380566 0.23045 0.154987 0.0331708 0.125844 0.15382 0.21391 
0.235651 0.0871076 0.0841354 0.20488 0.243518 0.30513 0.0421925 0.144184 0.0589038 0.0198227 0.0704942 0.00474995 0.0441749 0.0425689 0.0616007 0.186928 0.172932 0.201682 0.19248 0.28435 0.170407 0.181174 0.228193 0.430566 0.23045 0.154987 0.0331708 0.125844 0.15382 0.21391 
0.235651 0.0871076 0.0841354 0.20488 0.243518 0.30513 0.0421925 0.144184 0.0589038 0.0198227 0.0704942 0.00474995 0.0441749 0.0425689 0.0616007 0.186928 0.172932 0.201682 0.19248 0.28435 0.170407 0.181174 0.278193 0.430566 0.23045 0.154987 0.0331708 0.125844 0.15382 0.21391 
0.235651 0.0871076 0.0841354 0.20488 0.243518 0.30513 0.0421925 0.144184 0.0589038 0.0198227 0.0704942 0.00474995 0.0441749 0.0425689 0.0616007 0.186928 0.172932 0.201682 0.19248 0.28435 0.170407 0.181174 0.278193 0.430566 0.23045 0.154987 0.0331708 0.125844 0.15382 0.26391 
0.235651 0.0871076 0.0841354 0.20488 0.243518 0.30513 0.0421925 0.144184 0.0589038 0.0198227 0.0704942 0.00474995 0.0441749 0.0425689 0.0616007 0.236928 0.172932 0.201682 0.19248 0.28435 0.170407 0.181174 0.278193 0.430566 0.23045 0.154987 0.0331708 0.125844 0.15382 0.26391 
0.235651 0.0871076 0.0841354 0.20488 0.243518 0.30513 0.0421925 0.144184 0.0589038 0.0198227 0.0704942 0.00474995 0.0441749 0.0425689 0.0616007 0.286928 0.172932 0.201682 0.19248 0.28435 0.170407 0.181174 0.278193 0.430566 0.23045 0.154987 0.0331708 0.125844 0.15382 0.26391 
0.235651 0.0871076 0.0841354 0.20488 0.243518 0.30513 0.0421925 0.144184 0.0589038 0.0198227 0.0704942 0.00474995 0.0441749 0.0425689 0.0616007 0.286928 0.172932 0.201682 0.19248 0.28435 0.170407 0.181174 0.278193 0.430566 0.23045 0.154987 0.0331708 0.125844 0.15382 0.31391 
0.235651 0.0871076 0.0841354 0.20488 0.243518 0.0551302 0.0421925 0.144184 0.0589038 0.0198227 0.0704942 0.15475 0.844175 0.192569 0.161601 0.186928 0.172932 0.201682 0.19248 0.28435 0.170407 0.181174 0.128193 0.130566 0.0304497 0.154987 0.0331708 0.125844 0.15382 0.21391 
0.235651 0.0871076 0.0841354 0.20488 0.243518 0.10513 0.0421925 0.144184 0.0589038 0.0198227 0.0704942 0.15475 0.744175 0.192569 0.161601 0.186928 0.172932 0.201682 0.19248 0.28435 0.170407 0.181174 0.128193 0.130566 0.0304497 0.154987 0.0331708 0.125844 0.15382 0.21391 
0.235651 0.0871076 0.0841354 0.20488 0.243518 0.10513 0.0421925 0.144184 0.0589038 0.0198227 0.0704942 0.15475 0.794175 0.192569 0.161601 0.186928 0.172932 0.201682 0.19248 0.28435 0.170407 0.181174 0.128193 0.130566 0.0304497 0.154987 0.0331708 0.125844 0.15382 0.21391 
0.235651 0.0871076 0.0841354 0.20488 0.243518 0.10513 0.0421925 0.144184 0.0589038 0.0198227 0.0704942 0.15475 0.844175 0.192569 0.161601 0.186928 0.172932 0.201682 0.19248 0.28435 0.170407 0.181174 0.128193 0.130566 0.0304497 0.154987 0.0331708 0.125844 0.15382 0.21391 
0.235651 0.0871076 0.0841354 0.20488 0.243518 0.15513 0.0421925 0.144184 0.0589038 0.0198227 0.0704942 0.15475 0.744175 0.192569 0.161601 0.186928 0.172932 0.201682 0.19248 0.28435 0.170407 0.181174 0.128193 0.130566 0.0304497 0.154987 0.0331708 0.125844 0.15382 0.21391 
0.235651 0.0871076 0.0841354 0.20488 0.243518 0.20513 0.0421925 0.144184 0.0589038 0.0198227 0.0704942 0.15475 0.744175 0.192569 0.161601 0.186928 0.172932 0.201682 0.19248 0.28435 0.170407 0.181174 0.128193 0.130566 0.0304497 0.154987 0.0331708 0.125844 0.15382 0.21391 
0.235651 0.0871076 0.0841354 0.20488 0.243518 0.25513 0.0421925 0.144184 0.0589038 0.0198227 0.0704942 0.15475 0.744175 0.192569 0.161601 0.186928 0.172932 0.201682 0.19248 0.28435 0.170407 0.181174 0.128193 0.130566 0.0304497 0.154987 0.0331708 0.125844 0.15382 0.21391 
0.235651 0.0871076 0.0841354 0.20488 0.243518 0.30513 0.0421925 0.144184 0.0589038 0.0198227 0.0704942 0.00474995 0.394175 0.192569 0.161601 0.186928 0.172932 0.201682 0.19248 0.28435 0.170407 0.181174 0.128193 0.130566 0.0304497 0.154987 0.0331708 0.125844 0.15382 0.21391 
0.235651 0.0871076 0.0841354 0.20488 0.243518 0.30513 0.0421925 0.144184 0.0589038 0.0198227 0.0704942 0.00474995 0.444175 0.192569 0.161601 0.186928 0.172932 0.201682 0.19248 0.28435 0.170407 0.181174 0.128193 0.130566 0.0304497 0.154987 0.0331708 0.125844 0.15382 0.21391 
0.235651 0.0871076 0.0841354 0.20488 0.243518 0.30513 0.0421925 0.144184 0.0589038 0.0198227 0.0704942 0.00474995 0.494175 0.192569 0.161601 0.186928 0.172932 0.201682 0.19248 0.28435 0.170407 0.181174 0.128193 0.130566 0.0304497 0.154987 0.0331708 0.125844 0.15382 0.21391 
0.235651 0.0871076 0.0841354 0.20488 0.243518 0.30513 0.0421925 0.144184 0.0589038 0.0198227 0.0704942 0.00474995 0.544175 0.192569 0.161601 0.186928 0.172932 0.201682 0.19248 0.28435 0.170407 0.181174 0.128193 0.130566 0.0304497 0.154987 0.0331708 0.125844 0.15382 0.21391 
0.235651 0.0871076 0.0841354 0.20488 0.243518 0.30513 0.0421925 0.144184 0.0589038 0.0198227 0.0704942 0.00474995 0.594175 0.192569 0.161601 0.186928 0.172932 0.201682 0.19248 0.28435 0.170407 0.181174 0.128193 0.130566 0.0304497 0.154987 0.0331708 0.125844 0.15382 0.21391 
0.235651 0.0871076 0.0841354 0.20488 0.243518 0.30513 0.0421925 0.144184 0.0589038 0.0198227 0.0704942 0.00474995 0.644175 0.192569 0.161601 0.186928 0.172932 0.201682 0.19248 0.28435 0.170407 0.181174 0.128193 0.130566 0.0304497 0.154987 0.0331708 0.125844 0.15382 0.21391 
0.235651 0.0871076 0.0841354 0.20488 0.243518 0.30513 0.0421925 0.144184 0.0589038 0.0198227 0.0704942 0.00474995 0.694175 0.192569 0.161601 0.186928 0.172932 0.201682 0.19248 0.28435 0.170407 0.181174 0.128193 0.130566 0.0304497 0.154987 0.0331708 0.125844 0.15382 0.21391 
0.235651 0.0871076 0.0841354 0.20488 0.243518 0.30513 0.0421925 0.144184 0.0589038 0.0198227 0.0704942 0.05475 0.694175 0.192569 0.161601 0.186928 0.172932 0.201682 0.19248 0.28435 0.170407 0.181174 0.128193 0.130566 0.0304497 0.154987 0.0331708 0.125844 0.15382 0.21391 
0.235651 0.0871076 0.0841354 0.20488 0.243518 0.30513 0.0421925 0.144184 0.0589038 0.0198227 0.0704942 0.10475 0.694175 0.192569 0.161601 0.186928 0.172932 0.201682 0.19248 0.28435 0.170407 0.181174 0.128193 0.130566 0.0304497 0.154987 0.0331708 0.125844 0.15382 0.21391 
0.235651 0.0871076 0.0841354 0.20488 0.243518 0.30513 0.0421925 0.144184 0.0589038 0.0198227 0.0704942 0.15475 0.694175 0.192569 0.161601 0.186928 0.172932 0.201682 0.19248 0.28435 0.170407 0.181174 0.128193 0.130566 0.0304497 0.154987 0.0331708 0.125844 0.15382 0.21391 
0.235651 0.0871076 0.0841354 0.20488 0.243518 0.30513 0.0421925 0.144184 0.0589038 0.0198227 0.0704942 0.15475 0.744175 0.192569 0.161601 0.186928 0.172932 0.201682 0.19248 0.28435 0.170407 0.181174 0.128193 0.130566 0.0304497 0.154987 0.0331708 0.125844 0.15382 0.21391 
0.235651 0.0871076 0.134135 0.20488 0.243518 0.30513 0.0421925 0.144184 0.0589038 0.0198227 0.0704942 0.00474995 0.0441749 0.0425689 0.0116007 0.186928 0.172932 0.201682 0.19248 0.28435 0.170407 0.181174 0.128193 0.380566 0.23045 0.154987 0.0331708 0.125844 0.15382 0.21391 
0.235651 0.0871076 0.134135 0.20488 0.243518 0.30513 0.0421925 0.144184 0.0589038 0.0198227 0.0704942 0.00474995 0.0441749 0.0425689 0.0116007 0.186928 0.172932 0.201682 0.19248 0.28435 0.170407 0.181174 0.178193 0.380566 0.23045 0.154987 0.0331708 0.125844 0.15382 0.21391 
0.235651 0.0871076 0.134135 0.20488 0.243518 0.30513 0.0421925 0.144184 0.0589038 0.0198227 0.0704942 0.00474995 0.0441749 0.0425689 0.0116007 0.186928 0.172932 0.201682 0.19248 0.28435 0.170407 0.181174 0.228193 0.380566 0.23045 0.154987 0.0331708 0.125844 0.15382 0.21391 
0.235651 0.0871076 0.134135 0.20488 0.243518 0.30513 0.0421925 0.144184 0.0589038 0.0198227 0.0704942 0.00474995 0.0441749 0.0425689 0.0616007 0.186928 0.172932 0.201682 0.19248 0.28435 0.170407 0.181174 0.128193 0.380566 0.23045 0.154987 0.0331708 0.125844 0.15382 0.21391 
0.235651 0.0871076 0.134135 0.20488 0.243518 0.30513 0.0421925 0.144184 0.0589038 0.0198227 0.0704942 0.00474995 0.0441749 0.0425689 0.0616007 0.186928 0.172932 0.201682 0.19248 0.28435 0.170407 0.181174 0.178193 0.380566 0.23045 0.154987 0.0331708 0.125844 0.15382 0.21391 
0.235651 0.0871076 0.134135 0.20488 0.243518 0.30513 0.0421925 0.144184 0.0589038 0.0198227 0.0704942 0.00474995 0.0441749 0.0425689 0.0616007 0.186928 0.172932 0.201682 0.19248 0.28435 0.170407 0.181174 0.228193 0.380566 0.23045 0.154987 0.0331708 0.125844 0.15382 0.21391 
0.235651 0.0871076 0.134135 0.20488 0.243518 0.30513 0.0421925 0.144184 0.0589038 0.0198227 0.0704942 0.00474995 0.394175 0.192569 0.161601 0.186928 0.172932 0.201682 0.19248 0.28435 0.170407 0.181174 0.128193 0.130566 0.0304497 0.154987 0.0331708 0.125844 0.15382 0.21391 
0.235651 0.0871076 0.184135 0.20488 0.243518 0.30513 0.0421925 0.144184 0.0589038 0.0198227 0.0704942 0.00474995 0.0441749 0.0425689 0.0116007 0.186928 0.172932 0.201682 0.19248 0.28435 0.170407 0.181174 0.128193 0.130566 0.18045 0.154987 0.0331708 0.125844 0.15382 0.21391 
0.235651 0.0871076 0.184135 0.20488 0.243518 0.30513 0.0421925 0.144184 0.0589038 0.0198227 0.0704942 0.00474995 0.0441749 0.0425689 0.0116007 0.186928 0.172932 0.201682 0.19248 0.28435 0.170407 0.181174 0.128193 0.130566 0.23045 0.154987 0.0331708 0.125844 0.15382 0.21391 
0.235651 0.0871076 0.184135 0.20488 0.243518 0.30513 0.0421925 0.144184 0.0589038 0.0198227 0.0704942 0.00474995 0.0441749 0.0425689 0.0116007 0.186928 0.172932 0.201682 0.19248 0.28435 0.170407 0.181174 0.128193 0.180566 0.23045 0.154987 0.0331708 0.125844 0.15382 0.21391 
0.235651 0.0871076 0.184135 0.20488 0.243518 0.30513 0.0421925 0.144184 0.0589038 0.0198227 0.0704942 0.00474995 0.0441749 0.0425689 0.0116007 0.186928 0.172932 0.201682 0.19248 0.28435 0.170407 0.181174 0.128193 0.230566 0.23045 0.154987 0.0331708 0.125844 0.15382 0.21391 
0.235651 0.0871076 0.184135 0.20488 0.243518 0.30513 0.0421925 0.144184 0.0589038 0.0198227 0.0704942 0.00474995 0.0441749 0.0425689 0.0116007 0.186928 0.172932 0.201682 0.19248 0.28435 0.170407 0.181174 0.128193 0.280566 0.23045 0.154987 0.0331708 0.125844 0.15382 0.21391 
0.235651 0.0871076 0.184135 0.20488 0.243518 0.30513 0.0421925 0.144184 0.0589038 0.0198227 0.0704942 0.00474995 0.0441749 0.0425689 0.0116007 0.186928 0.172932 0.201682 0.19248 0.28435 0.170407 0.181174 0.128193 0.330566 0.23045 0.154987 0.0331708 0.125844 0.15382 0.21391 
0.235651 0.0871076 0.184135 0.20488 0.243518 0.30513 0.0421925 0.144184 0.0589038 0.0198227 0.0704942 0.00474995 0.0441749 0.0425689 0.0116007 0.186928 0.172932 0.201682 0.19248 0.28435 0.170407 0.181174 0.128193 0.380566 0.23045 0.154987 0.0331708 0.125844 0.15382 0.21391 
0.235651 0.0871076 0.184135 0.20488 0.243518 0.30513 0.0421925 0.144184 0.0589038 0.0198227 0.0704942 0.00474995 0.0441749 0.0425689 0.0616007 0.186928 0.172932 0.201682 0.19248 0.28435 0.170407 0.181174 0.128193 0.130566 0.18045 0.154987 0.0331708 0.125844 0.15382 0.21391 
0.235651 0.0871076 0.184135 0.20488 0.243518 0.30513 0.0421925 0.144184 0.0589038 0.0198227 0.0704942 0.00474995 0.0441749 0.0425689 0.111601 0.186928 0.172932 0.201682 0.19248 0.28435 0.170407 0.181174 0.128193 0.130566 0.18045 0.154987 0.0331708 0.125844 0.15382 0.21391 
0.235651 0.0871076 0.184135 0.20488 0.243518 0.30513 0.0421925 0.144184 0.0589038 0.0198227 0.0704942 0.00474995 0.0441749 0.0425689 0.161601 0.186928 0.172932 0.201682 0.19248 0.28435 0.170407 0.181174 0.128193 0.130566 0.0304497 0.154987 0.0331708 0.125844 0.15382 0.21391 
0.235651 0.0871076 0.184135 0.20488 0.243518 0.30513 0.0421925 0.144184 0.0589038 0.0198227 0.0704942 0.00474995 0.0441749 0.0425689 0.161601 0.186928 0.172932 0.201682 0.19248 0.28435 0.170407 0.181174 0.128193 0.130566 0.0804497 0.154987 0.0331708 0.125844 0.15382 0.21391 
0.235651 0.0871076 0.184135 0.20488 0.243518 0.30513 0.0421925 0.144184 0.0589038 0.0198227 0.0704942 0.00474995 0.0441749 0.0425689 0.161601 0.186928 0.172932 0.201682 0.19248 0.28435 0.170407 0.181174 0.128193 0.130566 0.13045 0.154987 0.0331708 0.125844 0.15382 0.21391 
0.235651 0.0871076 0.184135 0.20488 0.243518 0.30513 0.0421925 0.144184 0.0589038 0.0198227 0.0704942 0.00474995 0.0441749 0.0425689 0.161601 0.186928 0.172932 0.201682 0.19248 0.28435 0.170407 0.181174 0.128193 0.130566 0.18045 0.154987 0.0331708 0.125844 0.15382 0.21391 
0.235651 0.0871076 0.184135 0.20488 0.243518 0.30513 0.0421925 0.144184 0.0589038 0.0198227 0.0704942 0.00474995 0.0441749 0.0925689 0.161601 0.186928 0.172932 0.201682 0.19248 0.28435 0.170407 0.181174 0.128193 0.130566 0.0304497 0.154987 0.0331708 0.125844 0.15382 0.21391 
0.235651 0.0871076 0.184135 0.20488 0.243518 0.30513 0.0421925 0.144184 0.0589038 0.0198227 0.0704942 0.00474995 0.0441749 0.142569 0.161601 0.186928 0.172932 0.201682 0.19248 0.28435 0.170407 0.181174 0.128193 0.130566 0.0304497 0.154987 0.0331708 0.125844 0.15382 0.21391 
0.235651 0.0871076 0.184135 0.20488 0.243518 0.30513 0.0421925 0.144184 0.0589038 0.0198227 0.0704942 0.00474995 0.0441749 0.192569 0.161601 0.186928 0.172932 0.201682 0.19248 0.28435 0.170407 0.181174 0.128193 0.130566 0.0304497 0.154987 0.0331708 0.125844 0.15382 0.21391 
0.235651 0.0871076 0.184135 0.20488 0.243518 0.30513 0.0421925 0.144184 0.0589038 0.0198227 0.0704942 0.00474995 0.0941749 0.192569 0.161601 0.186928 0.172932 0.201682 0.19248 0.28435 0.170407 0.181174 0.128193 0.130566 0.0304497 0.154987 0.0331708 0.125844 0.15382 0.21391 
0.235651 0.0871076 0.184135 0.20488 0.243518 0.30513 0.0421925 0.144184 0.0589038 0.0198227 0.0704942 0.00474995 0.144175 0.192569 0.161601 0.186928 0.172932 0.201682 0.19248 0.28435 0.170407 0.181174 0.128193 0.130566 0.0304497 0.154987 0.0331708 0.125844 0.15382 0.21391 
0.235651 0.0871076 0.184135 0.20488 0.243518 0.30513 0.0421925 0.144184 0.0589038 0.0198227 0.0704942 0.00474995 0.194175 0.192569 0.161601 0.186928 0.172932 0.201682 0.19248 0.28435 0.170407 0.181174 0.128193 0.130566 0.0304497 0.154987 0.0331708 0.125844 0.15382 0.21391 
0.235651 0.0871076 0.184135 0.20488 0.243518 0.30513 0.0421925 0.144184 0.0589038 0.0198227 0.0704942 0.00474995 0.244175 0.192569 0.161601 0.186928 0.172932 0.201682 0.19248 0.28435 0.170407 0.181174 0.128193 0.130566 0.0304497 0.154987 0.0331708 0.125844 0.15382 0.21391 
0.235651 0.0871076 0.184135 0.20488 0.243518 0.30513 0.0421925 0.144184 0.0589038 0.0198227 0.0704942 0.00474995 0.294175 0.192569 0.161601 0.186928 0.172932 0.201682 0.19248 0.28435 0.170407 0.181174 0.128193 0.130566 0.0304497 0.154987 0.0331708 0.125844 0.15382 0.21391 
0.235651 0.0871076 0.184135 0.20488 0.243518 0.30513 0.0421925 0.144184 0.0589038 0.0198227 0.0704942 0.00474995 0.344175 0.192569 0.161601 0.186928 0.172932 0.201682 0.19248 0.28435 0.170407 0.181174 0.128193 0.130566 0.0304497 0.154987 0.0331708 0.125844 0.15382 0.21391 
0.235651 0.0871076 0.184135 0.20488 0.243518 0.30513 0.0421925 0.144184 0.0589038 0.0198227 0.0704942 0.00474995 0.394175 0.192569 0.161601 0.186928 0.172932 0.201682 0.19248 0.28435 0.170407 0.181174 0.128193 0.130566 0.0304497 0.154987 0.0331708 0.125844 0.15382 0.21391 
0.235651 0.0871076 0.234135 0.20488 0.243518 0.30513 0.0421925 0.144184 0.0589038 0.0198227 0.0704942 0.00474995 0.0441749 0.0425689 0.0616007 0.186928 0.172932 0.201682 0.19248 0.28435 0.170407 0.181174 0.128193 0.130566 0.18045 0.154987 0.0331708 0.125844 0.15382 0.21391 
0.235651 0.0871076 0.234135 0.20488 0.243518 0.30513 0.0421925 0.144184 0.0589038 0.0198227 0.0704942 0.00474995 0.0441749 0.0925689 0.161601 0.186928 0.172932 0.201682 0.19248 0.28435 0.170407 0.181174 0.128193 0.130566 0.0304497 0.154987 0.0331708 0.125844 0.15382 0.21391 
0.235651 0.0871076 0.234135 0.20488 0.243518 0.30513 0.0421925 0.144184 0.0589038 0.0198227 0.0704942 0.00474995 0.0941749 0.192569 0.161601 0.186928 0.172932 0.201682 0.19248 0.28435 0.170407 0.181174 0.128193 0.130566 0.0304497 0.154987 0.0331708 0.125844 0.15382 0.21391 
0.235651 0.0871076 0.234135 0.20488 0.243518 0.30513 0.0421925 0.144184 0.0589038 0.0198227 0.0704942 0.00474995 0.194175 0.192569 0.161601 0.186928 0.172932 0.201682 0.19248 0.28435 0.170407 0.181174 0.128193 0.130566 0.0304497 0.154987 0.0331708 0.125844 0.15382 0.21391 
0.235651 0.0871076 0.284135 0.20488 0.243518 0.30513 0.0421925 0.144184 0.0589038 0.0198227 0.0704942 0.00474995 0.0441749 0.0425689 0.0616007 0.186928 0.172932 0.201682 0.19248 0.28435 0.170407 0.181174 0.128193 0.130566 0.18045 0.154987 0.0331708 0.125844 0.15382 0.21391 
0.235651 0.0871076 0.284135 0.20488 0.243518 0.30513 0.0421925 0.144184 0.0589038 0.0198227 0.0704942 0.00474995 0.0441749 0.0925689 0.161601 0.186928 0.172932 0.201682 0.19248 0.28435 0.170407 0.181174 0.128193 0.130566 0.0304497 0.154987 0.0331708 0.125844 0.15382 0.21391 
0.235651 0.0871076 0.284135 0.20488 0.243518 0.30513 0.0421925 0.144184 0.0589038 0.0198227 0.0704942 0.00474995 0.0941749 0.192569 0.161601 0.186928 0.172932 0.201682 0.19248 0.28435 0.170407 0.181174 0.128193 0.130566 0.0304497 0.154987 0.0331708 0.125844 0.15382 0.21391 
0.235651 0.0871076 0.284135 0.20488 0.243518 0.30513 0.0421925 0.144184 0.0589038 0.0198227 0.0704942 0.00474995 0.194175 0.192569 0.161601 0.186928 0.172932 0.201682 0.19248 0.28435 0.170407 0.181174 0.128193 0.130566 0.0304497 0.154987 0.0331708 0.125844 0.15382 0.21391 
0.235651 0.0871076 0.334135 0.20488 0.243518 0.30513 0.0421925 0.144184 0.0589038 0.0198227 0.0704942 0.00474995 0.0441749 0.0425689 0.0616007 0.186928 0.172932 0.201682 0.19248 0.28435 0.170407 0.181174 0.128193 0.130566 0.18045 0.154987 0.0331708 0.125844 0.15382 0.21391 
0.235651 0.0871076 0.334135 0.20488 0.243518 0.30513 0.0421925 0.144184 0.0589038 0.0198227 0.0704942 0.00474995 0.0441749 0.0925689 0.161601 0.186928 0.172932 0.201682 0.19248 0.28435 0.170407 0.181174 0.128193 0.130566 0.0304497 0.154987 0.0331708 0.125844 0.15382 0.21391 
0.235651 0.0871076 0.334135 0.20488 0.243518 0.30513 0.0421925 0.144184 0.0589038 0.0198227 0.0704942 0.00474995 0.0941749 0.192569 0.161601 0.186928 0.172932 0.201682 0.19248 0.28435 0.170407 0.181174 0.128193 0.130566 0.0304497 0.154987 0.0331708 0.125844 0.15382 0.21391 
0.235651 0.0871076 0.334135 0.20488 0.243518 0.30513 0.0421925 0.144184 0.0589038 0.0198227 0.0704942 0.00474995 0.194175 0.192569 0.161601 0.186928 0.172932 0.201682 0.19248 0.28435 0.170407 0.181174 0.128193 0.130566 0.0304497 0.154987 0.0331708 0.125844 0.15382 0.21391 
0.235651 0.0871076 0.384135 0.20488 0.243518 0.30513 0.0421925 0.144184 0.0589038 0.0198227 0.0704942 0.00474995 0.0441749 0.0425689 0.0616007 0.186928 0.172932 0.201682 0.19248 0.28435 0.170407 0.181174 0.128193 0.130566 0.18045 0.154987 0.0331708 0.125844 0.15382 0.21391 
0.235651 0.0871076 0.384135 0.20488 0.243518 0.30513 0.0421925 0.144184 0.0589038 0.0198227 0.0704942 0.00474995 0.0441749 0.0425689 0.0616007 0.136928 0.172932 0.201682 0.19248 0.28435 0.170407 0.181174 0.128193 0.130566 0.18045 0.154987 0.0331708 0.125844 0.15382 0.21391 
0.235651 0.0871076 0.384135 0.20488 0.243518 0.30513 0.0421925 0.144184 0.0589038 0.0198227 0.0704942 0.00474995 0.0441749 0.0425689 0.0616007 0.186928 0.172932 0.201682 0.19248 0.28435 0.170407 0.181174 0.128193 0.130566 0.18045 0.154987 0.0331708 0.125844 0.15382 0.21391 
0.235651 0.0871076 0.384135 0.20488 0.243518 0.30513 0.0421925 0.144184 0.0589038 0.0198227 0.0704942 0.00474995 0.0441749 0.0425689 0.111601 0.186928 0.172932 0.201682 0.19248 0.28435 0.170407 0.181174 0.128193 0.130566 0.0304497 0.154987 0.0331708 0.125844 0.15382 0.21391 
0.235651 0.0871076 0.384135 0.20488 0.243518 0.30513 0.0421925 0.144184 0.0589038 0.0198227 0.0704942 0.00474995 0.0441749 0.0425689 0.111601 0.186928 0.172932 0.201682 0.19248 0.28435 0.170407 0.181174 0.128193 0.130566 0.0804497 0.154987 0.0331708 0.125844 0.15382 0.21391 
0.235651 0.0871076 0.384135 0.20488 0.243518 0.30513 0.0421925 0.144184 0.0589038 0.0198227 0.0704942 0.00474995 0.0441749 0.0425689 0.111601 0.186928 0.172932 0.201682 0.19248 0.28435 0.170407 0.181174 0.128193 0.130566 0.13045 0.154987 0.0331708 0.125844 0.15382 0.21391 
0.235651 0.0871076 0.384135 0.20488 0.243518 0.30513 0.0421925 0.144184 0.0589038 0.0198227 0.0704942 0.00474995 0.0441749 0.0425689 0.111601 0.186928 0.172932 0.201682 0.19248 0.28435 0.170407 0.181174 0.128193 0.130566 0.18045 0.154987 0.0331708 0.125844 0.15382 0.21391 
0.235651 0.0871076 0.384135 0.20488 0.243518 0.30513 0.0421925 0.144184 0.0589038 0.0198227 0.0704942 0.00474995 0.0441749 0.0925689 0.111601 0.186928 0.172932 0.201682 0.19248 0.28435 0.170407 0.181174 0.128193 0.130566 0.0304497 0.154987 0.0331708 0.125844 0.15382 0.21391 
0.235651 0.0871076 0.384135 0.20488 0.243518 0.30513 0.0421925 0.144184 0.0589038 0.0198227 0.0704942 0.00474995 0.0441749 0.0925689 0.161601 0.186928 0.172932 0.201682 0.19248 0.28435 0.170407 0.181174 0.128193 0.130566 0.0304497 0.154987 0.0331708 0.125844 0.15382 0.21391 
0.235651 0.0871076 0.384135 0.20488 0.243518 0.30513 0.0421925 0.144184 0.0589038 0.0198227 0.0704942 0.00474995 0.0941749 0.192569 0.161601 0.186928 0.172932 0.201682 0.19248 0.28435 0.170407 0.181174 0.128193 0.130566 0.0304497 0.154987 0.0331708 0.125844 0.15382 0.21391 
0.235651 0.0871076 0.384135 0.20488 0.243518 0.30513 0.0421925 0.144184 0.0589038 0.0198227 0.0704942 0.00474995 0.194175 0.192569 0.161601 0.186928 0.172932 0.201682 0.19248 0.28435 0.170407 0.181174 0.128193 0.130566 0.0304497 0.154987 0.0331708 0.125844 0.15382 0.21391 
0.235651 0.0871076 0.434135 0.20488 0.243518 0.30513 0.0421925 0.144184 0.0589038 0.0198227 0.0704942 0.00474995 0.0441749 0.0425689 0.0116007 0.0869279 0.172932 0.201682 0.19248 0.28435 0.170407 0.181174 0.128193 0.130566 0.18045 0.154987 0.0331708 0.125844 0.15382 0.21391 
0.235651 0.0871076 0.434135 0.20488 0.243518 0.30513 0.0421925 0.144184 0.0589038 0.0198227 0.0704942 0.00474995 0.0441749 0.0425689 0.0116007 0.0869279 0.172932 0.201682 0.19248 0.28435 0.170407 0.181174 0.128193 0.130566 0.23045 0.154987 0.0331708 0.125844 0.15382 0.21391 
0.235651 0.0871076 0.434135 0.20488 0.243518 0.30513 0.0421925 0.144184 0.0589038 0.0198227 0.0704942 0.00474995 0.0441749 0.0425689 0.0116007 0.0869279 0.172932 0.201682 0.19248 0.28435 0.170407 0.181174 0.128193 0.180566 0.23045 0.154987 0.0331708 0.125844 0.15382 0.21391 
0.235651 0.0871076 0.434135 0.20488 0.243518 0.30513 0.0421925 0.144184 0.0589038 0.0198227 0.0704942 0.00474995 0.0441749 0.0425689 0.0616007 0.0869279 0.172932 0.201682 0.19248 0.28435 0.170407 0.181174 0.128193 0.130566 0.18045 0.154987 0.0331708 0.125844 0.15382 0.21391 
0.235651 0.0871076 0.434135 0.20488 0.243518 0.30513 0.0421925 0.144184 0.0589038 0.0198227 0.0704942 0.00474995 0.0441749 0.0425689 0.0616007 0.136928 0.172932 0.201682 0.19248 0.28435 0.170407 0.181174 0.128193 0.130566 0.18045 0.154987 0.0331708 0.125844 0.15382 0.21391 
0.235651 0.0871076 0.434135 0.20488 0.243518 0.30513 0.0421925 0.144184 0.0589038 0.0198227 0.0704942 0.00474995 0.0941749 0.192569 0.161601 0.186928 0.172932 0.201682 0.19248 0.28435 0.170407 0.181174 0.128193 0.130566 0.0304497 0.154987 0.0331708 0.125844 0.15382 0.21391 
0.235651 0.0871076 0.434135 0.20488 0.243518 0.30513 0.0421925 0.144184 0.0589038 0.0198227 0.0704942 0.00474995 0.194175 0.192569 0.161601 0.186928 0.172932 0.201682 0.19248 0.28435 0.170407 0.181174 0.128193 0.130566 0.0304497 0.154987 0.0331708 0.125844 0.15382 0.21391 
0.235651 0.0871076 0.484135 0.20488 0.243518 0.30513 0.0421925 0.144184 0.0589038 0.0198227 0.0704942 0.00474995 0.0941749 0.192569 0.161601 0.186928 0.172932 0.201682 0.19248 0.28435 0.170407 0.181174 0.128193 0.130566 0.0304497 0.154987 0.0331708 0.125844 0.15382 0.21391 
0.235651 0.0871076 0.484135 0.20488 0.243518 0.30513 0.0421925 0.144184 0.0589038 0.0198227 0.0704942 0.00474995 0.194175 0.192569 0.161601 0.186928 0.172932 0.201682 0.19248 0.28435 0.170407 0.181174 0.128193 0.130566 0.0304497 0.154987 0.0331708 0.125844 0.15382 0.21391 
0.235651 0.0871076 0.534135 0.20488 0.243518 0.30513 0.0421925 0.144184 0.0589038 0.0198227 0.0704942 0.00474995 0.0941749 0.192569 0.161601 0.186928 0.172932 0.201682 0.19248 0.28435 0.170407 0.181174 0.128193 0.130566 0.0304497 0.154987 0.0331708 0.125844 0.15382 0.21391 
0.235651 0.0871076 0.534135 0.20488 0.243518 0.30513 0.0421925 0.144184 0.0589038 0.0198227 0.0704942 0.00474995 0.194175 0.192569 0.161601 0.186928 0.172932 0.201682 0.19248 0.28435 0.170407 0.181174 0.128193 0.130566 0.0304497 0.154987 0.0331708 0.125844 0.15382 0.21391 
0.235651 0.0871076 0.584135 0.20488 0.243518 0.30513 0.0421925 0.144184 0.0589038 0.0198227 0.0704942 0.00474995 0.0941749 0.192569 0.161601 0.186928 0.172932 0.201682 0.19248 0.28435 0.170407 0.181174 0.128193 0.130566 0.0304497 0.154987 0.0331708 0.125844 0.15382 0.21391 
0.235651 0.0871076 0.584135 0.20488 0.243518 0.30513 0.0421925 0.144184 0.0589038 0.0198227 0.0704942 0.00474995 0.194175 0.192569 0.161601 0.186928 0.172932 0.201682 0.19248 0.28435 0.170407 0.181174 0.128193 0.130566 0.0304497 0.154987 0.0331708 0.125844 0.15382 0.21391 
0.235651 0.0871076 0.634135 0.20488 0.243518 0.30513 0.0421925 0.144184 0.0589038 0.0198227 0.0704942 0.00474995 0.0941749 0.192569 0.161601 0.186928 0.172932 0.201682 0.19248 0.28435 0.170407 0.181174 0.128193 0.130566 0.0304497 0.154987 0.0331708 0.125844 0.15382 0.21391 
0.235651 0.0871076 0.634135 0.20488 0.243518 0.30513 0.0421925 0.144184 0.0589038 0.0198227 0.0704942 0.00474995 0.194175 0.192569 0.161601 0.186928 0.172932 0.201682 0.19248 0.28435 0.170407 0.181174 0.128193 0.130566 0.0304497 0.154987 0.0331708 0.125844 0.15382 0.21391 
0.235651 0.0871076 0.684135 0.20488 0.243518 0.30513 0.0421925 0.144184 0.0589038 0.0198227 0.0704942 0.00474995 0.0941749 0.192569 0.161601 0.186928 0.172932 0.201682 0.19248 0.28435 0.170407 0.181174 0.128193 0.130566 0.0304497 0.154987 0.0331708 0.125844 0.15382 0.21391 
0.235651 0.0871076 0.684135 0.20488 0.243518 0.30513 0.0421925 0.144184 0.0589038 0.0198227 0.0704942 0.00474995 0.194175 0.192569 0.161601 0.186928 0.172932 0.201682 0.19248 0.28435 0.170407 0.181174 0.128193 0.130566 0.0304497 0.154987 0.0331708 0.125844 0.15382 0.21391 
0.235651 0.0871076 0.0841354 0.20488 0.243518 0.0551302 0.0421925 0.144184 0.0589038 0.0198227 0.0704942 0.15475 0.844175 0.192569 0.0616007 0.186928 0.172932 0.201682 0.19248 0.28435 0.170407 0.181174 0.128193 0.130566 0.0304497 0.154987 0.0331708 0.125844 0.15382 0.21391 
0.235651 0.0871076 0.0841354 0.20488 0.243518 0.0551302 0.0421925 0.144184 0.0589038 0.0198227 0.0704942 0.15475 0.844175 0.192569 0.111601 0.186928 0.172932 0.201682 0.19248 0.28435 0.170407 0.181174 0.128193 0.130566 0.0304497 0.154987 0.0331708 0.125844 0.15382 0.21391 
0.5 0.5 0.5 0.5 0.5 0.5 0.5 0.5 0.5 0.5 0.5 0.5 0 0.5 0.5 0.5 0.5 0.55 0.5 0.15 0.4 0.55 0.45 0.5 0.5 0.5 0.5 0.5 0.5 0.5 
0.5 0.5 0.5 0.5 0.5 0.5 0.5 0.5 0.5 0.5 0.5 0.5 0 0.5 0.5 0.5 0.5 0.55 0.55 0.15 0.4 0.55 0.45 0.5 0.5 0.5 0.5 0.5 0.5 0.5 
0.5 0.5 0.5 0.5 0.5 0.5 0.5 0.5 0.5 0.5 0.5 0.5 0 0.5 0.5 0.5 0.5 0.6 0.5 0.15 0.4 0.55 0.45 0.5 0.5 0.5 0.5 0.5 0.5 0.5 
0.5 0.5 0.5 0.5 0.5 0.5 0.5 0.5 0.5 0.5 0.5 0.5 0 0.5 0.5 0.5 0.5 0.6 0.55 0.15 0.4 0.55 0.45 0.5 0.5 0.5 0.5 0.5 0.5 0.5 
0.5 0.5 0.5 0.5 0.5 0.5 0.5 0.5 0.5 0.5 0.5 0.5 0 0.5 0.5 0.5 0.5 0.65 0.55 0.15 0.4 0.55 0.45 0.5 0.5 0.5 0.5 0.5 0.5 0.5 
0.5 0.5 0.5 0.5 0.5 0.5 0.5 0.5 0.5 0.5 0.5 0.5 0 0.5 0.5 0.5 0.5 0.7 0.55 0.15 0.4 0.55 0.45 0.5 0.5 0.5 0.5 0.5 0.5 0.5 
0.5 0.5 0.5 0.5 0.5 0.5 0.5 0.5 0.5 0.5 0.5 0.5 0 0.5 0.5 0.5 0.5 0.75 0.55 0.15 0.4 0.55 0.45 0.5 0.5 0.5 0.5 0.5 0.5 0.5 
0.5 0.5 0.5 0.5 0.5 0.5 0.5 0.5 0.5 0.5 0.5 0.5 0 0.5 0.5 0.5 0.5 0.8 0.55 0.15 0.4 0.55 0.45 0.5 0.5 0.5 0.5 0.5 0.5 0.5 
0.5 0.5 0.5 0.5 0.5 0.5 0.5 0.5 0.5 0.5 0.5 0.5 0 0.5 0.5 0.5 0.5 0.85 0.55 0.15 0.4 0.55 0.45 0.5 0.5 0.5 0.5 0.5 0.5 0.5 
0.5 0.5 0.5 0.5 0.5 0.5 0.5 0.5 0.5 0.5 0.5 0.5 0 0.5 0.5 0.5 0.5 0.9 0.55 0.15 0.4 0.55 0.45 0.5 0.5 0.5 0.5 0.5 0.5 0.5 
0.5 0.5 0.5 0.5 0.5 0.5 0.5 0.5 0.5 0.5 0.5 0.5 0 0.5 0.5 0.5 0.5 0.95 0.55 0.15 0.4 0.55 0.45 0.5 0.5 0.5 0.5 0.5 0.5 0.5 
0.5 0.5 0.5 0.5 0.5 0.5 0.5 0.5 0.5 0.5 0.5 0.5 0.05 0.5 0.5 0.5 0.5 0.55 0.5 0.15 0.4 0.55 0.45 0.5 0.5 0.5 0.5 0.5 0.5 0.5 
0.5 0.5 0.5 0.5 0.5 0.5 0.5 0.5 0.5 0.5 0.5 0.5 0.05 0.5 0.5 0.5 0.5 0.55 0.5 0.2 0.4 0.55 0.45 0.5 0.5 0.5 0.5 0.5 0.5 0.5 
0.5 0.5 0.5 0.5 0.5 0.5 0.5 0.5 0.5 0.5 0.5 0.5 0.05 0.5 0.5 0.5 0.5 0.55 0.5 0.25 0.4 0.55 0.45 0.5 0.5 0.5 0.5 0.5 0.5 0.5 
0.5 0.5 0.5 0.5 0.5 0.5 0.5 0.5 0.5 0.5 0.5 0.5 0.05 0.5 0.5 0.5 0.5 0.6 0.5 0.15 0.4 0.55 0.45 0.5 0.5 0.5 0.5 0.5 0.5 0.5 
0.5 0.5 0.5 0.5 0.5 0.5 0.5 0.5 0.5 0.5 0.5 0.5 0.1 0.5 0.5 0.5 0.5 0.55 0.5 0.25 0.4 0.55 0.45 0.5 0.5 0.5 0.5 0.5 0.5 0.5 
0.5 0.5 0.5 0.5 0.5 0.5 0.5 0.5 0.5 0.5 0.5 0.5 0.15 0.5 0.5 0.5 0.5 0.55 0.5 0.25 0.4 0.55 0.45 0.5 0.5 0.5 0.5 0.5 0.5 0.5 
0.5 0.5 0.5 0.5 0.5 0.5 0.5 0.5 0.5 0.5 0.5 0.5 0.2 0.5 0.5 0.5 0.5 0.55 0.5 0.25 0.4 0.55 0.45 0.5 0.5 0.5 0.5 0.5 0.5 0.5 
0.5 0.5 0.5 0.5 0.5 0.5 0.5 0.5 0.5 0.5 0.5 0.5 0.25 0.5 0.5 0.5 0.5 0.55 0.5 0.25 0.4 0.55 0.45 0.5 0.5 0.5 0.5 0.5 0.5 0.5 
0.5 0.5 0.5 0.5 0.5 0.5 0.5 0.5 0.5 0.5 0.5 0.5 0.3 0.5 0.5 0.5 0.5 0.55 0.5 0.25 0.4 0.55 0.45 0.5 0.5 0.5 0.5 0.5 0.5 0.5 
0.5 0.5 0.5 0.5 0.5 0.5 0.5 0.5 0.5 0.5 0.5 0.5 0.35 0.5 0.5 0.5 0.5 0.55 0.5 0.25 0.4 0.55 0.45 0.5 0.5 0.5 0.5 0.5 0.5 0.5 
0.5 0.5 0.5 0.5 0.5 0.5 0.5 0.5 0.5 0.5 0.5 0.5 0.35 0.5 0.5 0.5 0.5 0.55 0.5 0.3 0.4 0.55 0.45 0.5 0.5 0.5 0.5 0.5 0.5 0.5 
0.5 0.5 0.5 0.5 0.5 0.5 0.5 0.5 0.5 0.5 0.5 0.5 0.35 0.5 0.5 0.5 0.5 0.55 0.5 0.35 0.4 0.55 0.45 0.5 0.5 0.5 0.5 0.5 0.5 0.5 
0.5 0.5 0.5 0.5 0.5 0.5 0.5 0.5 0.5 0.5 0.5 0.5 0.35 0.5 0.5 0.5 0.5 0.55 0.5 0.4 0.4 0.55 0.45 0.5 0.5 0.5 0.5 0.5 0.5 0.5 
0.5 0.5 0.5 0.5 0.5 0.5 0.5 0.5 0.5 0.5 0.5 0.5 0.35 0.5 0.5 0.5 0.5 0.55 0.5 0.45 0.4 0.55 0.45 0.5 0.5 0.5 0.5 0.5 0.5 0.5 
0.5 0.5 0.5 0.5 0.5 0.5 0.5 0.5 0.5 0.5 0.5 0.5 0.35 0.5 0.5 0.5 0.5 0.55 0.5 0.5 0.4 0.55 0.45 0.5 0.5 0.5 0.5 0.5 0.5 0.5 
0.5 0.5 0.5 0.5 0.5 0.5 0.5 0.5 0.5 0.5 0.5 0.5 0.35 0.5 0.5 0.5 0.5 0.55 0.5 0.55 0.4 0.55 0.45 0.5 0.5 0.5 0.5 0.5 0.5 0.5 
0.5 0.5 0.5 0.5 0.5 0.5 0.5 0.5 0.5 0.5 0.5 0.5 0.4 0.5 0.5 0.5 0.5 0.55 0.5 0.55 0.4 0.55 0.45 0.5 0.5 0.5 0.5 0.5 0.5 0.5 
0.5 0.5 0.5 0.5 0.5 0.5 0.5 0.5 0.5 0.5 0.5 0.5 0.45 0.5 0.5 0.5 0.5 0.55 0.5 0.55 0.4 0.55 0.45 0.5 0.5 0.5 0.5 0.5 0.5 0.5 
0.5 0.5 0.5 0.5 0.5 0.5 0.5 0.5 0.5 0.5 0.5 0.5 0.5 0.5 0.5 0.5 0.5 0.5 0.5 0.5 0.4 0.5 0.5 0.5 0.5 0.5 0.5 0.5 0.5 0.5 
0.5 0.5 0.5 0.5 0.5 0.5 0.5 0.5 0.5 0.5 0.5 0.5 0.5 0.5 0.5 0.5 0.5 0.5 0.5 0.5 0.4 0.55 0.45 0.5 0.5 0.5 0.5 0.5 0.5 0.5 
0.5 0.5 0.5 0.5 0.5 0.5 0.5 0.5 0.5 0.5 0.5 0.5 0.5 0.5 0.5 0.5 0.5 0.5 0.5 0.5 0.4 0.55 0.5 0.5 0.5 0.5 0.5 0.5 0.5 0.5 
0.5 0.5 0.5 0.5 0.5 0.5 0.5 0.5 0.5 0.5 0.5 0.5 0.5 0.5 0.5 0.5 0.5 0.5 0.5 0.5 0.45 0.5 0.5 0.5 0.5 0.5 0.5 0.5 0.5 0.5 
0.5 0.5 0.5 0.5 0.5 0.5 0.5 0.5 0.5 0.5 0.5 0.5 0.5 0.5 0.5 0.5 0.5 0.5 0.5 0.55 0.4 0.5 0.5 0.5 0.5 0.5 0.5 0.5 0.5 0.5 
0.5 0.5 0.5 0.5 0.5 0.5 0.5 0.5 0.5 0.5 0.5 0.5 0.5 0.5 0.5 0.5 0.5 0.5 0.5 0.55 0.4 0.55 0.45 0.5 0.5 0.5 0.5 0.5 0.5 0.5 
0.5 0.5 0.5 0.5 0.5 0.5 0.5 0.5 0.5 0.5 0.5 0.5 0.5 0.5 0.5 0.5 0.5 0.5 0.5 0.55 0.4 0.55 0.5 0.5 0.5 0.5 0.5 0.5 0.5 0.5 
0.5 0.5 0.5 0.5 0.5 0.5 0.5 0.5 0.5 0.5 0.5 0.5 0.5 0.5 0.5 0.5 0.5 0.5 0.5 0.6 0.4 0.5 0.5 0.5 0.5 0.5 0.5 0.5 0.5 0.5 
0.5 0.5 0.5 0.5 0.5 0.5 0.5 0.5 0.5 0.5 0.5 0.5 0.5 0.5 0.5 0.5 0.5 0.5 0.5 0.6 0.4 0.55 0.5 0.5 0.5 0.5 0.5 0.5 0.5 0.5 
0.5 0.5 0.5 0.5 0.5 0.5 0.5 0.5 0.5 0.5 0.5 0.5 0.5 0.5 0.5 0.5 0.5 0.5 0.5 0.65 0.4 0.5 0.5 0.5 0.5 0.5 0.5 0.5 0.5 0.5 
0.5 0.5 0.5 0.5 0.5 0.5 0.5 0.5 0.5 0.5 0.5 0.5 0.5 0.5 0.5 0.5 0.5 0.5 0.5 0.65 0.4 0.55 0.5 0.5 0.5 0.5 0.5 0.5 0.5 0.5 
0.5 0.5 0.5 0.5 0.5 0.5 0.5 0.5 0.5 0.5 0.5 0.5 0.5 0.5 0.5 0.5 0.5 0.5 0.5 0.7 0.4 0.5 0.5 0.5 0.5 0.5 0.5 0.5 0.5 0.5 
0.5 0.5 0.5 0.5 0.5 0.5 0.5 0.5 0.5 0.5 0.5 0.5 0.5 0.5 0.5 0.5 0.5 0.5 0.5 0.7 0.4 0.55 0.5 0.5 0.5 0.5 0.5 0.5 0.5 0.5 
0.5 0.5 0.5 0.5 0.5 0.5 0.5 0.5 0.5 0.5 0.5 0.5 0.5 0.5 0.5 0.5 0.5 0.5 0.5 0.75 0.4 0.5 0.5 0.5 0.5 0.5 0.5 0.5 0.5 0.5 
0.5 0.5 0.5 0.5 0.5 0.5 0.5 0.5 0.5 0.5 0.5 0.5 0.5 0.5 0.5 0.5 0.5 0.5 0.5 0.75 0.4 0.55 0.5 0.5 0.5 0.5 0.5 0.5 0.5 0.5 
0.5 0.5 0.5 0.5 0.5 0.5 0.5 0.5 0.5 0.5 0.5 0.5 0.5 0.5 0.5 0.5 0.5 0.5 0.5 0.8 0.4 0.5 0.5 0.5 0.5 0.5 0.5 0.5 0.5 0.5 
0.5 0.5 0.5 0.5 0.5 0.5 0.5 0.5 0.5 0.5 0.5 0.5 0.5 0.5 0.5 0.5 0.5 0.5 0.5 0.8 0.4 0.55 0.5 0.5 0.5 0.5 0.5 0.5 0.5 0.5 
0.5 0.5 0.5 0.5 0.5 0.5 0.5 0.5 0.5 0.5 0.5 0.5 0.5 0.5 0.5 0.5 0.5 0.5 0.5 0.85 0.4 0.5 0.5 0.5 0.5 0.5 0.5 0.5 0.5 0.5 
0.5 0.5 0.5 0.5 0.5 0.5 0.5 0.5 0.5 0.5 0.5 0.5 0.5 0.5 0.5 0.5 0.5 0.5 0.5 0.85 0.4 0.55 0.5 0.5 0.5 0.5 0.5 0.5 0.5 0.5 
0.5 0.5 0.5 0.5 0.5 0.5 0.5 0.5 0.5 0.5 0.5 0.5 0.5 0.5 0.5 0.5 0.5 0.5 0.5 0.9 0.4 0.5 0.5 0.5 0.5 0.5 0.5 0.5 0.5 0.5 
0.5 0.5 0.5 0.5 0.5 0.5 0.5 0.5 0.5 0.5 0.5 0.5 0.5 0.5 0.5 0.5 0.5 0.5 0.5 0.9 0.4 0.55 0.5 0.5 0.5 0.5 0.5 0.5 0.5 0.5 
0.5 0.5 0.5 0.5 0.5 0.5 0.5 0.5 0.5 0.5 0.5 0.5 0.5 0.5 0.5 0.5 0.5 0.5 0.5 0.95 0.4 0.5 0.5 0.5 0.5 0.5 0.5 0.5 0.5 0.5 
0.5 0.5 0.5 0.5 0.5 0.5 0.5 0.5 0.5 0.5 0.5 0.5 0.5 0.5 0.5 0.5 0.5 0.5 0.5 0.95 0.4 0.55 0.5 0.5 0.5 0.5 0.5 0.5 0.5 0.5 
0.5 0.5 0.5 0.5 0.5 0.5 0.5 0.5 0.5 0.5 0.5 0.5 0.5 0.5 0.5 0.5 0.5 0.5 0.5 0.95 0.45 0.5 0.5 0.5 0.5 0.5 0.5 0.5 0.5 0.5 
0.5 0.5 0.5 0.5 0.5 0.5 0.5 0.5 0.5 0.5 0.5 0.5 0.5 0.5 0.5 0.5 0.5 0.55 0.5 0.55 0.4 0.55 0.45 0.5 0.5 0.5 0.5 0.5 0.5 0.5 
0.5 0.55 0.5 0.5 0.5 0.5 0.5 0.5 0.5 0.5 0.45 0.5 0 0.5 0.5 0.45 0.45 0.7 0.5 0.25 0.45 0.55 0.6 0.55 0.5 0.5 0.5 0.5 0.5 0.5 
0.5 0.55 0.5 0.5 0.5 0.5 0.5 0.5 0.5 0.5 0.45 0.5 0 0.5 0.5 0.45 0.5 0.7 0.5 0.2 0.4 0.55 0.6 0.55 0.5 0.5 0.5 0.5 0.5 0.5 
0.5 0.55 0.5 0.5 0.5 0.5 0.5 0.5 0.5 0.5 0.45 0.5 0 0.5 0.5 0.45 0.5 0.7 0.5 0.2 0.45 0.55 0.6 0.55 0.5 0.5 0.5 0.5 0.5 0.5 
0.5 0.55 0.5 0.5 0.5 0.5 0.5 0.5 0.5 0.5 0.45 0.5 0 0.5 0.5 0.45 0.5 0.7 0.5 0.25 0.45 0.55 0.6 0.55 0.5 0.5 0.5 0.5 0.5 0.5 
0.5 0.55 0.5 0.5 0.5 0.5 0.5 0.5 0.5 0.5 0.5 0.5 0 0.5 0.5 0.45 0.5 0.7 0.5 0.15 0.4 0.55 0.45 0.5 0.5 0.5 0.5 0.5 0.5 0.5 
0.5 0.55 0.5 0.5 0.5 0.5 0.5 0.5 0.5 0.5 0.5 0.5 0 0.5 0.5 0.45 0.5 0.7 0.5 0.15 0.4 0.55 0.45 0.55 0.5 0.5 0.5 0.5 0.5 0.5 
0.5 0.55 0.5 0.5 0.5 0.5 0.5 0.5 0.5 0.5 0.5 0.5 0 0.5 0.5 0.45 0.5 0.7 0.5 0.15 0.4 0.55 0.5 0.55 0.5 0.5 0.5 0.5 0.5 0.5 
0.5 0.55 0.5 0.5 0.5 0.5 0.5 0.5 0.5 0.5 0.5 0.5 0 0.5 0.5 0.45 0.5 0.7 0.5 0.15 0.4 0.55 0.55 0.55 0.5 0.5 0.5 0.5 0.5 0.5 
0.5 0.55 0.5 0.5 0.5 0.5 0.5 0.5 0.5 0.5 0.5 0.5 0 0.5 0.5 0.45 0.5 0.7 0.5 0.15 0.4 0.55 0.6 0.55 0.5 0.5 0.5 0.5 0.5 0.5 
0.5 0.55 0.5 0.5 0.5 0.5 0.5 0.5 0.5 0.5 0.5 0.5 0 0.5 0.5 0.45 0.5 0.7 0.5 0.2 0.4 0.55 0.6 0.55 0.5 0.5 0.5 0.5 0.5 0.5 
0.5 0.55 0.5 0.5 0.5 0.5 0.5 0.5 0.5 0.5 0.5 0.5 0 0.5 0.5 0.5 0.5 0.6 0.5 0.15 0.4 0.55 0.45 0.5 0.5 0.5 0.5 0.5 0.5 0.5 
0.5 0.55 0.5 0.5 0.5 0.5 0.5 0.5 0.5 0.5 0.5 0.5 0 0.5 0.5 0.5 0.5 0.65 0.5 0.15 0.4 0.55 0.45 0.5 0.5 0.5 0.5 0.5 0.5 0.5 
0.5 0.55 0.5 0.5 0.5 0.5 0.5 0.5 0.5 0.5 0.5 0.5 0 0.5 0.5 0.5 0.5 0.7 0.5 0.15 0.4 0.55 0.45 0.5 0.5 0.5 0.5 0.5 0.5 0.5 
0.5 0.55 0.5 0.5 0.5 0.5 0.5 0.5 0.5 0.5 0.5 0.5 0 0.5 0.5 0.5 0.5 0.75 0.5 0.15 0.4 0.55 0.45 0.5 0.5 0.5 0.5 0.5 0.5 0.5 
0.5 0.55 0.5 0.5 0.5 0.5 0.5 0.5 0.5 0.5 0.5 0.5 0 0.5 0.5 0.5 0.5 0.8 0.5 0.15 0.4 0.55 0.45 0.5 0.5 0.5 0.5 0.5 0.5 0.5 
0.5 0.55 0.5 0.5 0.5 0.5 0.5 0.5 0.5 0.5 0.5 0.5 0 0.5 0.5 0.5 0.5 0.8 0.5 0.15 0.4 0.55 0.5 0.5 0.5 0.5 0.5 0.5 0.5 0.5 
0.5 0.55 0.5 0.5 0.5 0.5 0.5 0.5 0.5 0.5 0.5 0.5 0 0.5 0.5 0.5 0.5 0.8 0.5 0.15 0.4 0.55 0.55 0.5 0.5 0.5 0.5 0.5 0.5 0.5 
0.5 0.55 0.5 0.5 0.5 0.5 0.5 0.5 0.5 0.5 0.5 0.5 0 0.5 0.5 0.5 0.5 0.8 0.5 0.15 0.4 0.55 0.6 0.5 0.5 0.5 0.5 0.5 0.5 0.5 
0.88615 0.831301 0.812218 0.822257 0.973875 0.845002 0.964809 0.806402 0.779299 0.792406 0.968007 0.947134 0.815032 0.828193 0.776489 0.83489 0.659784 0.766578 0.758022 0.874053 0.576642 0.803791 0.840553 0.769917 0.942476 0.959254 0.96707 0.810795 0.824089 0.97894 
0.88615 0.831301 0.812218 0.822257 0.973875 0.845002 0.964809 0.806402 0.779299 0.792406 0.968007 0.947134 0.815032 0.828193 0.776489 0.83489 0.659784 0.766578 0.808022 0.874053 0.576642 0.803791 0.840553 0.769917 0.942476 0.959254 0.96707 0.810795 0.824089 0.97894 
0.88615 0.831301 0.812218 0.822257 0.973875 0.845002 0.964809 0.806402 0.779299 0.792406 0.968007 0.947134 0.815032 0.828193 0.776489 0.83489 0.659784 0.766578 0.808022 0.874053 0.576642 0.803791 0.840553 0.769917 0.942476 0.959254 0.96707 0.810795 0.874089 0.97894 
0.88615 0.831301 0.812218 0.822257 0.973875 0.845002 0.964809 0.806402 0.779299 0.792406 0.968007 0.947134 0.815032 0.828193 0.776489 0.83489 0.659784 0.766578 0.808022 0.874053 0.576642 0.803791 0.840553 0.769917 0.942476 0.959254 0.96707 0.810795 0.924089 0.97894 
0.88615 0.831301 0.862218 0.822257 0.973875 0.845002 0.964809 0.806402 0.779299 0.792406 0.968007 0.947134 0.815032 0.828193 0.776489 0.83489 0.659784 0.766578 0.808022 0.874053 0.576642 0.803791 0.840553 0.769917 0.942476 0.959254 0.96707 0.810795 0.924089 0.97894 
0.88615 0.831301 0.912218 0.822257 0.973875 0.845002 0.964809 0.806402 0.779299 0.792406 0.968007 0.947134 0.815032 0.828193 0.776489 0.83489 0.659784 0.766578 0.808022 0.874053 0.576642 0.803791 0.840553 0.769917 0.942476 0.959254 0.96707 0.810795 0.924089 0.97894 
0.88615 0.831301 0.912218 0.822257 0.973875 0.845002 0.964809 0.806402 0.779299 0.792406 0.968007 0.947134 0.815032 0.828193 0.776489 0.83489 0.709784 0.766578 0.808022 0.874053 0.576642 0.803791 0.840553 0.769917 0.942476 0.959254 0.96707 0.810795 0.924089 0.97894 
0.88615 0.831301 0.912218 0.822257 0.973875 0.845002 0.964809 0.806402 0.779299 0.792406 0.968007 0.947134 0.815032 0.828193 0.776489 0.83489 0.759784 0.766578 0.808022 0.874053 0.576642 0.803791 0.840553 0.769917 0.942476 0.959254 0.96707 0.810795 0.874089 0.87894 
0.88615 0.831301 0.912218 0.822257 0.973875 0.845002 0.964809 0.806402 0.779299 0.792406 0.968007 0.947134 0.815032 0.828193 0.776489 0.83489 0.759784 0.766578 0.808022 0.874053 0.576642 0.803791 0.840553 0.769917 0.942476 0.959254 0.96707 0.810795 0.924089 0.87894 
0.88615 0.831301 0.912218 0.822257 0.973875 0.845002 0.964809 0.806402 0.779299 0.792406 0.968007 0.947134 0.815032 0.828193 0.776489 0.83489 0.759784 0.766578 0.808022 0.874053 0.576642 0.803791 0.840553 0.769917 0.942476 0.959254 0.96707 0.810795 0.924089 0.92894 
0.88615 0.831301 0.912218 0.822257 0.973875 0.845002 0.964809 0.806402 0.779299 0.792406 0.968007 0.947134 0.815032 0.828193 0.776489 0.83489 0.759784 0.766578 0.808022 0.874053 0.576642 0.803791 0.840553 0.769917 0.942476 0.959254 0.96707 0.810795 0.924089 0.97894 
