0.8 0 0 0 0 0 0 0 0 0 0 0 0 0 0.05 0.05 0 0 0 0 0 0 0 0 0 0 0 0 0 0 
0.75 0 0 0 0 0 0 0 0 0 0 0 0 0 0.05 0.05 0 0 0 0 0 0 0 0 0 0 0 0 0 0 
0.7 0 0 0 0 0 0 0 0 0 0 0 0 0 0.05 0.05 0 0 0 0 0 0 0 0 0 0 0 0 0 0 
0.65 0 0 0 0 0 0 0 0 0 0 0 0 0 0.05 0.05 0 0 0 0 0 0 0 0 0 0 0 0 0 0 
0.6 0 0 0 0 0 0 0 0 0 0 0 0 0 0.05 0.05 0 0 0 0 0 0 0 0 0 0 0 0 0 0 
0.65 0 0 0 0 0 0 0 0 0 0 0 0 0 0.05 0.05 0 0 0 0 0 0 0 0 0 0 0 0 0 0 
0.7 0 0 0 0 0 0 0 0 0 0 0 0 0 0.05 0.05 0 0 0 0 0 0 0 0 0 0 0 0 0 0 
0.75 0 0 0 0 0 0 0 0 0 0 0 0 0 0.05 0.05 0 0 0 0 0 0 0 0 0 0 0 0 0 0 
0.8 0 0 0 0 0 0 0 0 0 0 0 0 0 0.05 0.05 0 0 0 0 0 0 0 0 0 0 0 0 0 0 
0.8 0 0 0 0 0 0 0 0 0 0 0 0 0 0 0.05 0 0 0 0 0 0 0 0 0 0 0 0 0 0 
0.85 0 0 0 0 0 0 0 0 0 0 0 0 0 0 0 0 0 0 0 0 0 0 0 0 0 0 0 0 0 
0.95 0 0 0 0 0 0 0 0 0 0 0 0 0 0 0 0 0 0 0 0 0 0 0 0 0 0 0 0 0 
1 0 0 0 0 0 0 0 0 0 0 0 0 0 0 0 0 0 0 0 0 0 0 0 0 0 0 0 0 0 
0.95 0 0 0 0 0 0 0 0 0 0 0 0 0 0 0 0 0 0 0 0 0 0 0 0 0 0 0 0 0 
0.9 0 0 0 0 0 0 0 0 0 0 0 0 0 0 0 0 0 0 0 0 0 0 0 0 0 0 0 0 0 
0.85 0 0 0 0 0 0 0 0 0 0 0 0 0 0 0 0 0 0 0 0 0 0 0 0 0 0 0 0 0 
0.8 0 0 0 0 0 0 0 0 0 0 0 0 0 0 0 0 0 0 0 0 0 0 0 0 0 0 0 0 0 
0.75 0 0 0 0 0 0 0 0 0 0 0 0 0 0 0 0 0 0 0 0 0 0 0 0 0 0 0 0 0 
0.7 0 0 0 0 0 0 0 0 0 0 0 0 0 0 0 0 0 0 0 0 0 0 0 0 0 0 0 0 0 
0.65 0 0 0 0 0 0 0 0 0 0 0 0 0 0 0 0 0 0 0 0 0 0 0 0 0 0 0 0 0 
