#loop	basepoint	objectives	function
0	0.5 0.5 0.5 0.5 0.5 0.5 0.5 0.5 0.5 0.5 0.5 0.5 0.5 0.5 0.5 0.5 0.5 0.5 0.5 0.5 0.5 0.5 0.5 0.5 0.5 0.5 0.5 0.5 0.5 0.5 	0.5 5.45455 	initial
1	0.5 0.5 0.5 0.5 0.5 0.5 0.5 0.5 0.5 0.5 0.5 0.5 0.5 0.5 0.5 0.5 0.5 0.5 0.5 0.5 0.5 0.5 0.5 0.5 0.45 0.5 0.5 0.5 0.5 0.5 	0.5 5.4389 	HJ_P_Move
2	0.5 0.5 0.5 0.5 0.5 0.5 0.5 0.5 0.5 0.5 0.5 0.5 0.5 0.5 0.5 0.5 0.5 0.5 0.5 0.5 0.5 0.5 0.5 0.5 0.4 0.5 0.5 0.5 0.5 0.5 	0.5 5.42325 	PatMove
3	0.5 0.5 0.5 0.5 0.5 0.5 0.5 0.5 0.5 0.5 0.5 0.5 0.5 0.5 0.5 0.5 0.5 0.5 0.5 0.5 0.5 0.5 0.5 0.5 0.4 0.5 0.45 0.5 0.5 0.5 	0.5 5.40761 	HJ_P_Move
4	0.5 0.5 0.5 0.5 0.5 0.5 0.5 0.5 0.5 0.5 0.5 0.5 0.5 0.5 0.5 0.5 0.5 0.5 0.5 0.5 0.5 0.5 0.5 0.5 0.4 0.5 0.4 0.5 0.5 0.5 	0.5 5.39196 	PatMove
5	0.5 0.5 0.5 0.5 0.5 0.5 0.5 0.5 0.5 0.5 0.5 0.5 0.5 0.5 0.5 0.5 0.5 0.5 0.5 0.5 0.5 0.5 0.5 0.5 0.4 0.5 0.35 0.5 0.5 0.5 	0.5 5.37631 	HJ_P_Move
6	0.5 0.5 0.5 0.5 0.5 0.5 0.5 0.5 0.5 0.5 0.5 0.5 0.5 0.5 0.5 0.5 0.5 0.5 0.5 0.5 0.5 0.5 0.5 0.5 0.4 0.5 0.3 0.5 0.5 0.5 	0.5 5.36066 	PatMove
7	0.5 0.5 0.5 0.5 0.5 0.5 0.5 0.5 0.5 0.5 0.5 0.5 0.5 0.5 0.5 0.5 0.5 0.5 0.5 0.5 0.5 0.5 0.5 0.5 0.35 0.5 0.3 0.5 0.5 0.5 	0.5 5.34501 	HJ_P_Move
8	0.5 0.5 0.5 0.5 0.5 0.5 0.5 0.5 0.5 0.5 0.5 0.5 0.5 0.5 0.5 0.5 0.5 0.5 0.5 0.5 0.5 0.5 0.5 0.5 0.3 0.5 0.3 0.5 0.5 0.5 	0.5 5.32936 	PatMove
9	0.5 0.5 0.5 0.5 0.5 0.5 0.5 0.5 0.5 0.5 0.5 0.5 0.5 0.5 0.5 0.5 0.5 0.5 0.5 0.5 0.5 0.5 0.5 0.5 0.25 0.5 0.3 0.5 0.5 0.5 	0.5 5.31371 	HJ_P_Move
10	0.5 0.5 0.5 0.5 0.5 0.5 0.5 0.5 0.5 0.5 0.5 0.5 0.5 0.5 0.5 0.5 0.5 0.5 0.5 0.5 0.5 0.5 0.5 0.5 0.2 0.5 0.3 0.5 0.5 0.5 	0.5 5.29805 	PatMove
11	0.5 0.5 0.5 0.5 0.5 0.5 0.5 0.5 0.5 0.5 0.5 0.5 0.5 0.5 0.5 0.5 0.5 0.5 0.5 0.5 0.5 0.5 0.5 0.5 0.2 0.5 0.25 0.5 0.5 0.5 	0.5 5.2824 	HJ_P_Move
12	0.5 0.5 0.5 0.5 0.5 0.5 0.5 0.5 0.5 0.5 0.5 0.5 0.5 0.5 0.5 0.5 0.5 0.5 0.5 0.5 0.5 0.5 0.5 0.5 0.2 0.5 0.2 0.5 0.5 0.5 	0.5 5.26675 	PatMove
13	0.5 0.5 0.5 0.5 0.5 0.5 0.5 0.5 0.5 0.5 0.5 0.5 0.5 0.5 0.5 0.5 0.5 0.5 0.5 0.5 0.5 0.5 0.5 0.5 0.2 0.5 0.15 0.5 0.5 0.5 	0.5 5.25109 	HJ_P_Move
14	0.5 0.5 0.5 0.5 0.5 0.5 0.5 0.5 0.5 0.5 0.5 0.5 0.5 0.5 0.5 0.5 0.5 0.5 0.5 0.5 0.5 0.5 0.5 0.5 0.2 0.5 0.1 0.5 0.5 0.5 	0.5 5.23543 	PatMove
15	0.5 0.5 0.5 0.5 0.5 0.5 0.45 0.5 0.5 0.5 0.5 0.5 0.5 0.5 0.5 0.5 0.5 0.5 0.5 0.5 0.5 0.5 0.5 0.5 0.2 0.5 0.1 0.5 0.5 0.5 	0.5 5.21978 	HJ_P_Move
16	0.5 0.5 0.5 0.5 0.5 0.5 0.4 0.5 0.5 0.5 0.5 0.5 0.5 0.5 0.5 0.5 0.5 0.5 0.5 0.5 0.5 0.5 0.5 0.5 0.2 0.5 0.1 0.5 0.5 0.5 	0.5 5.20412 	PatMove
17	0.5 0.5 0.5 0.5 0.5 0.5 0.35 0.5 0.5 0.5 0.5 0.5 0.5 0.5 0.5 0.5 0.5 0.5 0.5 0.5 0.5 0.5 0.5 0.5 0.2 0.5 0.1 0.5 0.5 0.5 	0.5 5.18846 	HJ_P_Move
18	0.5 0.5 0.5 0.5 0.5 0.5 0.3 0.5 0.5 0.5 0.5 0.5 0.5 0.5 0.5 0.5 0.5 0.5 0.5 0.5 0.5 0.5 0.5 0.5 0.2 0.5 0.1 0.5 0.5 0.5 	0.5 5.1728 	PatMove
19	0.5 0.5 0.5 0.5 0.5 0.5 0.3 0.5 0.5 0.5 0.5 0.5 0.5 0.5 0.5 0.5 0.5 0.5 0.5 0.5 0.5 0.5 0.5 0.5 0.2 0.5 0.1 0.5 0.5 0.45 	0.5 5.15714 	HJ_P_Move
20	0.5 0.5 0.5 0.5 0.5 0.5 0.3 0.5 0.5 0.5 0.5 0.5 0.5 0.5 0.5 0.5 0.5 0.5 0.5 0.5 0.5 0.5 0.5 0.5 0.2 0.5 0.1 0.5 0.5 0.4 	0.5 5.14148 	PatMove
21	0.5 0.5 0.5 0.5 0.5 0.5 0.25 0.5 0.5 0.5 0.5 0.5 0.5 0.5 0.5 0.5 0.5 0.5 0.5 0.5 0.5 0.5 0.5 0.5 0.2 0.5 0.1 0.5 0.5 0.4 	0.5 5.12582 	HJ_P_Move
22	0.5 0.5 0.5 0.5 0.5 0.5 0.2 0.5 0.5 0.5 0.5 0.5 0.5 0.5 0.5 0.5 0.5 0.5 0.5 0.5 0.5 0.5 0.5 0.5 0.2 0.5 0.1 0.5 0.5 0.4 	0.5 5.11016 	PatMove
23	0.5 0.5 0.5 0.5 0.5 0.5 0.2 0.5 0.5 0.5 0.5 0.5 0.5 0.5 0.5 0.5 0.5 0.5 0.5 0.5 0.5 0.5 0.5 0.5 0.2 0.5 0.05 0.5 0.5 0.4 	0.5 5.09449 	HJ_P_Move
24	0.5 0.5 0.5 0.5 0.5 0.5 0.2 0.5 0.5 0.5 0.5 0.5 0.5 0.5 0.5 0.5 0.5 0.5 0.5 0.5 0.5 0.5 0.5 0.5 0.2 0.5 0 0.5 0.5 0.4 	0.5 5.07883 	PatMove
25	0.5 0.5 0.5 0.5 0.5 0.5 0.2 0.5 0.5 0.5 0.5 0.5 0.5 0.45 0.5 0.5 0.5 0.5 0.5 0.5 0.5 0.5 0.5 0.5 0.2 0.5 0 0.5 0.5 0.4 	0.5 5.06317 	HJ_P_Move
26	0.5 0.5 0.5 0.5 0.5 0.5 0.2 0.5 0.5 0.5 0.5 0.5 0.5 0.4 0.5 0.5 0.5 0.5 0.5 0.5 0.5 0.5 0.5 0.5 0.2 0.5 0 0.5 0.5 0.4 	0.5 5.0475 	PatMove
27	0.5 0.5 0.5 0.5 0.5 0.5 0.2 0.5 0.5 0.5 0.5 0.5 0.5 0.35 0.5 0.5 0.5 0.5 0.5 0.5 0.5 0.5 0.5 0.5 0.2 0.5 0 0.5 0.5 0.4 	0.5 5.03183 	HJ_P_Move
28	0.5 0.5 0.5 0.5 0.5 0.5 0.2 0.5 0.5 0.5 0.5 0.5 0.5 0.3 0.5 0.5 0.5 0.5 0.5 0.5 0.5 0.5 0.5 0.5 0.2 0.5 0 0.5 0.5 0.4 	0.5 5.01616 	PatMove
29	0.5 0.5 0.5 0.5 0.5 0.5 0.2 0.5 0.5 0.5 0.5 0.5 0.5 0.3 0.5 0.5 0.5 0.5 0.5 0.5 0.5 0.5 0.5 0.5 0.2 0.5 0 0.45 0.5 0.4 	0.5 5.0005 	HJ_P_Move
30	0.5 0.5 0.5 0.5 0.5 0.5 0.2 0.5 0.5 0.5 0.5 0.5 0.5 0.3 0.5 0.5 0.5 0.5 0.5 0.5 0.5 0.5 0.5 0.5 0.2 0.5 0 0.4 0.5 0.4 	0.5 4.98483 	PatMove
31	0.5 0.5 0.5 0.5 0.5 0.5 0.2 0.5 0.5 0.5 0.5 0.5 0.5 0.25 0.5 0.5 0.5 0.5 0.5 0.5 0.5 0.5 0.5 0.5 0.2 0.5 0 0.4 0.5 0.4 	0.5 4.96915 	HJ_P_Move
32	0.5 0.5 0.5 0.5 0.5 0.5 0.2 0.5 0.5 0.5 0.5 0.5 0.5 0.2 0.5 0.5 0.5 0.5 0.5 0.5 0.5 0.5 0.5 0.5 0.2 0.5 0 0.4 0.5 0.4 	0.5 4.95348 	PatMove
33	0.5 0.5 0.5 0.5 0.5 0.5 0.2 0.5 0.5 0.5 0.5 0.5 0.5 0.15 0.5 0.5 0.5 0.5 0.5 0.5 0.5 0.5 0.5 0.5 0.2 0.5 0 0.4 0.5 0.4 	0.5 4.93781 	HJ_P_Move
34	0.5 0.5 0.5 0.5 0.5 0.5 0.2 0.5 0.5 0.5 0.5 0.5 0.5 0.1 0.5 0.5 0.5 0.5 0.5 0.5 0.5 0.5 0.5 0.5 0.2 0.5 0 0.4 0.5 0.4 	0.5 4.92214 	PatMove
35	0.5 0.5 0.5 0.5 0.5 0.5 0.2 0.5 0.5 0.5 0.5 0.5 0.5 0.05 0.5 0.5 0.5 0.5 0.5 0.5 0.5 0.5 0.5 0.5 0.2 0.5 0 0.4 0.5 0.4 	0.5 4.90646 	HJ_P_Move
36	0.5 0.5 0.5 0.5 0.5 0.5 0.2 0.5 0.5 0.5 0.5 0.5 0.5 0 0.5 0.5 0.5 0.5 0.5 0.5 0.5 0.5 0.5 0.5 0.2 0.5 0 0.4 0.5 0.4 	0.5 4.89079 	PatMove
37	0.5 0.5 0.5 0.5 0.5 0.45 0.2 0.5 0.5 0.5 0.5 0.5 0.5 0 0.5 0.5 0.5 0.5 0.5 0.5 0.5 0.5 0.5 0.5 0.2 0.5 0 0.4 0.5 0.4 	0.5 4.87511 	HJ_P_Move
38	0.5 0.5 0.5 0.5 0.5 0.4 0.2 0.5 0.5 0.5 0.5 0.5 0.5 0 0.5 0.5 0.5 0.5 0.5 0.5 0.5 0.5 0.5 0.5 0.2 0.5 0 0.4 0.5 0.4 	0.5 4.85943 	PatMove
39	0.5 0.5 0.5 0.5 0.5 0.35 0.2 0.5 0.5 0.5 0.5 0.5 0.5 0 0.5 0.5 0.5 0.5 0.5 0.5 0.5 0.5 0.5 0.5 0.2 0.5 0 0.4 0.5 0.4 	0.5 4.84375 	HJ_P_Move
40	0.5 0.5 0.5 0.5 0.5 0.3 0.2 0.5 0.5 0.5 0.5 0.5 0.5 0 0.5 0.5 0.5 0.5 0.5 0.5 0.5 0.5 0.5 0.5 0.2 0.5 0 0.4 0.5 0.4 	0.5 4.82807 	PatMove
41	0.5 0.5 0.5 0.5 0.5 0.3 0.2 0.5 0.5 0.5 0.5 0.5 0.5 0 0.45 0.5 0.5 0.5 0.5 0.5 0.5 0.5 0.5 0.5 0.2 0.5 0 0.4 0.5 0.4 	0.5 4.81239 	HJ_P_Move
42	0.5 0.5 0.5 0.5 0.5 0.3 0.2 0.5 0.5 0.5 0.5 0.5 0.5 0 0.4 0.5 0.5 0.5 0.5 0.5 0.5 0.5 0.5 0.5 0.2 0.5 0 0.4 0.5 0.4 	0.5 4.79671 	PatMove
43	0.5 0.5 0.5 0.5 0.5 0.25 0.2 0.5 0.5 0.5 0.5 0.5 0.5 0 0.4 0.5 0.5 0.5 0.5 0.5 0.5 0.5 0.5 0.5 0.2 0.5 0 0.4 0.5 0.4 	0.5 4.78103 	HJ_P_Move
44	0.5 0.5 0.5 0.5 0.5 0.2 0.2 0.5 0.5 0.5 0.5 0.5 0.5 0 0.4 0.5 0.5 0.5 0.5 0.5 0.5 0.5 0.5 0.5 0.2 0.5 0 0.4 0.5 0.4 	0.5 4.76534 	PatMove
45	0.5 0.5 0.5 0.5 0.5 0.15 0.2 0.5 0.5 0.5 0.5 0.5 0.5 0 0.4 0.5 0.5 0.5 0.5 0.5 0.5 0.5 0.5 0.5 0.2 0.5 0 0.4 0.5 0.4 	0.5 4.74966 	HJ_P_Move
46	0.5 0.5 0.5 0.5 0.5 0.1 0.2 0.5 0.5 0.5 0.5 0.5 0.5 0 0.4 0.5 0.5 0.5 0.5 0.5 0.5 0.5 0.5 0.5 0.2 0.5 0 0.4 0.5 0.4 	0.5 4.73397 	PatMove
47	0.5 0.5 0.5 0.5 0.5 0.05 0.2 0.5 0.5 0.5 0.5 0.5 0.5 0 0.4 0.5 0.5 0.5 0.5 0.5 0.5 0.5 0.5 0.5 0.2 0.5 0 0.4 0.5 0.4 	0.5 4.71829 	HJ_P_Move
48	0.5 0.5 0.5 0.5 0.5 0 0.2 0.5 0.5 0.5 0.5 0.5 0.5 0 0.4 0.5 0.5 0.5 0.5 0.5 0.5 0.5 0.5 0.5 0.2 0.5 0 0.4 0.5 0.4 	0.5 4.7026 	PatMove
49	0.5 0.5 0.45 0.5 0.5 0 0.2 0.5 0.5 0.5 0.5 0.5 0.5 0 0.4 0.5 0.5 0.5 0.5 0.5 0.5 0.5 0.5 0.5 0.2 0.5 0 0.4 0.5 0.4 	0.5 4.68691 	HJ_P_Move
50	0.5 0.5 0.4 0.5 0.5 0 0.2 0.5 0.5 0.5 0.5 0.5 0.5 0 0.4 0.5 0.5 0.5 0.5 0.5 0.5 0.5 0.5 0.5 0.2 0.5 0 0.4 0.5 0.4 	0.5 4.67122 	PatMove
51	0.5 0.5 0.35 0.5 0.5 0 0.2 0.5 0.5 0.5 0.5 0.5 0.5 0 0.4 0.5 0.5 0.5 0.5 0.5 0.5 0.5 0.5 0.5 0.2 0.5 0 0.4 0.5 0.4 	0.5 4.65553 	HJ_P_Move
52	0.5 0.5 0.3 0.5 0.5 0 0.2 0.5 0.5 0.5 0.5 0.5 0.5 0 0.4 0.5 0.5 0.5 0.5 0.5 0.5 0.5 0.5 0.5 0.2 0.5 0 0.4 0.5 0.4 	0.5 4.63983 	PatMove
53	0.5 0.5 0.3 0.5 0.5 0 0.15 0.5 0.5 0.5 0.5 0.5 0.5 0 0.4 0.5 0.5 0.5 0.5 0.5 0.5 0.5 0.5 0.5 0.2 0.5 0 0.4 0.5 0.4 	0.5 4.62414 	HJ_P_Move
54	0.5 0.5 0.3 0.5 0.5 0 0.1 0.5 0.5 0.5 0.5 0.5 0.5 0 0.4 0.5 0.5 0.5 0.5 0.5 0.5 0.5 0.5 0.5 0.2 0.5 0 0.4 0.5 0.4 	0.5 4.60844 	PatMove
55	0.5 0.5 0.25 0.5 0.5 0 0.1 0.5 0.5 0.5 0.5 0.5 0.5 0 0.4 0.5 0.5 0.5 0.5 0.5 0.5 0.5 0.5 0.5 0.2 0.5 0 0.4 0.5 0.4 	0.5 4.59275 	HJ_P_Move
56	0.5 0.5 0.2 0.5 0.5 0 0.1 0.5 0.5 0.5 0.5 0.5 0.5 0 0.4 0.5 0.5 0.5 0.5 0.5 0.5 0.5 0.5 0.5 0.2 0.5 0 0.4 0.5 0.4 	0.5 4.57705 	PatMove
57	0.5 0.5 0.15 0.5 0.5 0 0.1 0.5 0.5 0.5 0.5 0.5 0.5 0 0.4 0.5 0.5 0.5 0.5 0.5 0.5 0.5 0.5 0.5 0.2 0.5 0 0.4 0.5 0.4 	0.5 4.56135 	HJ_P_Move
58	0.5 0.5 0.1 0.5 0.5 0 0.1 0.5 0.5 0.5 0.5 0.5 0.5 0 0.4 0.5 0.5 0.5 0.5 0.5 0.5 0.5 0.5 0.5 0.2 0.5 0 0.4 0.5 0.4 	0.5 4.54565 	PatMove
59	0.5 0.5 0.05 0.5 0.5 0 0.1 0.5 0.5 0.5 0.5 0.5 0.5 0 0.4 0.5 0.5 0.5 0.5 0.5 0.5 0.5 0.5 0.5 0.2 0.5 0 0.4 0.5 0.4 	0.5 4.52995 	HJ_P_Move
60	0.5 0.5 0 0.5 0.5 0 0.1 0.5 0.5 0.5 0.5 0.5 0.5 0 0.4 0.5 0.5 0.5 0.5 0.5 0.5 0.5 0.5 0.5 0.2 0.5 0 0.4 0.5 0.4 	0.5 4.51425 	PatMove
61	0.5 0.5 0 0.5 0.5 0 0.1 0.5 0.5 0.5 0.5 0.5 0.5 0 0.4 0.45 0.5 0.5 0.5 0.5 0.5 0.5 0.5 0.5 0.2 0.5 0 0.4 0.5 0.4 	0.5 4.49854 	HJ_P_Move
62	0.5 0.5 0 0.5 0.5 0 0.1 0.5 0.5 0.5 0.5 0.5 0.5 0 0.4 0.4 0.5 0.5 0.5 0.5 0.5 0.5 0.5 0.5 0.2 0.5 0 0.4 0.5 0.4 	0.5 4.48284 	PatMove
63	0.5 0.5 0 0.5 0.5 0 0.1 0.5 0.5 0.5 0.5 0.5 0.5 0 0.4 0.35 0.5 0.5 0.5 0.5 0.5 0.5 0.5 0.5 0.2 0.5 0 0.4 0.5 0.4 	0.5 4.46713 	HJ_P_Move
64	0.5 0.5 0 0.5 0.5 0 0.1 0.5 0.5 0.5 0.5 0.5 0.5 0 0.4 0.3 0.5 0.5 0.5 0.5 0.5 0.5 0.5 0.5 0.2 0.5 0 0.4 0.5 0.4 	0.5 4.45143 	PatMove
65	0.5 0.5 0 0.45 0.5 0 0.1 0.5 0.5 0.5 0.5 0.5 0.5 0 0.4 0.3 0.5 0.5 0.5 0.5 0.5 0.5 0.5 0.5 0.2 0.5 0 0.4 0.5 0.4 	0.5 4.43572 	HJ_P_Move
66	0.5 0.5 0 0.4 0.5 0 0.1 0.5 0.5 0.5 0.5 0.5 0.5 0 0.4 0.3 0.5 0.5 0.5 0.5 0.5 0.5 0.5 0.5 0.2 0.5 0 0.4 0.5 0.4 	0.5 4.42001 	PatMove
67	0.5 0.5 0 0.4 0.5 0 0.1 0.5 0.5 0.5 0.5 0.5 0.5 0 0.4 0.25 0.5 0.5 0.5 0.5 0.5 0.5 0.5 0.5 0.2 0.5 0 0.4 0.5 0.4 	0.5 4.4043 	HJ_P_Move
68	0.5 0.5 0 0.4 0.5 0 0.1 0.5 0.5 0.5 0.5 0.5 0.5 0 0.4 0.2 0.5 0.5 0.5 0.5 0.5 0.5 0.5 0.5 0.2 0.5 0 0.4 0.5 0.4 	0.5 4.38858 	PatMove
69	0.5 0.5 0 0.4 0.5 0 0.1 0.5 0.5 0.5 0.5 0.5 0.5 0 0.4 0.15 0.5 0.5 0.5 0.5 0.5 0.5 0.5 0.5 0.2 0.5 0 0.4 0.5 0.4 	0.5 4.37287 	HJ_P_Move
70	0.5 0.5 0 0.4 0.5 0 0.1 0.5 0.5 0.5 0.5 0.5 0.5 0 0.4 0.1 0.5 0.5 0.5 0.5 0.5 0.5 0.5 0.5 0.2 0.5 0 0.4 0.5 0.4 	0.5 4.35715 	PatMove
71	0.5 0.5 0 0.4 0.5 0 0.1 0.5 0.5 0.5 0.5 0.5 0.5 0 0.4 0.05 0.5 0.5 0.5 0.5 0.5 0.5 0.5 0.5 0.2 0.5 0 0.4 0.5 0.4 	0.5 4.34144 	HJ_P_Move
72	0.5 0.5 0 0.4 0.5 0 0.1 0.5 0.5 0.5 0.5 0.5 0.5 0 0.4 0 0.5 0.5 0.5 0.5 0.5 0.5 0.5 0.5 0.2 0.5 0 0.4 0.5 0.4 	0.5 4.32572 	PatMove
73	0.5 0.5 0 0.4 0.5 0 0.1 0.5 0.5 0.5 0.5 0.5 0.5 0 0.4 0 0.5 0.45 0.5 0.5 0.5 0.5 0.5 0.5 0.2 0.5 0 0.4 0.5 0.4 	0.5 4.31 	HJ_P_Move
74	0.5 0.5 0 0.4 0.5 0 0.1 0.5 0.5 0.5 0.5 0.5 0.5 0 0.4 0 0.5 0.4 0.5 0.5 0.5 0.5 0.5 0.5 0.2 0.5 0 0.4 0.5 0.4 	0.5 4.29428 	PatMove
75	0.5 0.5 0 0.4 0.5 0 0.1 0.5 0.5 0.5 0.5 0.5 0.5 0 0.4 0 0.5 0.35 0.5 0.5 0.5 0.5 0.5 0.5 0.2 0.5 0 0.4 0.5 0.4 	0.5 4.27855 	HJ_P_Move
76	0.5 0.5 0 0.4 0.5 0 0.1 0.5 0.5 0.5 0.5 0.5 0.5 0 0.4 0 0.5 0.3 0.5 0.5 0.5 0.5 0.5 0.5 0.2 0.5 0 0.4 0.5 0.4 	0.5 4.26283 	PatMove
77	0.5 0.5 0 0.4 0.5 0 0.1 0.5 0.5 0.5 0.5 0.5 0.5 0 0.4 0 0.45 0.3 0.5 0.5 0.5 0.5 0.5 0.5 0.2 0.5 0 0.4 0.5 0.4 	0.5 4.2471 	HJ_P_Move
78	0.5 0.5 0 0.4 0.5 0 0.1 0.5 0.5 0.5 0.5 0.5 0.5 0 0.4 0 0.4 0.3 0.5 0.5 0.5 0.5 0.5 0.5 0.2 0.5 0 0.4 0.5 0.4 	0.5 4.23138 	PatMove
79	0.5 0.5 0 0.4 0.5 0 0.1 0.5 0.5 0.5 0.5 0.5 0.5 0 0.4 0 0.4 0.25 0.5 0.5 0.5 0.5 0.5 0.5 0.2 0.5 0 0.4 0.5 0.4 	0.5 4.21565 	HJ_P_Move
80	0.5 0.5 0 0.4 0.5 0 0.1 0.5 0.5 0.5 0.5 0.5 0.5 0 0.4 0 0.4 0.2 0.5 0.5 0.5 0.5 0.5 0.5 0.2 0.5 0 0.4 0.5 0.4 	0.5 4.19992 	PatMove
81	0.5 0.5 0 0.4 0.5 0 0.1 0.5 0.5 0.5 0.5 0.5 0.5 0 0.4 0 0.4 0.15 0.5 0.5 0.5 0.5 0.5 0.5 0.2 0.5 0 0.4 0.5 0.4 	0.5 4.18418 	HJ_P_Move
82	0.5 0.5 0 0.4 0.5 0 0.1 0.5 0.5 0.5 0.5 0.5 0.5 0 0.4 0 0.4 0.1 0.5 0.5 0.5 0.5 0.5 0.5 0.2 0.5 0 0.4 0.5 0.4 	0.5 4.16845 	PatMove
83	0.5 0.5 0 0.4 0.5 0 0.1 0.5 0.5 0.5 0.5 0.5 0.5 0 0.4 0 0.4 0.05 0.5 0.5 0.5 0.5 0.5 0.5 0.2 0.5 0 0.4 0.5 0.4 	0.5 4.15272 	HJ_P_Move
84	0.5 0.5 0 0.4 0.5 0 0.1 0.5 0.5 0.5 0.5 0.5 0.5 0 0.4 0 0.4 0 0.5 0.5 0.5 0.5 0.5 0.5 0.2 0.5 0 0.4 0.5 0.4 	0.5 4.13698 	PatMove
85	0.5 0.5 0 0.4 0.5 0 0.1 0.5 0.5 0.5 0.45 0.5 0.5 0 0.4 0 0.4 0 0.5 0.5 0.5 0.5 0.5 0.5 0.2 0.5 0 0.4 0.5 0.4 	0.5 4.12124 	HJ_P_Move
86	0.5 0.5 0 0.4 0.5 0 0.1 0.5 0.5 0.5 0.4 0.5 0.5 0 0.4 0 0.4 0 0.5 0.5 0.5 0.5 0.5 0.5 0.2 0.5 0 0.4 0.5 0.4 	0.5 4.1055 	PatMove
87	0.5 0.45 0 0.4 0.5 0 0.1 0.5 0.5 0.5 0.4 0.5 0.5 0 0.4 0 0.4 0 0.5 0.5 0.5 0.5 0.5 0.5 0.2 0.5 0 0.4 0.5 0.4 	0.5 4.08976 	HJ_P_Move
88	0.5 0.4 0 0.4 0.5 0 0.1 0.5 0.5 0.5 0.4 0.5 0.5 0 0.4 0 0.4 0 0.5 0.5 0.5 0.5 0.5 0.5 0.2 0.5 0 0.4 0.5 0.4 	0.5 4.07402 	PatMove
89	0.5 0.35 0 0.4 0.5 0 0.1 0.5 0.5 0.5 0.4 0.5 0.5 0 0.4 0 0.4 0 0.5 0.5 0.5 0.5 0.5 0.5 0.2 0.5 0 0.4 0.5 0.4 	0.5 4.05827 	HJ_P_Move
90	0.5 0.3 0 0.4 0.5 0 0.1 0.5 0.5 0.5 0.4 0.5 0.5 0 0.4 0 0.4 0 0.5 0.5 0.5 0.5 0.5 0.5 0.2 0.5 0 0.4 0.5 0.4 	0.5 4.04252 	PatMove
91	0.5 0.3 0 0.4 0.5 0 0.1 0.5 0.5 0.5 0.4 0.5 0.5 0 0.4 0 0.4 0 0.45 0.5 0.5 0.5 0.5 0.5 0.2 0.5 0 0.4 0.5 0.4 	0.5 4.02678 	HJ_P_Move
92	0.5 0.3 0 0.4 0.5 0 0.1 0.5 0.5 0.5 0.4 0.5 0.5 0 0.4 0 0.4 0 0.4 0.5 0.5 0.5 0.5 0.5 0.2 0.5 0 0.4 0.5 0.4 	0.5 4.01103 	PatMove
93	0.5 0.25 0 0.4 0.5 0 0.1 0.5 0.5 0.5 0.4 0.5 0.5 0 0.4 0 0.4 0 0.4 0.5 0.5 0.5 0.5 0.5 0.2 0.5 0 0.4 0.5 0.4 	0.5 3.99527 	HJ_P_Move
94	0.5 0.2 0 0.4 0.5 0 0.1 0.5 0.5 0.5 0.4 0.5 0.5 0 0.4 0 0.4 0 0.4 0.5 0.5 0.5 0.5 0.5 0.2 0.5 0 0.4 0.5 0.4 	0.5 3.97952 	PatMove
95	0.5 0.15 0 0.4 0.5 0 0.1 0.5 0.5 0.5 0.4 0.5 0.5 0 0.4 0 0.4 0 0.4 0.5 0.5 0.5 0.5 0.5 0.2 0.5 0 0.4 0.5 0.4 	0.5 3.96376 	HJ_P_Move
96	0.5 0.1 0 0.4 0.5 0 0.1 0.5 0.5 0.5 0.4 0.5 0.5 0 0.4 0 0.4 0 0.4 0.5 0.5 0.5 0.5 0.5 0.2 0.5 0 0.4 0.5 0.4 	0.5 3.94801 	PatMove
97	0.5 0.05 0 0.4 0.5 0 0.1 0.5 0.5 0.5 0.4 0.5 0.5 0 0.4 0 0.4 0 0.4 0.5 0.5 0.5 0.5 0.5 0.2 0.5 0 0.4 0.5 0.4 	0.5 3.93225 	HJ_P_Move
98	0.5 0 0 0.4 0.5 0 0.1 0.5 0.5 0.5 0.4 0.5 0.5 0 0.4 0 0.4 0 0.4 0.5 0.5 0.5 0.5 0.5 0.2 0.5 0 0.4 0.5 0.4 	0.5 3.91649 	PatMove
99	0.5 0 0 0.35 0.5 0 0.1 0.5 0.5 0.5 0.4 0.5 0.5 0 0.4 0 0.4 0 0.4 0.5 0.5 0.5 0.5 0.5 0.2 0.5 0 0.4 0.5 0.4 	0.5 3.90072 	HJ_P_Move
100	0.5 0 0 0.3 0.5 0 0.1 0.5 0.5 0.5 0.4 0.5 0.5 0 0.4 0 0.4 0 0.4 0.5 0.5 0.5 0.5 0.5 0.2 0.5 0 0.4 0.5 0.4 	0.5 3.88496 	PatMove
101	0.5 0 0 0.25 0.5 0 0.1 0.5 0.5 0.5 0.4 0.5 0.5 0 0.4 0 0.4 0 0.4 0.5 0.5 0.5 0.5 0.5 0.2 0.5 0 0.4 0.5 0.4 	0.5 3.86919 	HJ_P_Move
102	0.5 0 0 0.2 0.5 0 0.1 0.5 0.5 0.5 0.4 0.5 0.5 0 0.4 0 0.4 0 0.4 0.5 0.5 0.5 0.5 0.5 0.2 0.5 0 0.4 0.5 0.4 	0.5 3.85342 	PatMove
103	0.5 0 0 0.15 0.5 0 0.1 0.5 0.5 0.5 0.4 0.5 0.5 0 0.4 0 0.4 0 0.4 0.5 0.5 0.5 0.5 0.5 0.2 0.5 0 0.4 0.5 0.4 	0.5 3.83765 	HJ_P_Move
104	0.5 0 0 0.1 0.5 0 0.1 0.5 0.5 0.5 0.4 0.5 0.5 0 0.4 0 0.4 0 0.4 0.5 0.5 0.5 0.5 0.5 0.2 0.5 0 0.4 0.5 0.4 	0.5 3.82188 	PatMove
105	0.5 0 0 0.1 0.5 0 0.1 0.5 0.5 0.5 0.4 0.5 0.5 0 0.4 0 0.4 0 0.4 0.5 0.5 0.5 0.5 0.5 0.2 0.5 0 0.4 0.45 0.4 	0.5 3.8061 	HJ_P_Move
106	0.5 0 0 0.1 0.5 0 0.1 0.5 0.5 0.5 0.4 0.5 0.5 0 0.4 0 0.4 0 0.4 0.5 0.5 0.5 0.5 0.5 0.2 0.5 0 0.4 0.4 0.4 	0.5 3.79032 	PatMove
107	0.5 0 0 0.1 0.5 0 0.1 0.5 0.5 0.5 0.4 0.5 0.5 0 0.4 0 0.4 0 0.4 0.5 0.5 0.5 0.5 0.5 0.2 0.5 0 0.4 0.35 0.4 	0.5 3.77455 	HJ_P_Move
108	0.5 0 0 0.1 0.5 0 0.1 0.5 0.5 0.5 0.4 0.5 0.5 0 0.4 0 0.4 0 0.4 0.5 0.5 0.5 0.5 0.5 0.2 0.5 0 0.4 0.3 0.4 	0.5 3.75876 	PatMove
109	0.5 0 0 0.05 0.5 0 0.1 0.5 0.5 0.5 0.4 0.5 0.5 0 0.4 0 0.4 0 0.4 0.5 0.5 0.5 0.5 0.5 0.2 0.5 0 0.4 0.3 0.4 	0.5 3.74298 	HJ_P_Move
110	0.5 0 0 0 0.5 0 0.1 0.5 0.5 0.5 0.4 0.5 0.5 0 0.4 0 0.4 0 0.4 0.5 0.5 0.5 0.5 0.5 0.2 0.5 0 0.4 0.3 0.4 	0.5 3.72719 	PatMove
111	0.5 0 0 0 0.5 0 0.1 0.5 0.5 0.5 0.4 0.5 0.5 0 0.4 0 0.35 0 0.4 0.5 0.5 0.5 0.5 0.5 0.2 0.5 0 0.4 0.3 0.4 	0.5 3.71141 	HJ_P_Move
112	0.5 0 0 0 0.5 0 0.1 0.5 0.5 0.5 0.4 0.5 0.5 0 0.4 0 0.3 0 0.4 0.5 0.5 0.5 0.5 0.5 0.2 0.5 0 0.4 0.3 0.4 	0.5 3.69562 	PatMove
113	0.5 0 0 0 0.45 0 0.1 0.5 0.5 0.5 0.4 0.5 0.5 0 0.4 0 0.3 0 0.4 0.5 0.5 0.5 0.5 0.5 0.2 0.5 0 0.4 0.3 0.4 	0.5 3.67982 	HJ_P_Move
114	0.5 0 0 0 0.4 0 0.1 0.5 0.5 0.5 0.4 0.5 0.5 0 0.4 0 0.3 0 0.4 0.5 0.5 0.5 0.5 0.5 0.2 0.5 0 0.4 0.3 0.4 	0.5 3.66403 	PatMove
115	0.5 0 0 0 0.4 0 0.1 0.5 0.5 0.5 0.4 0.5 0.5 0 0.4 0 0.3 0 0.4 0.5 0.5 0.5 0.5 0.5 0.2 0.45 0 0.4 0.3 0.4 	0.5 3.64823 	HJ_P_Move
116	0.5 0 0 0 0.4 0 0.1 0.5 0.5 0.5 0.4 0.5 0.5 0 0.4 0 0.3 0 0.4 0.5 0.5 0.5 0.5 0.5 0.2 0.4 0 0.4 0.3 0.4 	0.5 3.63243 	PatMove
117	0.5 0 0 0 0.4 0 0.1 0.5 0.5 0.5 0.4 0.5 0.5 0 0.4 0 0.3 0 0.4 0.5 0.5 0.5 0.5 0.5 0.2 0.35 0 0.4 0.3 0.4 	0.5 3.61663 	HJ_P_Move
118	0.5 0 0 0 0.4 0 0.1 0.5 0.5 0.5 0.4 0.5 0.5 0 0.4 0 0.3 0 0.4 0.5 0.5 0.5 0.5 0.5 0.2 0.3 0 0.4 0.3 0.4 	0.5 3.60083 	PatMove
119	0.5 0 0 0 0.4 0 0.1 0.5 0.5 0.5 0.4 0.5 0.5 0 0.4 0 0.3 0 0.4 0.5 0.5 0.5 0.5 0.5 0.2 0.3 0 0.4 0.3 0.35 	0.5 3.58502 	HJ_P_Move
120	0.5 0 0 0 0.4 0 0.1 0.5 0.5 0.5 0.4 0.5 0.5 0 0.4 0 0.3 0 0.4 0.5 0.5 0.5 0.5 0.5 0.2 0.3 0 0.4 0.3 0.3 	0.5 3.56921 	PatMove
121	0.5 0 0 0 0.4 0 0.1 0.5 0.5 0.5 0.4 0.5 0.5 0 0.4 0 0.3 0 0.4 0.5 0.5 0.5 0.5 0.5 0.2 0.3 0 0.4 0.3 0.25 	0.5 3.5534 	HJ_P_Move
122	0.5 0 0 0 0.4 0 0.1 0.5 0.5 0.5 0.4 0.5 0.5 0 0.4 0 0.3 0 0.4 0.5 0.5 0.5 0.5 0.5 0.2 0.3 0 0.4 0.3 0.2 	0.5 3.53758 	PatMove
123	0.5 0 0 0 0.4 0 0.1 0.5 0.5 0.5 0.4 0.5 0.5 0 0.4 0 0.3 0 0.4 0.5 0.5 0.5 0.5 0.5 0.2 0.25 0 0.4 0.3 0.2 	0.5 3.52177 	HJ_P_Move
124	0.5 0 0 0 0.4 0 0.1 0.5 0.5 0.5 0.4 0.5 0.5 0 0.4 0 0.3 0 0.4 0.5 0.5 0.5 0.5 0.5 0.2 0.2 0 0.4 0.3 0.2 	0.5 3.50595 	PatMove
125	0.5 0 0 0 0.4 0 0.1 0.5 0.5 0.5 0.4 0.5 0.5 0 0.4 0 0.3 0 0.4 0.5 0.5 0.5 0.5 0.5 0.2 0.15 0 0.4 0.3 0.2 	0.5 3.49013 	HJ_P_Move
126	0.5 0 0 0 0.4 0 0.1 0.5 0.5 0.5 0.4 0.5 0.5 0 0.4 0 0.3 0 0.4 0.5 0.5 0.5 0.5 0.5 0.2 0.1 0 0.4 0.3 0.2 	0.5 3.4743 	PatMove
127	0.5 0 0 0 0.4 0 0.1 0.5 0.5 0.5 0.4 0.5 0.5 0 0.4 0 0.3 0 0.4 0.5 0.5 0.5 0.5 0.5 0.2 0.05 0 0.4 0.3 0.2 	0.5 3.45847 	HJ_P_Move
128	0.5 0 0 0 0.4 0 0.1 0.5 0.5 0.5 0.4 0.5 0.5 0 0.4 0 0.3 0 0.4 0.5 0.5 0.5 0.5 0.5 0.2 0 0 0.4 0.3 0.2 	0.5 3.44264 	PatMove
129	0.5 0 0 0 0.4 0 0.1 0.5 0.5 0.5 0.4 0.5 0.5 0 0.4 0 0.3 0 0.4 0.5 0.5 0.5 0.5 0.5 0.2 0 0 0.35 0.3 0.2 	0.5 3.42681 	HJ_P_Move
130	0.5 0 0 0 0.4 0 0.1 0.5 0.5 0.5 0.4 0.5 0.5 0 0.4 0 0.3 0 0.4 0.5 0.5 0.5 0.5 0.5 0.2 0 0 0.3 0.3 0.2 	0.5 3.41098 	PatMove
131	0.5 0 0 0 0.4 0 0.1 0.5 0.5 0.5 0.4 0.5 0.5 0 0.4 0 0.3 0 0.4 0.5 0.5 0.5 0.5 0.5 0.2 0 0 0.25 0.3 0.2 	0.5 3.39514 	HJ_P_Move
132	0.5 0 0 0 0.4 0 0.1 0.5 0.5 0.5 0.4 0.5 0.5 0 0.4 0 0.3 0 0.4 0.5 0.5 0.5 0.5 0.5 0.2 0 0 0.2 0.3 0.2 	0.5 3.3793 	PatMove
133	0.5 0 0 0 0.4 0 0.1 0.5 0.5 0.5 0.4 0.5 0.5 0 0.4 0 0.3 0 0.4 0.5 0.5 0.5 0.5 0.5 0.2 0 0 0.15 0.3 0.2 	0.5 3.36345 	HJ_P_Move
134	0.5 0 0 0 0.4 0 0.1 0.5 0.5 0.5 0.4 0.5 0.5 0 0.4 0 0.3 0 0.4 0.5 0.5 0.5 0.5 0.5 0.2 0 0 0.1 0.3 0.2 	0.5 3.3476 	PatMove
135	0.5 0 0 0 0.4 0 0.1 0.5 0.5 0.5 0.4 0.5 0.5 0 0.4 0 0.3 0 0.4 0.5 0.5 0.5 0.5 0.5 0.2 0 0 0.05 0.3 0.2 	0.5 3.33175 	HJ_P_Move
136	0.5 0 0 0 0.4 0 0.1 0.5 0.5 0.5 0.4 0.5 0.5 0 0.4 0 0.3 0 0.4 0.5 0.5 0.5 0.5 0.5 0.2 0 0 0 0.3 0.2 	0.5 3.3159 	PatMove
137	0.5 0 0 0 0.4 0 0.05 0.5 0.5 0.5 0.4 0.5 0.5 0 0.4 0 0.3 0 0.4 0.5 0.5 0.5 0.5 0.5 0.2 0 0 0 0.3 0.2 	0.5 3.30004 	HJ_P_Move
138	0.5 0 0 0 0.4 0 0 0.5 0.5 0.5 0.4 0.5 0.5 0 0.4 0 0.3 0 0.4 0.5 0.5 0.5 0.5 0.5 0.2 0 0 0 0.3 0.2 	0.5 3.28419 	PatMove
139	0.5 0 0 0 0.4 0 0 0.5 0.5 0.5 0.35 0.5 0.5 0 0.4 0 0.3 0 0.4 0.5 0.5 0.5 0.5 0.5 0.2 0 0 0 0.3 0.2 	0.5 3.26832 	HJ_P_Move
140	0.5 0 0 0 0.4 0 0 0.5 0.5 0.5 0.3 0.5 0.5 0 0.4 0 0.3 0 0.4 0.5 0.5 0.5 0.5 0.5 0.2 0 0 0 0.3 0.2 	0.5 3.25246 	PatMove
141	0.5 0 0 0 0.4 0 0 0.45 0.5 0.5 0.3 0.5 0.5 0 0.4 0 0.3 0 0.4 0.5 0.5 0.5 0.5 0.5 0.2 0 0 0 0.3 0.2 	0.5 3.23659 	HJ_P_Move
142	0.5 0 0 0 0.4 0 0 0.4 0.5 0.5 0.3 0.5 0.5 0 0.4 0 0.3 0 0.4 0.5 0.5 0.5 0.5 0.5 0.2 0 0 0 0.3 0.2 	0.5 3.22071 	PatMove
143	0.5 0 0 0 0.4 0 0 0.4 0.5 0.5 0.25 0.5 0.5 0 0.4 0 0.3 0 0.4 0.5 0.5 0.5 0.5 0.5 0.2 0 0 0 0.3 0.2 	0.5 3.20484 	HJ_P_Move
144	0.5 0 0 0 0.4 0 0 0.4 0.5 0.5 0.2 0.5 0.5 0 0.4 0 0.3 0 0.4 0.5 0.5 0.5 0.5 0.5 0.2 0 0 0 0.3 0.2 	0.5 3.18896 	PatMove
145	0.5 0 0 0 0.4 0 0 0.4 0.5 0.5 0.15 0.5 0.5 0 0.4 0 0.3 0 0.4 0.5 0.5 0.5 0.5 0.5 0.2 0 0 0 0.3 0.2 	0.5 3.17308 	HJ_P_Move
146	0.5 0 0 0 0.4 0 0 0.4 0.5 0.5 0.1 0.5 0.5 0 0.4 0 0.3 0 0.4 0.5 0.5 0.5 0.5 0.5 0.2 0 0 0 0.3 0.2 	0.5 3.15719 	PatMove
147	0.5 0 0 0 0.4 0 0 0.4 0.5 0.5 0.05 0.5 0.5 0 0.4 0 0.3 0 0.4 0.5 0.5 0.5 0.5 0.5 0.2 0 0 0 0.3 0.2 	0.5 3.1413 	HJ_P_Move
148	0.5 0 0 0 0.4 0 0 0.4 0.5 0.5 0 0.5 0.5 0 0.4 0 0.3 0 0.4 0.5 0.5 0.5 0.5 0.5 0.2 0 0 0 0.3 0.2 	0.5 3.12541 	PatMove
149	0.5 0 0 0 0.4 0 0 0.4 0.5 0.5 0 0.5 0.5 0 0.4 0 0.3 0 0.4 0.5 0.45 0.5 0.5 0.5 0.2 0 0 0 0.3 0.2 	0.5 3.10951 	HJ_P_Move
150	0.5 0 0 0 0.4 0 0 0.4 0.5 0.5 0 0.5 0.5 0 0.4 0 0.3 0 0.4 0.5 0.4 0.5 0.5 0.5 0.2 0 0 0 0.3 0.2 	0.5 3.09361 	PatMove
151	0.5 0 0 0 0.4 0 0 0.4 0.5 0.5 0 0.5 0.5 0 0.4 0 0.3 0 0.4 0.5 0.35 0.5 0.5 0.5 0.2 0 0 0 0.3 0.2 	0.5 3.0777 	HJ_P_Move
152	0.5 0 0 0 0.4 0 0 0.4 0.5 0.5 0 0.5 0.5 0 0.4 0 0.3 0 0.4 0.5 0.3 0.5 0.5 0.5 0.2 0 0 0 0.3 0.2 	0.5 3.0618 	PatMove
153	0.5 0 0 0 0.4 0 0 0.4 0.5 0.5 0 0.45 0.5 0 0.4 0 0.3 0 0.4 0.5 0.3 0.5 0.5 0.5 0.2 0 0 0 0.3 0.2 	0.5 3.04588 	HJ_P_Move
154	0.5 0 0 0 0.4 0 0 0.4 0.5 0.5 0 0.4 0.5 0 0.4 0 0.3 0 0.4 0.5 0.3 0.5 0.5 0.5 0.2 0 0 0 0.3 0.2 	0.5 3.02997 	PatMove
155	0.5 0 0 0 0.4 0 0 0.4 0.5 0.5 0 0.4 0.5 0 0.4 0 0.3 0 0.4 0.5 0.25 0.5 0.5 0.5 0.2 0 0 0 0.3 0.2 	0.5 3.01405 	HJ_P_Move
156	0.5 0 0 0 0.4 0 0 0.4 0.5 0.5 0 0.4 0.5 0 0.4 0 0.3 0 0.4 0.5 0.2 0.5 0.5 0.5 0.2 0 0 0 0.3 0.2 	0.5 2.99812 	PatMove
157	0.5 0 0 0 0.4 0 0 0.4 0.5 0.45 0 0.4 0.5 0 0.4 0 0.3 0 0.4 0.5 0.2 0.5 0.5 0.5 0.2 0 0 0 0.3 0.2 	0.5 2.98219 	HJ_P_Move
158	0.5 0 0 0 0.4 0 0 0.4 0.5 0.4 0 0.4 0.5 0 0.4 0 0.3 0 0.4 0.5 0.2 0.5 0.5 0.5 0.2 0 0 0 0.3 0.2 	0.5 2.96626 	PatMove
159	0.5 0 0 0 0.4 0 0 0.4 0.5 0.35 0 0.4 0.5 0 0.4 0 0.3 0 0.4 0.5 0.2 0.5 0.5 0.5 0.2 0 0 0 0.3 0.2 	0.5 2.95033 	HJ_P_Move
160	0.5 0 0 0 0.4 0 0 0.4 0.5 0.3 0 0.4 0.5 0 0.4 0 0.3 0 0.4 0.5 0.2 0.5 0.5 0.5 0.2 0 0 0 0.3 0.2 	0.5 2.93438 	PatMove
161	0.55 0 0 0 0.4 0 0 0.4 0.5 0.3 0 0.4 0.5 0 0.4 0 0.3 0 0.4 0.5 0.2 0.5 0.5 0.5 0.2 0 0 0 0.3 0.2 	0.55 2.91698 	HJ_P_Move
162	0.6 0 0 0 0.4 0 0 0.4 0.5 0.3 0 0.4 0.5 0 0.4 0 0.3 0 0.4 0.5 0.2 0.5 0.5 0.5 0.2 0 0 0 0.3 0.2 	0.6 2.89793 	PatMove
163	0.65 0 0 0 0.4 0 0 0.4 0.5 0.3 0 0.4 0.5 0 0.4 0 0.3 0 0.4 0.5 0.2 0.5 0.5 0.5 0.2 0 0 0 0.3 0.2 	0.65 2.87721 	HJ_P_Move
164	0.7 0 0 0 0.4 0 0 0.4 0.5 0.3 0 0.4 0.5 0 0.4 0 0.3 0 0.4 0.5 0.2 0.5 0.5 0.5 0.2 0 0 0 0.3 0.2 	0.7 2.85484 	PatMove
165	0.75 0 0 0 0.4 0 0 0.4 0.5 0.3 0 0.4 0.5 0 0.4 0 0.3 0 0.4 0.5 0.2 0.5 0.5 0.5 0.2 0 0 0 0.3 0.2 	0.75 2.83081 	HJ_P_Move
166	0.8 0 0 0 0.4 0 0 0.4 0.5 0.3 0 0.4 0.5 0 0.4 0 0.3 0 0.4 0.5 0.2 0.5 0.5 0.5 0.2 0 0 0 0.3 0.2 	0.8 2.80513 	PatMove
167	0.8 0 0 0 0.4 0 0 0.4 0.5 0.3 0 0.35 0.5 0 0.4 0 0.3 0 0.4 0.5 0.2 0.5 0.5 0.5 0.2 0 0 0 0.3 0.2 	0.8 2.78851 	HJ_P_Move
168	0.8 0 0 0 0.4 0 0 0.4 0.5 0.3 0 0.3 0.5 0 0.4 0 0.3 0 0.4 0.5 0.2 0.5 0.5 0.5 0.2 0 0 0 0.3 0.2 	0.8 2.77189 	PatMove
169	0.85 0 0 0 0.4 0 0 0.4 0.5 0.3 0 0.3 0.5 0 0.4 0 0.3 0 0.4 0.5 0.2 0.5 0.5 0.5 0.2 0 0 0 0.3 0.2 	0.85 2.74426 	HJ_P_Move
170	0.9 0 0 0 0.4 0 0 0.4 0.5 0.3 0 0.3 0.5 0 0.4 0 0.3 0 0.4 0.5 0.2 0.5 0.5 0.5 0.2 0 0 0 0.3 0.2 	0.9 2.71496 	PatMove
171	0.95 0 0 0 0.4 0 0 0.4 0.5 0.3 0 0.3 0.5 0 0.4 0 0.3 0 0.4 0.5 0.2 0.5 0.5 0.5 0.2 0 0 0 0.3 0.2 	0.95 2.68398 	HJ_P_Move
172	1 0 0 0 0.4 0 0 0.4 0.5 0.3 0 0.3 0.5 0 0.4 0 0.3 0 0.4 0.5 0.2 0.5 0.5 0.5 0.2 0 0 0 0.3 0.2 	1 2.65133 	PatMove
173	1 0 0 0 0.4 0 0 0.4 0.5 0.25 0 0.3 0.5 0 0.4 0 0.3 0 0.4 0.5 0.2 0.5 0.5 0.5 0.2 0 0 0 0.3 0.2 	1 2.63407 	HJ_P_Move
174	1 0 0 0 0.4 0 0 0.4 0.5 0.2 0 0.3 0.5 0 0.4 0 0.3 0 0.4 0.5 0.2 0.5 0.5 0.5 0.2 0 0 0 0.3 0.2 	1 2.61678 	PatMove
175	0.95 0 0 0 0.4 0 0 0.4 0.5 0.2 0 0.3 0.5 0 0.4 0 0.3 0 0.4 0.5 0.2 0.5 0.5 0.5 0.2 0 0 0 0.3 0.2 	0.95 2.64978 	HJ_P_Move
176	0.9 0 0 0 0.4 0 0 0.4 0.5 0.2 0 0.3 0.5 0 0.4 0 0.3 0 0.4 0.5 0.2 0.5 0.5 0.5 0.2 0 0 0 0.3 0.2 	0.9 2.68108 	PatMove
177	0.9 0 0 0 0.4 0 0 0.4 0.5 0.2 0 0.3 0.5 0 0.4 0 0.25 0 0.4 0.5 0.2 0.5 0.5 0.5 0.2 0 0 0 0.3 0.2 	0.9 2.66411 	HJ_P_Move
178	0.9 0 0 0 0.4 0 0 0.4 0.5 0.2 0 0.3 0.5 0 0.4 0 0.2 0 0.4 0.5 0.2 0.5 0.5 0.5 0.2 0 0 0 0.3 0.2 	0.9 2.64713 	PatMove
179	0.9 0 0 0 0.4 0 0 0.4 0.5 0.15 0 0.3 0.5 0 0.4 0 0.2 0 0.4 0.5 0.2 0.5 0.5 0.5 0.2 0 0 0 0.3 0.2 	0.9 2.63014 	HJ_P_Move
180	0.9 0 0 0 0.4 0 0 0.4 0.5 0.1 0 0.3 0.5 0 0.4 0 0.2 0 0.4 0.5 0.2 0.5 0.5 0.5 0.2 0 0 0 0.3 0.2 	0.9 2.61313 	PatMove
181	0.9 0 0 0 0.4 0 0 0.4 0.5 0.05 0 0.3 0.5 0 0.4 0 0.2 0 0.4 0.5 0.2 0.5 0.5 0.5 0.2 0 0 0 0.3 0.2 	0.9 2.5961 	HJ_P_Move
182	0.9 0 0 0 0.4 0 0 0.4 0.5 0 0 0.3 0.5 0 0.4 0 0.2 0 0.4 0.5 0.2 0.5 0.5 0.5 0.2 0 0 0 0.3 0.2 	0.9 2.57906 	PatMove
183	0.85 0 0 0 0.4 0 0 0.4 0.5 0 0 0.3 0.5 0 0.4 0 0.2 0 0.4 0.5 0.2 0.5 0.5 0.5 0.2 0 0 0 0.3 0.2 	0.85 2.60963 	HJ_P_Move
184	0.8 0 0 0 0.4 0 0 0.4 0.5 0 0 0.3 0.5 0 0.4 0 0.2 0 0.4 0.5 0.2 0.5 0.5 0.5 0.2 0 0 0 0.3 0.2 	0.8 2.63845 	PatMove
185	0.8 0 0 0 0.4 0 0 0.4 0.5 0 0 0.3 0.5 0 0.35 0 0.2 0 0.4 0.5 0.2 0.5 0.5 0.5 0.2 0 0 0 0.3 0.2 	0.8 2.62172 	HJ_P_Move
186	0.8 0 0 0 0.4 0 0 0.4 0.5 0 0 0.3 0.5 0 0.3 0 0.2 0 0.4 0.5 0.2 0.5 0.5 0.5 0.2 0 0 0 0.3 0.2 	0.8 2.60497 	PatMove
187	0.8 0 0 0 0.4 0 0 0.4 0.5 0 0 0.3 0.5 0 0.3 0 0.2 0 0.4 0.5 0.15 0.5 0.5 0.5 0.2 0 0 0 0.3 0.2 	0.8 2.58821 	HJ_P_Move
188	0.8 0 0 0 0.4 0 0 0.4 0.5 0 0 0.3 0.5 0 0.3 0 0.2 0 0.4 0.5 0.1 0.5 0.5 0.5 0.2 0 0 0 0.3 0.2 	0.8 2.57143 	PatMove
189	0.8 0 0 0 0.4 0 0 0.4 0.5 0 0 0.3 0.5 0 0.3 0 0.2 0 0.4 0.5 0.05 0.5 0.5 0.5 0.2 0 0 0 0.3 0.2 	0.8 2.55464 	HJ_P_Move
190	0.8 0 0 0 0.4 0 0 0.4 0.5 0 0 0.3 0.5 0 0.3 0 0.2 0 0.4 0.5 0 0.5 0.5 0.5 0.2 0 0 0 0.3 0.2 	0.8 2.53783 	PatMove
191	0.8 0 0 0 0.4 0 0 0.4 0.5 0 0 0.3 0.5 0 0.25 0 0.2 0 0.4 0.5 0 0.5 0.5 0.5 0.2 0 0 0 0.3 0.2 	0.8 2.52101 	HJ_P_Move
192	0.8 0 0 0 0.4 0 0 0.4 0.5 0 0 0.3 0.5 0 0.2 0 0.2 0 0.4 0.5 0 0.5 0.5 0.5 0.2 0 0 0 0.3 0.2 	0.8 2.50418 	PatMove
193	0.8 0 0 0 0.4 0 0 0.4 0.5 0 0 0.3 0.5 0 0.15 0 0.2 0 0.4 0.5 0 0.5 0.5 0.5 0.2 0 0 0 0.3 0.2 	0.8 2.48733 	HJ_P_Move
194	0.8 0 0 0 0.4 0 0 0.4 0.5 0 0 0.3 0.5 0 0.1 0 0.2 0 0.4 0.5 0 0.5 0.5 0.5 0.2 0 0 0 0.3 0.2 	0.8 2.47046 	PatMove
195	0.8 0 0 0 0.4 0 0 0.4 0.5 0 0 0.3 0.5 0 0.05 0 0.2 0 0.4 0.5 0 0.5 0.5 0.5 0.2 0 0 0 0.3 0.2 	0.8 2.45358 	HJ_P_Move
196	0.8 0 0 0 0.4 0 0 0.4 0.5 0 0 0.3 0.5 0 0 0 0.2 0 0.4 0.5 0 0.5 0.5 0.5 0.2 0 0 0 0.3 0.2 	0.8 2.43669 	PatMove
197	0.8 0 0 0 0.4 0 0 0.4 0.45 0 0 0.3 0.5 0 0 0 0.2 0 0.4 0.5 0 0.5 0.5 0.5 0.2 0 0 0 0.3 0.2 	0.8 2.41977 	HJ_P_Move
198	0.8 0 0 0 0.4 0 0 0.4 0.4 0 0 0.3 0.5 0 0 0 0.2 0 0.4 0.5 0 0.5 0.5 0.5 0.2 0 0 0 0.3 0.2 	0.8 2.40285 	PatMove
199	0.8 0 0 0 0.4 0 0 0.4 0.35 0 0 0.3 0.5 0 0 0 0.2 0 0.4 0.5 0 0.5 0.5 0.5 0.2 0 0 0 0.3 0.2 	0.8 2.3859 	HJ_P_Move
200	0.8 0 0 0 0.4 0 0 0.4 0.3 0 0 0.3 0.5 0 0 0 0.2 0 0.4 0.5 0 0.5 0.5 0.5 0.2 0 0 0 0.3 0.2 	0.8 2.36894 	PatMove
201	0.8 0 0 0 0.4 0 0 0.4 0.3 0 0 0.3 0.5 0 0 0 0.15 0 0.4 0.5 0 0.5 0.5 0.5 0.2 0 0 0 0.3 0.2 	0.8 2.35196 	HJ_P_Move
202	0.8 0 0 0 0.4 0 0 0.4 0.3 0 0 0.3 0.5 0 0 0 0.1 0 0.4 0.5 0 0.5 0.5 0.5 0.2 0 0 0 0.3 0.2 	0.8 2.33496 	PatMove
203	0.8 0 0 0 0.4 0 0 0.4 0.25 0 0 0.3 0.5 0 0 0 0.1 0 0.4 0.5 0 0.5 0.5 0.5 0.2 0 0 0 0.3 0.2 	0.8 2.31795 	HJ_P_Move
204	0.8 0 0 0 0.4 0 0 0.4 0.2 0 0 0.3 0.5 0 0 0 0.1 0 0.4 0.5 0 0.5 0.5 0.5 0.2 0 0 0 0.3 0.2 	0.8 2.30091 	PatMove
205	0.8 0 0 0 0.4 0 0 0.4 0.15 0 0 0.3 0.5 0 0 0 0.1 0 0.4 0.5 0 0.5 0.5 0.5 0.2 0 0 0 0.3 0.2 	0.8 2.28386 	HJ_P_Move
206	0.8 0 0 0 0.4 0 0 0.4 0.1 0 0 0.3 0.5 0 0 0 0.1 0 0.4 0.5 0 0.5 0.5 0.5 0.2 0 0 0 0.3 0.2 	0.8 2.26679 	PatMove
207	0.8 0 0 0 0.4 0 0 0.4 0.05 0 0 0.3 0.5 0 0 0 0.1 0 0.4 0.5 0 0.5 0.5 0.5 0.2 0 0 0 0.3 0.2 	0.8 2.2497 	HJ_P_Move
208	0.8 0 0 0 0.4 0 0 0.4 0 0 0 0.3 0.5 0 0 0 0.1 0 0.4 0.5 0 0.5 0.5 0.5 0.2 0 0 0 0.3 0.2 	0.8 2.23259 	PatMove
209	0.8 0 0 0 0.4 0 0 0.4 0 0 0 0.3 0.5 0 0 0 0.1 0 0.4 0.5 0 0.5 0.45 0.5 0.2 0 0 0 0.3 0.2 	0.8 2.21546 	HJ_P_Move
210	0.8 0 0 0 0.4 0 0 0.4 0 0 0 0.3 0.5 0 0 0 0.1 0 0.4 0.5 0 0.5 0.4 0.5 0.2 0 0 0 0.3 0.2 	0.8 2.19831 	PatMove
211	0.8 0 0 0 0.4 0 0 0.4 0 0 0 0.3 0.5 0 0 0 0.1 0 0.4 0.5 0 0.5 0.35 0.5 0.2 0 0 0 0.3 0.2 	0.8 2.18114 	HJ_P_Move
212	0.8 0 0 0 0.4 0 0 0.4 0 0 0 0.3 0.5 0 0 0 0.1 0 0.4 0.5 0 0.5 0.3 0.5 0.2 0 0 0 0.3 0.2 	0.8 2.16395 	PatMove
213	0.8 0 0 0 0.4 0 0 0.4 0 0 0 0.25 0.5 0 0 0 0.1 0 0.4 0.5 0 0.5 0.3 0.5 0.2 0 0 0 0.3 0.2 	0.8 2.14674 	HJ_P_Move
214	0.8 0 0 0 0.4 0 0 0.4 0 0 0 0.2 0.5 0 0 0 0.1 0 0.4 0.5 0 0.5 0.3 0.5 0.2 0 0 0 0.3 0.2 	0.8 2.1295 	PatMove
215	0.8 0 0 0 0.4 0 0 0.4 0 0 0 0.2 0.5 0 0 0 0.1 0 0.4 0.5 0 0.5 0.25 0.5 0.2 0 0 0 0.3 0.2 	0.8 2.11224 	HJ_P_Move
216	0.8 0 0 0 0.4 0 0 0.4 0 0 0 0.2 0.5 0 0 0 0.1 0 0.4 0.5 0 0.5 0.2 0.5 0.2 0 0 0 0.3 0.2 	0.8 2.09496 	PatMove
217	0.8 0 0 0 0.4 0 0 0.4 0 0 0 0.2 0.5 0 0 0 0.1 0 0.4 0.5 0 0.5 0.15 0.5 0.2 0 0 0 0.3 0.2 	0.8 2.07766 	HJ_P_Move
218	0.8 0 0 0 0.4 0 0 0.4 0 0 0 0.2 0.5 0 0 0 0.1 0 0.4 0.5 0 0.5 0.1 0.5 0.2 0 0 0 0.3 0.2 	0.8 2.06033 	PatMove
219	0.8 0 0 0 0.4 0 0 0.4 0 0 0 0.2 0.5 0 0 0 0.1 0 0.4 0.5 0 0.5 0.1 0.5 0.2 0 0 0 0.3 0.15 	0.8 2.04298 	HJ_P_Move
220	0.8 0 0 0 0.4 0 0 0.4 0 0 0 0.2 0.5 0 0 0 0.1 0 0.4 0.5 0 0.5 0.1 0.5 0.2 0 0 0 0.3 0.1 	0.8 2.0256 	PatMove
221	0.8 0 0 0 0.4 0 0 0.4 0 0 0 0.2 0.5 0 0 0 0.1 0 0.4 0.5 0 0.5 0.1 0.5 0.2 0 0 0 0.3 0.05 	0.8 2.0082 	HJ_P_Move
222	0.8 0 0 0 0.4 0 0 0.4 0 0 0 0.2 0.5 0 0 0 0.1 0 0.4 0.5 0 0.5 0.1 0.5 0.2 0 0 0 0.3 0 	0.8 1.99077 	PatMove
223	0.8 0 0 0 0.4 0 0 0.4 0 0 0 0.2 0.5 0 0 0 0.1 0 0.4 0.5 0 0.5 0.1 0.45 0.2 0 0 0 0.3 0 	0.8 1.97332 	HJ_P_Move
224	0.8 0 0 0 0.4 0 0 0.4 0 0 0 0.2 0.5 0 0 0 0.1 0 0.4 0.5 0 0.5 0.1 0.4 0.2 0 0 0 0.3 0 	0.8 1.95584 	PatMove
225	0.8 0 0 0 0.4 0 0 0.4 0 0 0 0.2 0.5 0 0 0 0.1 0 0.4 0.5 0 0.5 0.1 0.35 0.2 0 0 0 0.3 0 	0.8 1.93833 	HJ_P_Move
226	0.8 0 0 0 0.4 0 0 0.4 0 0 0 0.2 0.5 0 0 0 0.1 0 0.4 0.5 0 0.5 0.1 0.3 0.2 0 0 0 0.3 0 	0.8 1.9208 	PatMove
227	0.8 0 0 0 0.4 0 0 0.4 0 0 0 0.2 0.45 0 0 0 0.1 0 0.4 0.5 0 0.5 0.1 0.3 0.2 0 0 0 0.3 0 	0.8 1.90323 	HJ_P_Move
228	0.8 0 0 0 0.4 0 0 0.4 0 0 0 0.2 0.4 0 0 0 0.1 0 0.4 0.5 0 0.5 0.1 0.3 0.2 0 0 0 0.3 0 	0.8 1.88564 	PatMove
229	0.8 0 0 0 0.4 0 0 0.4 0 0 0 0.2 0.4 0 0 0 0.1 0 0.4 0.5 0 0.5 0.1 0.25 0.2 0 0 0 0.3 0 	0.8 1.86802 	HJ_P_Move
230	0.8 0 0 0 0.4 0 0 0.4 0 0 0 0.2 0.4 0 0 0 0.1 0 0.4 0.5 0 0.5 0.1 0.2 0.2 0 0 0 0.3 0 	0.8 1.85036 	PatMove
231	0.8 0 0 0 0.4 0 0 0.4 0 0 0 0.2 0.4 0 0 0 0.1 0 0.4 0.5 0 0.5 0.1 0.15 0.2 0 0 0 0.3 0 	0.8 1.83268 	HJ_P_Move
232	0.8 0 0 0 0.4 0 0 0.4 0 0 0 0.2 0.4 0 0 0 0.1 0 0.4 0.5 0 0.5 0.1 0.1 0.2 0 0 0 0.3 0 	0.8 1.81496 	PatMove
233	0.8 0 0 0 0.4 0 0 0.4 0 0 0 0.2 0.4 0 0 0 0.1 0 0.4 0.5 0 0.5 0.1 0.05 0.2 0 0 0 0.3 0 	0.8 1.79721 	HJ_P_Move
234	0.8 0 0 0 0.4 0 0 0.4 0 0 0 0.2 0.4 0 0 0 0.1 0 0.4 0.5 0 0.5 0.1 0 0.2 0 0 0 0.3 0 	0.8 1.77943 	PatMove
235	0.8 0 0 0 0.4 0 0 0.4 0 0 0 0.2 0.4 0 0 0 0.1 0 0.4 0.5 0 0.5 0.05 0 0.2 0 0 0 0.3 0 	0.8 1.76161 	HJ_P_Move
236	0.8 0 0 0 0.4 0 0 0.4 0 0 0 0.2 0.4 0 0 0 0.1 0 0.4 0.5 0 0.5 0 0 0.2 0 0 0 0.3 0 	0.8 1.74376 	PatMove
237	0.85 0 0 0 0.4 0 0 0.4 0 0 0 0.2 0.4 0 0 0 0.1 0 0.4 0.5 0 0.5 0 0 0.2 0 0 0 0.3 0 	0.85 1.70362 	HJ_P_Move
238	0.9 0 0 0 0.4 0 0 0.4 0 0 0 0.2 0.4 0 0 0 0.1 0 0.4 0.5 0 0.5 0 0 0.2 0 0 0 0.3 0 	0.9 1.66104 	PatMove
239	0.9 0 0 0 0.4 0 0 0.4 0 0 0 0.2 0.4 0 0 0 0.1 0 0.4 0.5 0 0.5 0 0 0.15 0 0 0 0.3 0 	0.9 1.64253 	HJ_P_Move
240	0.9 0 0 0 0.4 0 0 0.4 0 0 0 0.2 0.4 0 0 0 0.1 0 0.4 0.5 0 0.5 0 0 0.1 0 0 0 0.3 0 	0.9 1.62397 	PatMove
241	0.95 0 0 0 0.4 0 0 0.4 0 0 0 0.2 0.4 0 0 0 0.1 0 0.4 0.5 0 0.5 0 0 0.1 0 0 0 0.3 0 	0.95 1.57827 	HJ_P_Move
242	1 0 0 0 0.4 0 0 0.4 0 0 0 0.2 0.4 0 0 0 0.1 0 0.4 0.5 0 0.5 0 0 0.1 0 0 0 0.3 0 	1 1.5301 	PatMove
243	1 0 0 0 0.35 0 0 0.4 0 0 0 0.2 0.4 0 0 0 0.1 0 0.4 0.5 0 0.5 0 0 0.1 0 0 0 0.3 0 	1 1.51077 	HJ_P_Move
244	1 0 0 0 0.3 0 0 0.4 0 0 0 0.2 0.4 0 0 0 0.1 0 0.4 0.5 0 0.5 0 0 0.1 0 0 0 0.3 0 	1 1.49137 	PatMove
245	1 0 0 0 0.25 0 0 0.4 0 0 0 0.2 0.4 0 0 0 0.1 0 0.4 0.5 0 0.5 0 0 0.1 0 0 0 0.3 0 	1 1.47192 	HJ_P_Move
246	1 0 0 0 0.2 0 0 0.4 0 0 0 0.2 0.4 0 0 0 0.1 0 0.4 0.5 0 0.5 0 0 0.1 0 0 0 0.3 0 	1 1.4524 	PatMove
247	1 0 0 0 0.2 0 0 0.35 0 0 0 0.2 0.4 0 0 0 0.1 0 0.4 0.5 0 0.5 0 0 0.1 0 0 0 0.3 0 	1 1.43282 	HJ_P_Move
248	1 0 0 0 0.2 0 0 0.3 0 0 0 0.2 0.4 0 0 0 0.1 0 0.4 0.5 0 0.5 0 0 0.1 0 0 0 0.3 0 	1 1.41318 	PatMove
249	1 0 0 0 0.15 0 0 0.3 0 0 0 0.2 0.4 0 0 0 0.1 0 0.4 0.5 0 0.5 0 0 0.1 0 0 0 0.3 0 	1 1.39347 	HJ_P_Move
250	1 0 0 0 0.1 0 0 0.3 0 0 0 0.2 0.4 0 0 0 0.1 0 0.4 0.5 0 0.5 0 0 0.1 0 0 0 0.3 0 	1 1.37368 	PatMove
251	1 0 0 0 0.1 0 0 0.25 0 0 0 0.2 0.4 0 0 0 0.1 0 0.4 0.5 0 0.5 0 0 0.1 0 0 0 0.3 0 	1 1.35383 	HJ_P_Move
252	1 0 0 0 0.1 0 0 0.2 0 0 0 0.2 0.4 0 0 0 0.1 0 0.4 0.5 0 0.5 0 0 0.1 0 0 0 0.3 0 	1 1.33391 	PatMove
253	1 0 0 0 0.1 0 0 0.15 0 0 0 0.2 0.4 0 0 0 0.1 0 0.4 0.5 0 0.5 0 0 0.1 0 0 0 0.3 0 	1 1.31391 	HJ_P_Move
254	1 0 0 0 0.1 0 0 0.1 0 0 0 0.2 0.4 0 0 0 0.1 0 0.4 0.5 0 0.5 0 0 0.1 0 0 0 0.3 0 	1 1.29384 	PatMove
255	1 0 0 0 0.1 0 0 0.05 0 0 0 0.2 0.4 0 0 0 0.1 0 0.4 0.5 0 0.5 0 0 0.1 0 0 0 0.3 0 	1 1.27369 	HJ_P_Move
256	1 0 0 0 0.1 0 0 0 0 0 0 0.2 0.4 0 0 0 0.1 0 0.4 0.5 0 0.5 0 0 0.1 0 0 0 0.3 0 	1 1.25346 	PatMove
257	1 0 0 0 0.1 0 0 0 0 0 0 0.2 0.4 0 0 0 0.1 0 0.35 0.5 0 0.5 0 0 0.1 0 0 0 0.3 0 	1 1.23315 	HJ_P_Move
258	1 0 0 0 0.1 0 0 0 0 0 0 0.2 0.4 0 0 0 0.1 0 0.3 0.5 0 0.5 0 0 0.1 0 0 0 0.3 0 	1 1.21276 	PatMove
259	1 0 0 0 0.1 0 0 0 0 0 0 0.15 0.4 0 0 0 0.1 0 0.3 0.5 0 0.5 0 0 0.1 0 0 0 0.3 0 	1 1.19227 	HJ_P_Move
260	1 0 0 0 0.1 0 0 0 0 0 0 0.1 0.4 0 0 0 0.1 0 0.3 0.5 0 0.5 0 0 0.1 0 0 0 0.3 0 	1 1.17171 	PatMove
261	1 0 0 0 0.1 0 0 0 0 0 0 0.1 0.35 0 0 0 0.1 0 0.3 0.5 0 0.5 0 0 0.1 0 0 0 0.3 0 	1 1.15105 	HJ_P_Move
262	1 0 0 0 0.1 0 0 0 0 0 0 0.1 0.3 0 0 0 0.1 0 0.3 0.5 0 0.5 0 0 0.1 0 0 0 0.3 0 	1 1.13029 	PatMove
263	1 0 0 0 0.1 0 0 0 0 0 0 0.1 0.3 0 0 0 0.1 0 0.3 0.5 0 0.45 0 0 0.1 0 0 0 0.3 0 	1 1.10944 	HJ_P_Move
264	1 0 0 0 0.1 0 0 0 0 0 0 0.1 0.3 0 0 0 0.1 0 0.3 0.5 0 0.4 0 0 0.1 0 0 0 0.3 0 	1 1.0885 	PatMove
265	1 0 0 0 0.1 0 0 0 0 0 0 0.1 0.25 0 0 0 0.1 0 0.3 0.5 0 0.4 0 0 0.1 0 0 0 0.3 0 	1 1.06745 	HJ_P_Move
266	1 0 0 0 0.1 0 0 0 0 0 0 0.1 0.2 0 0 0 0.1 0 0.3 0.5 0 0.4 0 0 0.1 0 0 0 0.3 0 	1 1.0463 	PatMove
267	1 0 0 0 0.1 0 0 0 0 0 0 0.1 0.15 0 0 0 0.1 0 0.3 0.5 0 0.4 0 0 0.1 0 0 0 0.3 0 	1 1.02504 	HJ_P_Move
268	1 0 0 0 0.1 0 0 0 0 0 0 0.1 0.1 0 0 0 0.1 0 0.3 0.5 0 0.4 0 0 0.1 0 0 0 0.3 0 	1 1.00367 	PatMove
269	1 0 0 0 0.1 0 0 0 0 0 0 0.1 0.05 0 0 0 0.1 0 0.3 0.5 0 0.4 0 0 0.1 0 0 0 0.3 0 	1 0.982186 	HJ_P_Move
270	1 0 0 0 0.1 0 0 0 0 0 0 0.1 0 0 0 0 0.1 0 0.3 0.5 0 0.4 0 0 0.1 0 0 0 0.3 0 	1 0.960588 	PatMove
271	1 0 0 0 0.1 0 0 0 0 0 0 0.1 0 0 0 0 0.1 0 0.3 0.45 0 0.4 0 0 0.1 0 0 0 0.3 0 	1 0.93887 	HJ_P_Move
272	1 0 0 0 0.1 0 0 0 0 0 0 0.1 0 0 0 0 0.1 0 0.3 0.4 0 0.4 0 0 0.1 0 0 0 0.3 0 	1 0.917028 	PatMove
273	1 0 0 0 0.1 0 0 0 0 0 0 0.1 0 0 0 0 0.1 0 0.3 0.35 0 0.4 0 0 0.1 0 0 0 0.3 0 	1 0.895059 	HJ_P_Move
274	1 0 0 0 0.1 0 0 0 0 0 0 0.1 0 0 0 0 0.1 0 0.3 0.3 0 0.4 0 0 0.1 0 0 0 0.3 0 	1 0.872959 	PatMove
275	1 0 0 0 0.1 0 0 0 0 0 0 0.1 0 0 0 0 0.05 0 0.3 0.3 0 0.4 0 0 0.1 0 0 0 0.3 0 	1 0.850723 	HJ_P_Move
276	1 0 0 0 0.1 0 0 0 0 0 0 0.1 0 0 0 0 0 0 0.3 0.3 0 0.4 0 0 0.1 0 0 0 0.3 0 	1 0.828349 	PatMove
277	1 0 0 0 0.1 0 0 0 0 0 0 0.05 0 0 0 0 0 0 0.3 0.3 0 0.4 0 0 0.1 0 0 0 0.3 0 	1 0.805831 	HJ_P_Move
278	1 0 0 0 0.1 0 0 0 0 0 0 0 0 0 0 0 0 0 0.3 0.3 0 0.4 0 0 0.1 0 0 0 0.3 0 	1 0.783164 	PatMove
279	1 0 0 0 0.1 0 0 0 0 0 0 0 0 0 0 0 0 0 0.3 0.3 0 0.4 0 0 0.05 0 0 0 0.3 0 	1 0.760345 	HJ_P_Move
280	1 0 0 0 0.1 0 0 0 0 0 0 0 0 0 0 0 0 0 0.3 0.3 0 0.4 0 0 0 0 0 0 0.3 0 	1 0.737367 	PatMove
281	1 0 0 0 0.05 0 0 0 0 0 0 0 0 0 0 0 0 0 0.3 0.3 0 0.4 0 0 0 0 0 0 0.3 0 	1 0.714227 	HJ_P_Move
282	1 0 0 0 0 0 0 0 0 0 0 0 0 0 0 0 0 0 0.3 0.3 0 0.4 0 0 0 0 0 0 0.3 0 	1 0.690918 	PatMove
283	1 0 0 0 0 0 0 0 0 0 0 0 0 0 0 0 0 0 0.3 0.3 0 0.35 0 0 0 0 0 0 0.3 0 	1 0.667434 	HJ_P_Move
284	1 0 0 0 0 0 0 0 0 0 0 0 0 0 0 0 0 0 0.3 0.3 0 0.3 0 0 0 0 0 0 0.3 0 	1 0.643771 	PatMove
285	1 0 0 0 0 0 0 0 0 0 0 0 0 0 0 0 0 0 0.25 0.3 0 0.3 0 0 0 0 0 0 0.3 0 	1 0.619921 	HJ_P_Move
286	1 0 0 0 0 0 0 0 0 0 0 0 0 0 0 0 0 0 0.2 0.3 0 0.3 0 0 0 0 0 0 0.3 0 	1 0.595878 	PatMove
287	1 0 0 0 0 0 0 0 0 0 0 0 0 0 0 0 0 0 0.2 0.3 0 0.25 0 0 0 0 0 0 0.3 0 	1 0.571636 	HJ_P_Move
288	1 0 0 0 0 0 0 0 0 0 0 0 0 0 0 0 0 0 0.2 0.3 0 0.2 0 0 0 0 0 0 0.3 0 	1 0.547187 	PatMove
289	1 0 0 0 0 0 0 0 0 0 0 0 0 0 0 0 0 0 0.2 0.3 0 0.15 0 0 0 0 0 0 0.3 0 	1 0.522524 	HJ_P_Move
290	1 0 0 0 0 0 0 0 0 0 0 0 0 0 0 0 0 0 0.2 0.3 0 0.1 0 0 0 0 0 0 0.3 0 	1 0.497639 	PatMove
291	1 0 0 0 0 0 0 0 0 0 0 0 0 0 0 0 0 0 0.2 0.3 0 0.05 0 0 0 0 0 0 0.3 0 	1 0.472524 	HJ_P_Move
292	1 0 0 0 0 0 0 0 0 0 0 0 0 0 0 0 0 0 0.2 0.3 0 0 0 0 0 0 0 0 0.3 0 	1 0.447171 	PatMove
293	1 0 0 0 0 0 0 0 0 0 0 0 0 0 0 0 0 0 0.2 0.3 0 0 0 0 0 0 0 0 0.25 0 	1 0.42157 	HJ_P_Move
294	1 0 0 0 0 0 0 0 0 0 0 0 0 0 0 0 0 0 0.2 0.3 0 0 0 0 0 0 0 0 0.2 0 	1 0.395712 	PatMove
295	1 0 0 0 0 0 0 0 0 0 0 0 0 0 0 0 0 0 0.2 0.3 0 0 0 0 0 0 0 0 0.15 0 	1 0.369586 	HJ_P_Move
296	1 0 0 0 0 0 0 0 0 0 0 0 0 0 0 0 0 0 0.2 0.3 0 0 0 0 0 0 0 0 0.1 0 	1 0.343184 	PatMove
297	1 0 0 0 0 0 0 0 0 0 0 0 0 0 0 0 0 0 0.2 0.3 0 0 0 0 0 0 0 0 0.05 0 	1 0.316492 	HJ_P_Move
298	1 0 0 0 0 0 0 0 0 0 0 0 0 0 0 0 0 0 0.2 0.3 0 0 0 0 0 0 0 0 0 0 	1 0.289501 	PatMove
299	1 0 0 0 0 0 0 0 0 0 0 0 0 0 0 0 0 0 0.15 0.3 0 0 0 0 0 0 0 0 0 0 	1 0.262197 	HJ_P_Move
300	1 0 0 0 0 0 0 0 0 0 0 0 0 0 0 0 0 0 0.1 0.3 0 0 0 0 0 0 0 0 0 0 	1 0.234567 	PatMove
301	1 0 0 0 0 0 0 0 0 0 0 0 0 0 0 0 0 0 0.05 0.3 0 0 0 0 0 0 0 0 0 0 	1 0.206599 	HJ_P_Move
302	1 0 0 0 0 0 0 0 0 0 0 0 0 0 0 0 0 0 0 0.3 0 0 0 0 0 0 0 0 0 0 	1 0.178277 	PatMove
303	0.95 0 0 0 0 0 0 0 0 0 0 0 0 0 0 0 0 0 0 0.3 0 0 0 0 0 0 0 0 0 0 	0.95 0.267473 	HJ_P_Move
304	0.9 0 0 0 0 0 0 0 0 0 0 0 0 0 0 0 0 0 0 0.3 0 0 0 0 0 0 0 0 0 0 	0.9 0.352094 	PatMove
305	0.85 0 0 0 0 0 0 0 0 0 0 0 0 0 0 0 0 0 0 0.3 0 0 0 0 0 0 0 0 0 0 	0.85 0.432141 	HJ_P_Move
306	0.8 0 0 0 0 0 0 0 0 0 0 0 0 0 0 0 0 0 0 0.3 0 0 0 0 0 0 0 0 0 0 	0.8 0.507614 	PatMove
307	0.75 0 0 0 0 0 0 0 0 0 0 0 0 0 0 0 0 0 0 0.3 0 0 0 0 0 0 0 0 0 0 	0.75 0.578514 	HJ_P_Move
308	0.7 0 0 0 0 0 0 0 0 0 0 0 0 0 0 0 0 0 0 0.3 0 0 0 0 0 0 0 0 0 0 	0.7 0.644838 	PatMove
309	0.7 0 0 0 0 0 0 0 0 0 0 0 0 0 0 0 0 0 0 0.25 0 0 0 0 0 0 0 0 0 0 	0.7 0.622866 	HJ_P_Move
310	0.7 0 0 0 0 0 0 0 0 0 0 0 0 0 0 0 0 0 0 0.2 0 0 0 0 0 0 0 0 0 0 	0.7 0.600705 	PatMove
311	0.75 0 0 0 0 0 0 0 0 0 0 0 0 0 0 0 0 0 0 0.2 0 0 0 0 0 0 0 0 0 0 	0.75 0.532442 	HJ_P_Move
312	0.8 0 0 0 0 0 0 0 0 0 0 0 0 0 0 0 0 0 0 0.2 0 0 0 0 0 0 0 0 0 0 	0.8 0.459472 	PatMove
313	0.85 0 0 0 0 0 0 0 0 0 0 0 0 0 0 0 0 0 0 0.2 0 0 0 0 0 0 0 0 0 0 	0.85 0.381793 	HJ_P_Move
314	0.9 0 0 0 0 0 0 0 0 0 0 0 0 0 0 0 0 0 0 0.2 0 0 0 0 0 0 0 0 0 0 	0.9 0.299407 	PatMove
315	0.85 0 0 0 0 0 0 0 0 0 0 0 0 0 0 0 0 0 0 0.2 0 0 0 0 0 0 0 0 0 0 	0.85 0.381793 	HJ_P_Move
316	0.8 0 0 0 0 0 0 0 0 0 0 0 0 0 0 0 0 0 0 0.2 0 0 0 0 0 0 0 0 0 0 	0.8 0.459472 	PatMove
317	0.8 0 0 0 0 0 0 0 0 0 0 0 0 0 0 0 0 0 0 0.15 0 0 0 0 0 0 0 0 0 0 	0.8 0.43502 	HJ_P_Move
318	0.8 0 0 0 0 0 0 0 0 0 0 0 0 0 0 0 0 0 0 0.1 0 0 0 0 0 0 0 0 0 0 	0.8 0.410299 	PatMove
319	0.85 0 0 0 0 0 0 0 0 0 0 0 0 0 0 0 0 0 0 0.1 0 0 0 0 0 0 0 0 0 0 	0.85 0.330282 	HJ_P_Move
320	0.9 0 0 0 0 0 0 0 0 0 0 0 0 0 0 0 0 0 0 0.1 0 0 0 0 0 0 0 0 0 0 	0.9 0.245416 	PatMove
321	0.85 0 0 0 0 0 0 0 0 0 0 0 0 0 0 0 0 0 0 0.1 0 0 0 0 0 0 0 0 0 0 	0.85 0.330282 	HJ_P_Move
322	0.8 0 0 0 0 0 0 0 0 0 0 0 0 0 0 0 0 0 0 0.1 0 0 0 0 0 0 0 0 0 0 	0.8 0.410299 	PatMove
323	0.75 0 0 0 0 0 0 0 0 0 0 0 0 0 0 0 0 0 0 0.1 0 0 0 0 0 0 0 0 0 0 	0.75 0.485466 	HJ_P_Move
324	0.7 0 0 0 0 0 0 0 0 0 0 0 0 0 0 0 0 0 0 0.1 0 0 0 0 0 0 0 0 0 0 	0.7 0.555784 	PatMove
325	0.7 0 0 0 0 0 0 0 0 0 0 0 0 0 0 0 0 0 0 0.05 0 0 0 0 0 0 0 0 0 0 	0.7 0.533005 	HJ_P_Move
326	0.7 0 0 0 0 0 0 0 0 0 0 0 0 0 0 0 0 0 0 0 0 0 0 0 0 0 0 0 0 0 	0.7 0.51 	PatMove
327	0.65 0 0 0 0 0 0 0 0 0 0 0 0 0 0 0 0 0 0 0 0 0 0 0 0 0 0 0 0 0 	0.65 0.5775 	HJ_P_Move
328	0.6 0 0 0 0 0 0 0 0 0 0 0 0 0 0 0 0 0 0 0 0 0 0 0 0 0 0 0 0 0 	0.6 0.64 	PatMove
329	0.65 0 0 0 0 0 0 0 0 0 0 0 0 0 0 0 0 0 0 0 0 0 0 0 0 0 0 0 0 0 	0.65 0.5775 	HJ_P_Move
330	0.7 0 0 0 0 0 0 0 0 0 0 0 0 0 0 0 0 0 0 0 0 0 0 0 0 0 0 0 0 0 	0.7 0.51 	PatMove
331	0.75 0 0 0 0 0 0 0 0 0 0 0 0 0 0 0 0 0 0 0 0 0 0 0 0 0 0 0 0 0 	0.75 0.4375 	HJ_P_Move
332	0.8 0 0 0 0 0 0 0 0 0 0 0 0 0 0 0 0 0 0 0 0 0 0 0 0 0 0 0 0 0 	0.8 0.36 	PatMove
333	0.85 0 0 0 0 0 0 0 0 0 0 0 0 0 0 0 0 0 0 0 0 0 0 0 0 0 0 0 0 0 	0.85 0.2775 	HJ_P_Move
334	0.9 0 0 0 0 0 0 0 0 0 0 0 0 0 0 0 0 0 0 0 0 0 0 0 0 0 0 0 0 0 	0.9 0.19 	PatMove
335	0.95 0 0 0 0 0 0 0 0 0 0 0 0 0 0 0 0 0 0 0 0 0 0 0 0 0 0 0 0 0 	0.95 0.0975 	HJ_P_Move
336	1 0 0 0 0 0 0 0 0 0 0 0 0 0 0 0 0 0 0 0 0 0 0 0 0 0 0 0 0 0 	1 4e-08 	PatMove
337	0.95 0 0 0 0 0 0 0 0 0 0 0 0 0 0 0 0 0 0 0 0 0 0 0 0 0 0 0 0 0 	0.95 0.0975 	HJ_P_Move
338	0.9 0 0 0 0 0 0 0 0 0 0 0 0 0 0 0 0 0 0 0 0 0 0 0 0 0 0 0 0 0 	0.9 0.19 	PatMove
339	0.85 0 0 0 0 0 0 0 0 0 0 0 0 0 0 0 0 0 0 0 0 0 0 0 0 0 0 0 0 0 	0.85 0.2775 	HJ_P_Move
340	0.8 0 0 0 0 0 0 0 0 0 0 0 0 0 0 0 0 0 0 0 0 0 0 0 0 0 0 0 0 0 	0.8 0.36 	PatMove
341	0.8 0 0 0 0 0 0 0 0 0 0 0 0 0 0 0.05 0 0 0 0 0 0 0 0 0 0 0 0 0 0 	0.8 0.385297 	HJ_P_Move
342	0.8 0 0 0 0 0 0 0 0 0 0 0 0 0 0.05 0.05 0 0 0 0 0 0 0 0 0 0 0 0 0 0 	0.8 0.410299 	HJ_P_Move
343	0.75 0 0 0 0 0 0 0 0 0 0 0 0 0 0.05 0.05 0 0 0 0 0 0 0 0 0 0 0 0 0 0 	0.75 0.485466 	HJ_P_Move
344	0.7 0 0 0 0 0 0 0 0 0 0 0 0 0 0.05 0.05 0 0 0 0 0 0 0 0 0 0 0 0 0 0 	0.7 0.555784 	HJ_P_Move
345	0.65 0 0 0 0 0 0 0 0 0 0 0 0 0 0.05 0.05 0 0 0 0 0 0 0 0 0 0 0 0 0 0 	0.65 0.621252 	HJ_P_Move
346	0.6 0 0 0 0 0 0 0 0 0 0 0 0 0 0.05 0.05 0 0 0 0 0 0 0 0 0 0 0 0 0 0 	0.6 0.681871 	PatMove
347	0.65 0 0 0 0 0 0 0 0 0 0 0 0 0 0.05 0.05 0 0 0 0 0 0 0 0 0 0 0 0 0 0 	0.65 0.621252 	HJ_P_Move
348	0.7 0 0 0 0 0 0 0 0 0 0 0 0 0 0.05 0.05 0 0 0 0 0 0 0 0 0 0 0 0 0 0 	0.7 0.555784 	PatMove
349	0.75 0 0 0 0 0 0 0 0 0 0 0 0 0 0.05 0.05 0 0 0 0 0 0 0 0 0 0 0 0 0 0 	0.75 0.485466 	HJ_P_Move
350	0.8 0 0 0 0 0 0 0 0 0 0 0 0 0 0.05 0.05 0 0 0 0 0 0 0 0 0 0 0 0 0 0 	0.8 0.410299 	PatMove
