#loop	basepoint	objectives	function
0	0.5 0.5 0.5 0.5 0.5 0.5 0.5 0.5 0.5 0.5 0.5 0.5 0.5 0.5 0.5 0.5 0.5 0.5 0.5 0.5 0.5 0.5 0.5 0.5 0.5 0.5 0.5 0.5 0.5 0.5 	0.5 5.45455 	initial
1	0.5 0.5 0.5 0.5 0.47 0.5 0.5 0.5 0.5 0.5 0.5 0.5 0.5 0.5 0.5 0.5 0.5 0.5 0.5 0.5 0.5 0.5 0.5 0.5 0.5 0.5 0.5 0.5 0.5 0.5 	0.5 5.44516 	HJ_P_Move
2	0.5 0.5 0.5 0.5 0.44 0.5 0.5 0.5 0.5 0.5 0.5 0.5 0.5 0.5 0.5 0.5 0.5 0.5 0.5 0.5 0.5 0.5 0.5 0.5 0.5 0.5 0.5 0.5 0.5 0.5 	0.5 5.43577 	PatMove
3	0.5 0.5 0.5 0.5 0.44 0.5 0.5 0.5 0.5 0.5 0.5 0.5 0.5 0.5 0.5 0.47 0.5 0.5 0.5 0.5 0.5 0.5 0.5 0.5 0.5 0.5 0.5 0.5 0.5 0.5 	0.5 5.42638 	HJ_P_Move
4	0.5 0.5 0.5 0.5 0.44 0.5 0.5 0.5 0.5 0.5 0.5 0.5 0.5 0.5 0.5 0.44 0.5 0.5 0.5 0.5 0.5 0.5 0.5 0.5 0.5 0.5 0.5 0.5 0.5 0.5 	0.5 5.41699 	PatMove
5	0.5 0.5 0.5 0.5 0.44 0.5 0.5 0.5 0.5 0.5 0.5 0.5 0.5 0.5 0.5 0.41 0.5 0.5 0.5 0.5 0.5 0.5 0.5 0.5 0.5 0.5 0.5 0.5 0.5 0.5 	0.5 5.40761 	HJ_P_Move
6	0.5 0.5 0.5 0.5 0.44 0.5 0.5 0.5 0.5 0.5 0.5 0.5 0.5 0.5 0.5 0.38 0.5 0.5 0.5 0.5 0.5 0.5 0.5 0.5 0.5 0.5 0.5 0.5 0.5 0.5 	0.5 5.39822 	PatMove
7	0.5 0.5 0.5 0.5 0.44 0.5 0.5 0.5 0.5 0.5 0.5 0.47 0.5 0.5 0.5 0.38 0.5 0.5 0.5 0.5 0.5 0.5 0.5 0.5 0.5 0.5 0.5 0.5 0.5 0.5 	0.5 5.38883 	HJ_P_Move
8	0.5 0.5 0.5 0.5 0.44 0.5 0.5 0.5 0.5 0.5 0.5 0.44 0.5 0.5 0.5 0.38 0.5 0.5 0.5 0.5 0.5 0.5 0.5 0.5 0.5 0.5 0.5 0.5 0.5 0.5 	0.5 5.37944 	PatMove
9	0.5 0.5 0.5 0.5 0.44 0.47 0.5 0.5 0.5 0.5 0.5 0.44 0.5 0.5 0.5 0.38 0.5 0.5 0.5 0.5 0.5 0.5 0.5 0.5 0.5 0.5 0.5 0.5 0.5 0.5 	0.5 5.37005 	HJ_P_Move
10	0.5 0.5 0.5 0.5 0.44 0.44 0.5 0.5 0.5 0.5 0.5 0.44 0.5 0.5 0.5 0.38 0.5 0.5 0.5 0.5 0.5 0.5 0.5 0.5 0.5 0.5 0.5 0.5 0.5 0.5 	0.5 5.36066 	PatMove
11	0.5 0.5 0.5 0.5 0.44 0.41 0.5 0.5 0.5 0.5 0.5 0.44 0.5 0.5 0.5 0.38 0.5 0.5 0.5 0.5 0.5 0.5 0.5 0.5 0.5 0.5 0.5 0.5 0.5 0.5 	0.5 5.35127 	HJ_P_Move
12	0.5 0.5 0.5 0.5 0.44 0.38 0.5 0.5 0.5 0.5 0.5 0.44 0.5 0.5 0.5 0.38 0.5 0.5 0.5 0.5 0.5 0.5 0.5 0.5 0.5 0.5 0.5 0.5 0.5 0.5 	0.5 5.34188 	PatMove
13	0.5 0.5 0.5 0.5 0.44 0.35 0.5 0.5 0.5 0.5 0.5 0.44 0.5 0.5 0.5 0.38 0.5 0.5 0.5 0.5 0.5 0.5 0.5 0.5 0.5 0.5 0.5 0.5 0.5 0.5 	0.5 5.33249 	HJ_P_Move
14	0.5 0.5 0.5 0.5 0.44 0.32 0.5 0.5 0.5 0.5 0.5 0.44 0.5 0.5 0.5 0.38 0.5 0.5 0.5 0.5 0.5 0.5 0.5 0.5 0.5 0.5 0.5 0.5 0.5 0.5 	0.5 5.3231 	PatMove
15	0.5 0.5 0.5 0.5 0.44 0.29 0.5 0.5 0.5 0.5 0.5 0.44 0.5 0.5 0.5 0.38 0.5 0.5 0.5 0.5 0.5 0.5 0.5 0.5 0.5 0.5 0.5 0.5 0.5 0.5 	0.5 5.31371 	HJ_P_Move
16	0.5 0.5 0.5 0.5 0.44 0.26 0.5 0.5 0.5 0.5 0.5 0.44 0.5 0.5 0.5 0.38 0.5 0.5 0.5 0.5 0.5 0.5 0.5 0.5 0.5 0.5 0.5 0.5 0.5 0.5 	0.5 5.30431 	PatMove
17	0.5 0.5 0.5 0.5 0.44 0.23 0.5 0.5 0.5 0.5 0.5 0.44 0.5 0.5 0.5 0.38 0.5 0.5 0.5 0.5 0.5 0.5 0.5 0.5 0.5 0.5 0.5 0.5 0.5 0.5 	0.5 5.29492 	HJ_P_Move
18	0.5 0.5 0.5 0.5 0.44 0.2 0.5 0.5 0.5 0.5 0.5 0.44 0.5 0.5 0.5 0.38 0.5 0.5 0.5 0.5 0.5 0.5 0.5 0.5 0.5 0.5 0.5 0.5 0.5 0.5 	0.5 5.28553 	PatMove
19	0.5 0.5 0.5 0.5 0.44 0.17 0.5 0.5 0.5 0.5 0.5 0.44 0.5 0.5 0.5 0.38 0.5 0.5 0.5 0.5 0.5 0.5 0.5 0.5 0.5 0.5 0.5 0.5 0.5 0.5 	0.5 5.27614 	HJ_P_Move
20	0.5 0.5 0.5 0.5 0.44 0.14 0.5 0.5 0.5 0.5 0.5 0.44 0.5 0.5 0.5 0.38 0.5 0.5 0.5 0.5 0.5 0.5 0.5 0.5 0.5 0.5 0.5 0.5 0.5 0.5 	0.5 5.26675 	PatMove
21	0.5 0.5 0.5 0.5 0.44 0.11 0.5 0.5 0.5 0.5 0.5 0.44 0.5 0.5 0.5 0.38 0.5 0.5 0.5 0.5 0.5 0.5 0.5 0.5 0.5 0.5 0.5 0.5 0.5 0.5 	0.5 5.25735 	HJ_P_Move
22	0.5 0.5 0.5 0.5 0.44 0.08 0.5 0.5 0.5 0.5 0.5 0.44 0.5 0.5 0.5 0.38 0.5 0.5 0.5 0.5 0.5 0.5 0.5 0.5 0.5 0.5 0.5 0.5 0.5 0.5 	0.5 5.24796 	PatMove
23	0.5 0.5 0.47 0.5 0.44 0.08 0.5 0.5 0.5 0.5 0.5 0.44 0.5 0.5 0.5 0.38 0.5 0.5 0.5 0.5 0.5 0.5 0.5 0.5 0.5 0.5 0.5 0.5 0.5 0.5 	0.5 5.23857 	HJ_P_Move
24	0.5 0.5 0.44 0.5 0.44 0.08 0.5 0.5 0.5 0.5 0.5 0.44 0.5 0.5 0.5 0.38 0.5 0.5 0.5 0.5 0.5 0.5 0.5 0.5 0.5 0.5 0.5 0.5 0.5 0.5 	0.5 5.22917 	PatMove
25	0.5 0.5 0.44 0.5 0.44 0.05 0.5 0.5 0.5 0.5 0.5 0.44 0.5 0.5 0.5 0.38 0.5 0.5 0.5 0.5 0.5 0.5 0.5 0.5 0.5 0.5 0.5 0.5 0.5 0.5 	0.5 5.21978 	HJ_P_Move
26	0.5 0.5 0.44 0.5 0.44 0.02 0.5 0.5 0.5 0.5 0.5 0.44 0.5 0.5 0.5 0.38 0.5 0.5 0.5 0.5 0.5 0.5 0.5 0.5 0.5 0.5 0.5 0.5 0.5 0.5 	0.5 5.21038 	PatMove
27	0.5 0.5 0.44 0.5 0.44 0.02 0.5 0.5 0.5 0.5 0.5 0.44 0.5 0.5 0.5 0.38 0.5 0.5 0.5 0.5 0.5 0.5 0.5 0.5 0.5 0.5 0.5 0.5 0.5 0.47 	0.5 5.20099 	HJ_P_Move
28	0.5 0.5 0.44 0.5 0.44 0.02 0.5 0.5 0.5 0.5 0.5 0.44 0.5 0.5 0.5 0.38 0.5 0.5 0.5 0.5 0.5 0.5 0.5 0.5 0.5 0.5 0.5 0.5 0.5 0.44 	0.5 5.19159 	PatMove
29	0.5 0.5 0.44 0.5 0.44 0.02 0.5 0.5 0.5 0.5 0.5 0.44 0.5 0.5 0.5 0.38 0.5 0.5 0.5 0.5 0.5 0.5 0.5 0.5 0.5 0.5 0.5 0.5 0.5 0.41 	0.5 5.1822 	HJ_P_Move
30	0.5 0.5 0.44 0.5 0.44 0.02 0.5 0.5 0.5 0.5 0.5 0.44 0.5 0.5 0.5 0.38 0.5 0.5 0.5 0.5 0.5 0.5 0.5 0.5 0.5 0.5 0.5 0.5 0.5 0.38 	0.5 5.1728 	PatMove
31	0.5 0.5 0.44 0.5 0.44 0.02 0.5 0.5 0.5 0.5 0.5 0.44 0.5 0.5 0.5 0.38 0.5 0.5 0.5 0.5 0.5 0.5 0.5 0.5 0.5 0.5 0.5 0.5 0.5 0.35 	0.5 5.16341 	HJ_P_Move
32	0.5 0.5 0.44 0.5 0.44 0.02 0.5 0.5 0.5 0.5 0.5 0.44 0.5 0.5 0.5 0.38 0.5 0.5 0.5 0.5 0.5 0.5 0.5 0.5 0.5 0.5 0.5 0.5 0.5 0.32 	0.5 5.15401 	PatMove
33	0.5 0.5 0.44 0.5 0.44 0.02 0.5 0.5 0.5 0.5 0.5 0.44 0.5 0.5 0.5 0.38 0.5 0.5 0.5 0.5 0.5 0.5 0.5 0.5 0.5 0.5 0.5 0.5 0.5 0.29 	0.5 5.14461 	HJ_P_Move
34	0.5 0.5 0.44 0.5 0.44 0.02 0.5 0.5 0.5 0.5 0.5 0.44 0.5 0.5 0.5 0.38 0.5 0.5 0.5 0.5 0.5 0.5 0.5 0.5 0.5 0.5 0.5 0.5 0.5 0.26 	0.5 5.13522 	PatMove
35	0.5 0.5 0.44 0.5 0.44 0.02 0.5 0.5 0.5 0.5 0.5 0.44 0.5 0.5 0.5 0.38 0.5 0.5 0.5 0.5 0.5 0.5 0.5 0.5 0.5 0.5 0.5 0.5 0.5 0.23 	0.5 5.12582 	HJ_P_Move
36	0.5 0.5 0.44 0.5 0.44 0.02 0.5 0.5 0.5 0.5 0.5 0.44 0.5 0.5 0.5 0.38 0.5 0.5 0.5 0.5 0.5 0.5 0.5 0.5 0.5 0.5 0.5 0.5 0.5 0.2 	0.5 5.11642 	PatMove
37	0.5 0.5 0.44 0.5 0.44 0.02 0.5 0.5 0.5 0.5 0.5 0.44 0.5 0.5 0.5 0.38 0.5 0.5 0.5 0.5 0.5 0.5 0.5 0.5 0.5 0.5 0.5 0.5 0.5 0.17 	0.5 5.10703 	HJ_P_Move
38	0.5 0.5 0.44 0.5 0.44 0.02 0.5 0.5 0.5 0.5 0.5 0.44 0.5 0.5 0.5 0.38 0.5 0.5 0.5 0.5 0.5 0.5 0.5 0.5 0.5 0.5 0.5 0.5 0.5 0.14 	0.5 5.09763 	PatMove
39	0.5 0.5 0.44 0.5 0.44 0.02 0.5 0.5 0.5 0.5 0.5 0.44 0.5 0.5 0.5 0.38 0.5 0.5 0.5 0.5 0.5 0.5 0.5 0.5 0.5 0.5 0.5 0.5 0.5 0.11 	0.5 5.08823 	HJ_P_Move
40	0.5 0.5 0.44 0.5 0.44 0.02 0.5 0.5 0.5 0.5 0.5 0.44 0.5 0.5 0.5 0.38 0.5 0.5 0.5 0.5 0.5 0.5 0.5 0.5 0.5 0.5 0.5 0.5 0.5 0.08 	0.5 5.07883 	PatMove
41	0.5 0.5 0.44 0.5 0.44 0.02 0.5 0.5 0.5 0.5 0.5 0.44 0.5 0.5 0.5 0.38 0.5 0.5 0.5 0.5 0.5 0.47 0.5 0.5 0.5 0.5 0.5 0.5 0.5 0.08 	0.5 5.06943 	HJ_P_Move
42	0.5 0.5 0.44 0.5 0.44 0.02 0.5 0.5 0.5 0.5 0.5 0.44 0.5 0.5 0.5 0.38 0.5 0.5 0.5 0.5 0.5 0.44 0.5 0.5 0.5 0.5 0.5 0.5 0.5 0.08 	0.5 5.06003 	PatMove
43	0.47 0.5 0.44 0.5 0.44 0.02 0.5 0.5 0.5 0.5 0.5 0.44 0.5 0.5 0.5 0.38 0.5 0.5 0.5 0.5 0.5 0.44 0.5 0.5 0.5 0.5 0.5 0.5 0.5 0.08 	0.47 5.06573 	HJ_P_Move
44	0.44 0.5 0.44 0.5 0.44 0.02 0.5 0.5 0.5 0.5 0.5 0.44 0.5 0.5 0.5 0.38 0.5 0.5 0.5 0.5 0.5 0.44 0.5 0.5 0.5 0.5 0.5 0.5 0.5 0.08 	0.44 5.07107 	PatMove
45	0.41 0.5 0.44 0.5 0.44 0.02 0.5 0.5 0.5 0.5 0.5 0.44 0.5 0.5 0.5 0.38 0.5 0.5 0.5 0.5 0.5 0.44 0.5 0.5 0.5 0.5 0.5 0.5 0.5 0.08 	0.41 5.07606 	HJ_P_Move
46	0.38 0.5 0.44 0.5 0.44 0.02 0.5 0.5 0.5 0.5 0.5 0.44 0.5 0.5 0.5 0.38 0.5 0.5 0.5 0.5 0.5 0.44 0.5 0.5 0.5 0.5 0.5 0.5 0.5 0.08 	0.38 5.0807 	PatMove
47	0.35 0.5 0.44 0.5 0.44 0.02 0.5 0.5 0.5 0.5 0.5 0.44 0.5 0.5 0.5 0.38 0.5 0.5 0.5 0.5 0.5 0.44 0.5 0.5 0.5 0.5 0.5 0.5 0.5 0.08 	0.35 5.08499 	HJ_P_Move
48	0.32 0.5 0.44 0.5 0.44 0.02 0.5 0.5 0.5 0.5 0.5 0.44 0.5 0.5 0.5 0.38 0.5 0.5 0.5 0.5 0.5 0.44 0.5 0.5 0.5 0.5 0.5 0.5 0.5 0.08 	0.32 5.08892 	PatMove
49	0.29 0.5 0.44 0.5 0.44 0.02 0.5 0.5 0.5 0.5 0.5 0.44 0.5 0.5 0.5 0.38 0.5 0.5 0.5 0.5 0.5 0.44 0.5 0.5 0.5 0.5 0.5 0.5 0.5 0.08 	0.29 5.0925 	HJ_P_Move
50	0.26 0.5 0.44 0.5 0.44 0.02 0.5 0.5 0.5 0.5 0.5 0.44 0.5 0.5 0.5 0.38 0.5 0.5 0.5 0.5 0.5 0.44 0.5 0.5 0.5 0.5 0.5 0.5 0.5 0.08 	0.26 5.09573 	PatMove
51	0.23 0.5 0.44 0.5 0.44 0.02 0.5 0.5 0.5 0.5 0.5 0.44 0.5 0.5 0.5 0.38 0.5 0.5 0.5 0.5 0.5 0.44 0.5 0.5 0.5 0.5 0.5 0.5 0.5 0.08 	0.23 5.09861 	HJ_P_Move
52	0.2 0.5 0.44 0.5 0.44 0.02 0.5 0.5 0.5 0.5 0.5 0.44 0.5 0.5 0.5 0.38 0.5 0.5 0.5 0.5 0.5 0.44 0.5 0.5 0.5 0.5 0.5 0.5 0.5 0.08 	0.2 5.10114 	PatMove
53	0.17 0.5 0.44 0.5 0.44 0.02 0.5 0.5 0.5 0.5 0.5 0.44 0.5 0.5 0.5 0.38 0.5 0.5 0.5 0.5 0.5 0.44 0.5 0.5 0.5 0.5 0.5 0.5 0.5 0.08 	0.17 5.10331 	HJ_P_Move
54	0.14 0.5 0.44 0.5 0.44 0.02 0.5 0.5 0.5 0.5 0.5 0.44 0.5 0.5 0.5 0.38 0.5 0.5 0.5 0.5 0.5 0.44 0.5 0.5 0.5 0.5 0.5 0.5 0.5 0.08 	0.14 5.10513 	PatMove
55	0.11 0.5 0.44 0.5 0.44 0.02 0.5 0.5 0.5 0.5 0.5 0.44 0.5 0.5 0.5 0.38 0.5 0.5 0.5 0.5 0.5 0.44 0.5 0.5 0.5 0.5 0.5 0.5 0.5 0.08 	0.11 5.1066 	HJ_P_Move
56	0.08 0.5 0.44 0.5 0.44 0.02 0.5 0.5 0.5 0.5 0.5 0.44 0.5 0.5 0.5 0.38 0.5 0.5 0.5 0.5 0.5 0.44 0.5 0.5 0.5 0.5 0.5 0.5 0.5 0.08 	0.08 5.10771 	PatMove
57	0.08 0.5 0.44 0.47 0.44 0.02 0.5 0.5 0.5 0.5 0.5 0.44 0.5 0.5 0.5 0.38 0.5 0.5 0.5 0.5 0.5 0.44 0.5 0.5 0.5 0.5 0.5 0.5 0.5 0.08 	0.08 5.0984 	HJ_P_Move
58	0.08 0.5 0.44 0.44 0.44 0.02 0.5 0.5 0.5 0.5 0.5 0.44 0.5 0.5 0.5 0.38 0.5 0.5 0.5 0.5 0.5 0.44 0.5 0.5 0.5 0.5 0.5 0.5 0.5 0.08 	0.08 5.08909 	PatMove
59	0.08 0.5 0.44 0.44 0.44 0.02 0.5 0.5 0.5 0.5 0.5 0.44 0.5 0.47 0.5 0.38 0.5 0.5 0.5 0.5 0.5 0.44 0.5 0.5 0.5 0.5 0.5 0.5 0.5 0.08 	0.08 5.07977 	HJ_P_Move
60	0.08 0.5 0.44 0.44 0.44 0.02 0.5 0.5 0.5 0.5 0.5 0.44 0.5 0.44 0.5 0.38 0.5 0.5 0.5 0.5 0.5 0.44 0.5 0.5 0.5 0.5 0.5 0.5 0.5 0.08 	0.08 5.07046 	PatMove
61	0.08 0.5 0.44 0.44 0.44 0.02 0.5 0.5 0.5 0.5 0.5 0.44 0.5 0.41 0.5 0.38 0.5 0.5 0.5 0.5 0.5 0.44 0.5 0.5 0.5 0.5 0.5 0.5 0.5 0.08 	0.08 5.06115 	HJ_P_Move
62	0.08 0.5 0.44 0.44 0.44 0.02 0.5 0.5 0.5 0.5 0.5 0.44 0.5 0.38 0.5 0.38 0.5 0.5 0.5 0.5 0.5 0.44 0.5 0.5 0.5 0.5 0.5 0.5 0.5 0.08 	0.08 5.05184 	PatMove
63	0.08 0.5 0.44 0.44 0.44 0.02 0.5 0.5 0.5 0.5 0.5 0.44 0.5 0.38 0.5 0.38 0.5 0.5 0.5 0.5 0.5 0.44 0.47 0.5 0.5 0.5 0.5 0.5 0.5 0.08 	0.08 5.04252 	HJ_P_Move
64	0.08 0.5 0.44 0.44 0.44 0.02 0.5 0.5 0.5 0.5 0.5 0.44 0.5 0.38 0.5 0.38 0.5 0.5 0.5 0.5 0.5 0.44 0.44 0.5 0.5 0.5 0.5 0.5 0.5 0.08 	0.08 5.03321 	PatMove
65	0.08 0.5 0.44 0.44 0.44 0.02 0.5 0.5 0.5 0.5 0.5 0.44 0.5 0.38 0.5 0.38 0.5 0.5 0.5 0.5 0.5 0.44 0.41 0.5 0.5 0.5 0.5 0.5 0.5 0.08 	0.08 5.0239 	HJ_P_Move
66	0.08 0.5 0.44 0.44 0.44 0.02 0.5 0.5 0.5 0.5 0.5 0.44 0.5 0.38 0.5 0.38 0.5 0.5 0.5 0.5 0.5 0.44 0.38 0.5 0.5 0.5 0.5 0.5 0.5 0.08 	0.08 5.01459 	PatMove
67	0.08 0.5 0.41 0.44 0.44 0.02 0.5 0.5 0.5 0.5 0.5 0.44 0.5 0.38 0.5 0.38 0.5 0.5 0.5 0.5 0.5 0.44 0.38 0.5 0.5 0.5 0.5 0.5 0.5 0.08 	0.08 5.00527 	HJ_P_Move
68	0.08 0.5 0.38 0.44 0.44 0.02 0.5 0.5 0.5 0.5 0.5 0.44 0.5 0.38 0.5 0.38 0.5 0.5 0.5 0.5 0.5 0.44 0.38 0.5 0.5 0.5 0.5 0.5 0.5 0.08 	0.08 4.99596 	PatMove
69	0.08 0.5 0.35 0.44 0.44 0.02 0.5 0.5 0.5 0.5 0.5 0.44 0.5 0.38 0.5 0.38 0.5 0.5 0.5 0.5 0.5 0.44 0.38 0.5 0.5 0.5 0.5 0.5 0.5 0.08 	0.08 4.98665 	HJ_P_Move
70	0.08 0.5 0.32 0.44 0.44 0.02 0.5 0.5 0.5 0.5 0.5 0.44 0.5 0.38 0.5 0.38 0.5 0.5 0.5 0.5 0.5 0.44 0.38 0.5 0.5 0.5 0.5 0.5 0.5 0.08 	0.08 4.97734 	PatMove
71	0.08 0.5 0.29 0.44 0.44 0.02 0.5 0.5 0.5 0.5 0.5 0.44 0.5 0.38 0.5 0.38 0.5 0.5 0.5 0.5 0.5 0.44 0.38 0.5 0.5 0.5 0.5 0.5 0.5 0.08 	0.08 4.96802 	HJ_P_Move
72	0.08 0.5 0.26 0.44 0.44 0.02 0.5 0.5 0.5 0.5 0.5 0.44 0.5 0.38 0.5 0.38 0.5 0.5 0.5 0.5 0.5 0.44 0.38 0.5 0.5 0.5 0.5 0.5 0.5 0.08 	0.08 4.95871 	PatMove
73	0.08 0.5 0.23 0.44 0.44 0.02 0.5 0.5 0.5 0.5 0.5 0.44 0.5 0.38 0.5 0.38 0.5 0.5 0.5 0.5 0.5 0.44 0.38 0.5 0.5 0.5 0.5 0.5 0.5 0.08 	0.08 4.9494 	HJ_P_Move
74	0.08 0.5 0.2 0.44 0.44 0.02 0.5 0.5 0.5 0.5 0.5 0.44 0.5 0.38 0.5 0.38 0.5 0.5 0.5 0.5 0.5 0.44 0.38 0.5 0.5 0.5 0.5 0.5 0.5 0.08 	0.08 4.94008 	PatMove
75	0.08 0.5 0.17 0.44 0.44 0.02 0.5 0.5 0.5 0.5 0.5 0.44 0.5 0.38 0.5 0.38 0.5 0.5 0.5 0.5 0.5 0.44 0.38 0.5 0.5 0.5 0.5 0.5 0.5 0.08 	0.08 4.93077 	HJ_P_Move
76	0.08 0.5 0.14 0.44 0.44 0.02 0.5 0.5 0.5 0.5 0.5 0.44 0.5 0.38 0.5 0.38 0.5 0.5 0.5 0.5 0.5 0.44 0.38 0.5 0.5 0.5 0.5 0.5 0.5 0.08 	0.08 4.92146 	PatMove
77	0.08 0.5 0.14 0.44 0.44 0.02 0.5 0.5 0.5 0.5 0.5 0.44 0.5 0.38 0.5 0.38 0.5 0.5 0.5 0.47 0.5 0.44 0.38 0.5 0.5 0.5 0.5 0.5 0.5 0.08 	0.08 4.91215 	HJ_P_Move
78	0.08 0.5 0.14 0.44 0.44 0.02 0.5 0.5 0.5 0.5 0.5 0.44 0.5 0.38 0.5 0.38 0.5 0.5 0.5 0.44 0.5 0.44 0.38 0.5 0.5 0.5 0.5 0.5 0.5 0.08 	0.08 4.90283 	PatMove
79	0.08 0.5 0.14 0.44 0.44 0.02 0.5 0.5 0.5 0.5 0.5 0.44 0.5 0.38 0.5 0.38 0.5 0.5 0.5 0.41 0.5 0.44 0.38 0.5 0.5 0.5 0.5 0.5 0.5 0.08 	0.08 4.89352 	HJ_P_Move
80	0.08 0.5 0.14 0.44 0.44 0.02 0.5 0.5 0.5 0.5 0.5 0.44 0.5 0.38 0.5 0.38 0.5 0.5 0.5 0.38 0.5 0.44 0.38 0.5 0.5 0.5 0.5 0.5 0.5 0.08 	0.08 4.88421 	PatMove
81	0.08 0.5 0.14 0.44 0.44 0.02 0.5 0.5 0.5 0.5 0.5 0.44 0.5 0.38 0.5 0.38 0.5 0.5 0.5 0.35 0.5 0.44 0.38 0.5 0.5 0.5 0.5 0.5 0.5 0.08 	0.08 4.87489 	HJ_P_Move
82	0.08 0.5 0.14 0.44 0.44 0.02 0.5 0.5 0.5 0.5 0.5 0.44 0.5 0.38 0.5 0.38 0.5 0.5 0.5 0.32 0.5 0.44 0.38 0.5 0.5 0.5 0.5 0.5 0.5 0.08 	0.08 4.86558 	PatMove
83	0.05 0.5 0.14 0.44 0.44 0.02 0.5 0.5 0.5 0.5 0.5 0.44 0.5 0.38 0.5 0.38 0.5 0.5 0.5 0.32 0.5 0.44 0.38 0.5 0.5 0.5 0.5 0.5 0.5 0.08 	0.05 4.86638 	HJ_P_Move
84	0.02 0.5 0.14 0.44 0.44 0.02 0.5 0.5 0.5 0.5 0.5 0.44 0.5 0.38 0.5 0.38 0.5 0.5 0.5 0.32 0.5 0.44 0.38 0.5 0.5 0.5 0.5 0.5 0.5 0.08 	0.02 4.86681 	PatMove
85	0.02 0.5 0.14 0.44 0.44 0.02 0.5 0.5 0.5 0.5 0.5 0.44 0.5 0.38 0.5 0.38 0.5 0.5 0.5 0.32 0.5 0.44 0.35 0.5 0.5 0.5 0.5 0.5 0.5 0.08 	0.02 4.8575 	HJ_P_Move
86	0.02 0.5 0.14 0.44 0.44 0.02 0.5 0.5 0.5 0.5 0.5 0.44 0.5 0.38 0.5 0.38 0.5 0.5 0.5 0.32 0.5 0.44 0.32 0.5 0.5 0.5 0.5 0.5 0.5 0.08 	0.02 4.84819 	PatMove
87	0.02 0.5 0.14 0.44 0.44 0.02 0.5 0.5 0.5 0.5 0.5 0.44 0.5 0.38 0.5 0.38 0.5 0.5 0.5 0.32 0.5 0.44 0.29 0.5 0.5 0.5 0.5 0.5 0.5 0.08 	0.02 4.83888 	HJ_P_Move
88	0.02 0.5 0.14 0.44 0.44 0.02 0.5 0.5 0.5 0.5 0.5 0.44 0.5 0.38 0.5 0.38 0.5 0.5 0.5 0.32 0.5 0.44 0.26 0.5 0.5 0.5 0.5 0.5 0.5 0.08 	0.02 4.82957 	PatMove
89	0.02 0.5 0.14 0.44 0.44 0.02 0.5 0.5 0.5 0.5 0.5 0.41 0.5 0.38 0.5 0.38 0.5 0.5 0.5 0.32 0.5 0.44 0.26 0.5 0.5 0.5 0.5 0.5 0.5 0.08 	0.02 4.82026 	HJ_P_Move
90	0.02 0.5 0.14 0.44 0.44 0.02 0.5 0.5 0.5 0.5 0.5 0.38 0.5 0.38 0.5 0.38 0.5 0.5 0.5 0.32 0.5 0.44 0.26 0.5 0.5 0.5 0.5 0.5 0.5 0.08 	0.02 4.81095 	PatMove
91	0.02 0.5 0.14 0.44 0.44 0.02 0.5 0.5 0.5 0.5 0.5 0.35 0.5 0.38 0.5 0.38 0.5 0.5 0.5 0.32 0.5 0.44 0.26 0.5 0.5 0.5 0.5 0.5 0.5 0.08 	0.02 4.80164 	HJ_P_Move
92	0.02 0.5 0.14 0.44 0.44 0.02 0.5 0.5 0.5 0.5 0.5 0.32 0.5 0.38 0.5 0.38 0.5 0.5 0.5 0.32 0.5 0.44 0.26 0.5 0.5 0.5 0.5 0.5 0.5 0.08 	0.02 4.79233 	PatMove
93	0.02 0.5 0.14 0.44 0.44 0.02 0.5 0.5 0.5 0.5 0.5 0.29 0.5 0.38 0.5 0.38 0.5 0.5 0.5 0.32 0.5 0.44 0.26 0.5 0.5 0.5 0.5 0.5 0.5 0.08 	0.02 4.78302 	HJ_P_Move
94	0.02 0.5 0.14 0.44 0.44 0.02 0.5 0.5 0.5 0.5 0.5 0.26 0.5 0.38 0.5 0.38 0.5 0.5 0.5 0.32 0.5 0.44 0.26 0.5 0.5 0.5 0.5 0.5 0.5 0.08 	0.02 4.77371 	PatMove
95	0.02 0.5 0.14 0.44 0.44 0.02 0.5 0.5 0.5 0.5 0.5 0.26 0.5 0.38 0.5 0.35 0.5 0.5 0.5 0.32 0.5 0.44 0.26 0.5 0.5 0.5 0.5 0.5 0.5 0.08 	0.02 4.7644 	HJ_P_Move
96	0.02 0.5 0.14 0.44 0.44 0.02 0.5 0.5 0.5 0.5 0.5 0.26 0.5 0.38 0.5 0.32 0.5 0.5 0.5 0.32 0.5 0.44 0.26 0.5 0.5 0.5 0.5 0.5 0.5 0.08 	0.02 4.75509 	PatMove
97	0.02 0.5 0.14 0.44 0.44 0.02 0.5 0.5 0.5 0.5 0.5 0.23 0.5 0.38 0.5 0.32 0.5 0.5 0.5 0.32 0.5 0.44 0.26 0.5 0.5 0.5 0.5 0.5 0.5 0.08 	0.02 4.74578 	HJ_P_Move
98	0.02 0.5 0.14 0.44 0.44 0.02 0.5 0.5 0.5 0.5 0.5 0.2 0.5 0.38 0.5 0.32 0.5 0.5 0.5 0.32 0.5 0.44 0.26 0.5 0.5 0.5 0.5 0.5 0.5 0.08 	0.02 4.73647 	PatMove
99	0.02 0.5 0.14 0.44 0.44 0.02 0.5 0.5 0.5 0.5 0.5 0.17 0.5 0.38 0.5 0.32 0.5 0.5 0.5 0.32 0.5 0.44 0.26 0.5 0.5 0.5 0.5 0.5 0.5 0.08 	0.02 4.72716 	HJ_P_Move
100	0.02 0.5 0.14 0.44 0.44 0.02 0.5 0.5 0.5 0.5 0.5 0.14 0.5 0.38 0.5 0.32 0.5 0.5 0.5 0.32 0.5 0.44 0.26 0.5 0.5 0.5 0.5 0.5 0.5 0.08 	0.02 4.71785 	PatMove
101	0.02 0.5 0.14 0.44 0.44 0.02 0.5 0.5 0.5 0.5 0.5 0.14 0.5 0.38 0.5 0.29 0.5 0.5 0.5 0.32 0.5 0.44 0.26 0.5 0.5 0.5 0.5 0.5 0.5 0.08 	0.02 4.70854 	HJ_P_Move
102	0.02 0.5 0.14 0.44 0.44 0.02 0.5 0.5 0.5 0.5 0.5 0.14 0.5 0.38 0.5 0.26 0.5 0.5 0.5 0.32 0.5 0.44 0.26 0.5 0.5 0.5 0.5 0.5 0.5 0.08 	0.02 4.69923 	PatMove
103	0.02 0.5 0.14 0.44 0.44 0.02 0.5 0.5 0.5 0.5 0.5 0.11 0.5 0.38 0.5 0.26 0.5 0.5 0.5 0.32 0.5 0.44 0.26 0.5 0.5 0.5 0.5 0.5 0.5 0.08 	0.02 4.68991 	HJ_P_Move
104	0.02 0.5 0.14 0.44 0.44 0.02 0.5 0.5 0.5 0.5 0.5 0.08 0.5 0.38 0.5 0.26 0.5 0.5 0.5 0.32 0.5 0.44 0.26 0.5 0.5 0.5 0.5 0.5 0.5 0.08 	0.02 4.6806 	PatMove
105	0.02 0.5 0.14 0.44 0.44 0.02 0.5 0.5 0.5 0.5 0.5 0.08 0.5 0.38 0.5 0.26 0.5 0.5 0.5 0.32 0.5 0.44 0.23 0.5 0.5 0.5 0.5 0.5 0.5 0.08 	0.02 4.67129 	HJ_P_Move
106	0.02 0.5 0.14 0.44 0.44 0.02 0.5 0.5 0.5 0.5 0.5 0.08 0.5 0.38 0.5 0.26 0.5 0.5 0.5 0.32 0.5 0.44 0.2 0.5 0.5 0.5 0.5 0.5 0.5 0.08 	0.02 4.66198 	PatMove
107	0.02 0.5 0.14 0.44 0.44 0.02 0.5 0.5 0.5 0.5 0.5 0.05 0.5 0.38 0.5 0.26 0.5 0.5 0.5 0.32 0.5 0.44 0.2 0.5 0.5 0.5 0.5 0.5 0.5 0.08 	0.02 4.65267 	HJ_P_Move
108	0.02 0.5 0.14 0.44 0.44 0.02 0.5 0.5 0.5 0.5 0.5 0.02 0.5 0.38 0.5 0.26 0.5 0.5 0.5 0.32 0.5 0.44 0.2 0.5 0.5 0.5 0.5 0.5 0.5 0.08 	0.02 4.64336 	PatMove
109	0.02 0.5 0.14 0.44 0.44 0.02 0.5 0.5 0.5 0.5 0.5 0.02 0.5 0.38 0.5 0.26 0.5 0.5 0.5 0.32 0.5 0.44 0.2 0.5 0.47 0.5 0.5 0.5 0.5 0.08 	0.02 4.63405 	HJ_P_Move
110	0.02 0.5 0.14 0.44 0.44 0.02 0.5 0.5 0.5 0.5 0.5 0.02 0.5 0.38 0.5 0.26 0.5 0.5 0.5 0.32 0.5 0.44 0.2 0.5 0.44 0.5 0.5 0.5 0.5 0.08 	0.02 4.62474 	PatMove
111	0.02 0.5 0.14 0.44 0.44 0.02 0.5 0.5 0.5 0.5 0.5 0.02 0.5 0.38 0.5 0.26 0.5 0.5 0.5 0.32 0.5 0.44 0.2 0.5 0.41 0.5 0.5 0.5 0.5 0.08 	0.02 4.61543 	HJ_P_Move
112	0.02 0.5 0.14 0.44 0.44 0.02 0.5 0.5 0.5 0.5 0.5 0.02 0.5 0.38 0.5 0.26 0.5 0.5 0.5 0.32 0.5 0.44 0.2 0.5 0.38 0.5 0.5 0.5 0.5 0.08 	0.02 4.60612 	PatMove
113	0.02 0.5 0.14 0.44 0.44 0.02 0.5 0.5 0.5 0.5 0.5 0.02 0.5 0.38 0.5 0.26 0.5 0.5 0.5 0.32 0.5 0.44 0.2 0.5 0.35 0.5 0.5 0.5 0.5 0.08 	0.02 4.59681 	HJ_P_Move
114	0.02 0.5 0.14 0.44 0.44 0.02 0.5 0.5 0.5 0.5 0.5 0.02 0.5 0.38 0.5 0.26 0.5 0.5 0.5 0.32 0.5 0.44 0.2 0.5 0.32 0.5 0.5 0.5 0.5 0.08 	0.02 4.5875 	PatMove
115	0.02 0.5 0.14 0.44 0.44 0.02 0.5 0.5 0.5 0.5 0.5 0.02 0.5 0.38 0.5 0.26 0.5 0.5 0.5 0.32 0.5 0.44 0.2 0.5 0.29 0.5 0.5 0.5 0.5 0.08 	0.02 4.57819 	HJ_P_Move
116	0.02 0.5 0.14 0.44 0.44 0.02 0.5 0.5 0.5 0.5 0.5 0.02 0.5 0.38 0.5 0.26 0.5 0.5 0.5 0.32 0.5 0.44 0.2 0.5 0.26 0.5 0.5 0.5 0.5 0.08 	0.02 4.56888 	PatMove
117	0.02 0.5 0.14 0.44 0.44 0.02 0.5 0.5 0.5 0.5 0.5 0.02 0.5 0.38 0.5 0.26 0.5 0.5 0.5 0.32 0.5 0.44 0.2 0.5 0.23 0.5 0.5 0.5 0.5 0.08 	0.02 4.55957 	HJ_P_Move
118	0.02 0.5 0.14 0.44 0.44 0.02 0.5 0.5 0.5 0.5 0.5 0.02 0.5 0.38 0.5 0.26 0.5 0.5 0.5 0.32 0.5 0.44 0.2 0.5 0.2 0.5 0.5 0.5 0.5 0.08 	0.02 4.55026 	PatMove
119	0.02 0.5 0.14 0.44 0.44 0.02 0.5 0.5 0.5 0.5 0.5 0.02 0.5 0.38 0.5 0.26 0.5 0.5 0.5 0.32 0.5 0.44 0.2 0.5 0.17 0.5 0.5 0.5 0.5 0.08 	0.02 4.54095 	HJ_P_Move
120	0.02 0.5 0.14 0.44 0.44 0.02 0.5 0.5 0.5 0.5 0.5 0.02 0.5 0.38 0.5 0.26 0.5 0.5 0.5 0.32 0.5 0.44 0.2 0.5 0.14 0.5 0.5 0.5 0.5 0.08 	0.02 4.53164 	PatMove
121	0.02 0.5 0.14 0.44 0.44 0.02 0.5 0.5 0.5 0.5 0.5 0.02 0.5 0.38 0.5 0.26 0.5 0.5 0.5 0.32 0.5 0.44 0.17 0.5 0.14 0.5 0.5 0.5 0.5 0.08 	0.02 4.52233 	HJ_P_Move
122	0.02 0.5 0.14 0.44 0.44 0.02 0.5 0.5 0.5 0.5 0.5 0.02 0.5 0.38 0.5 0.26 0.5 0.5 0.5 0.32 0.5 0.44 0.14 0.5 0.14 0.5 0.5 0.5 0.5 0.08 	0.02 4.51301 	PatMove
123	0.02 0.5 0.14 0.44 0.44 0.02 0.5 0.5 0.5 0.5 0.5 0.02 0.5 0.38 0.5 0.26 0.5 0.5 0.5 0.32 0.5 0.44 0.11 0.5 0.14 0.5 0.5 0.5 0.5 0.08 	0.02 4.5037 	HJ_P_Move
124	0.02 0.5 0.14 0.44 0.44 0.02 0.5 0.5 0.5 0.5 0.5 0.02 0.5 0.38 0.5 0.26 0.5 0.5 0.5 0.32 0.5 0.44 0.08 0.5 0.14 0.5 0.5 0.5 0.5 0.08 	0.02 4.49439 	PatMove
125	0.02 0.5 0.14 0.44 0.44 0.02 0.5 0.5 0.5 0.5 0.5 0.02 0.5 0.38 0.5 0.26 0.5 0.5 0.5 0.32 0.5 0.44 0.08 0.5 0.11 0.5 0.5 0.5 0.5 0.08 	0.02 4.48508 	HJ_P_Move
126	0.02 0.5 0.14 0.44 0.44 0.02 0.5 0.5 0.5 0.5 0.5 0.02 0.5 0.38 0.5 0.26 0.5 0.5 0.5 0.32 0.5 0.44 0.08 0.5 0.08 0.5 0.5 0.5 0.5 0.08 	0.02 4.47577 	PatMove
127	0.02 0.5 0.14 0.44 0.44 0.02 0.5 0.5 0.5 0.5 0.5 0.02 0.5 0.38 0.5 0.26 0.5 0.5 0.5 0.32 0.5 0.44 0.08 0.5 0.05 0.5 0.5 0.5 0.5 0.08 	0.02 4.46646 	HJ_P_Move
128	0.02 0.5 0.14 0.44 0.44 0.02 0.5 0.5 0.5 0.5 0.5 0.02 0.5 0.38 0.5 0.26 0.5 0.5 0.5 0.32 0.5 0.44 0.08 0.5 0.02 0.5 0.5 0.5 0.5 0.08 	0.02 4.45715 	PatMove
129	0.02 0.5 0.14 0.44 0.41 0.02 0.5 0.5 0.5 0.5 0.5 0.02 0.5 0.38 0.5 0.26 0.5 0.5 0.5 0.32 0.5 0.44 0.08 0.5 0.02 0.5 0.5 0.5 0.5 0.08 	0.02 4.44784 	HJ_P_Move
130	0.02 0.5 0.14 0.44 0.38 0.02 0.5 0.5 0.5 0.5 0.5 0.02 0.5 0.38 0.5 0.26 0.5 0.5 0.5 0.32 0.5 0.44 0.08 0.5 0.02 0.5 0.5 0.5 0.5 0.08 	0.02 4.43853 	PatMove
131	0.02 0.5 0.14 0.44 0.35 0.02 0.5 0.5 0.5 0.5 0.5 0.02 0.5 0.38 0.5 0.26 0.5 0.5 0.5 0.32 0.5 0.44 0.08 0.5 0.02 0.5 0.5 0.5 0.5 0.08 	0.02 4.42922 	HJ_P_Move
132	0.02 0.5 0.14 0.44 0.32 0.02 0.5 0.5 0.5 0.5 0.5 0.02 0.5 0.38 0.5 0.26 0.5 0.5 0.5 0.32 0.5 0.44 0.08 0.5 0.02 0.5 0.5 0.5 0.5 0.08 	0.02 4.41991 	PatMove
133	0.02 0.5 0.14 0.44 0.29 0.02 0.5 0.5 0.5 0.5 0.5 0.02 0.5 0.38 0.5 0.26 0.5 0.5 0.5 0.32 0.5 0.44 0.08 0.5 0.02 0.5 0.5 0.5 0.5 0.08 	0.02 4.4106 	HJ_P_Move
134	0.02 0.5 0.14 0.44 0.26 0.02 0.5 0.5 0.5 0.5 0.5 0.02 0.5 0.38 0.5 0.26 0.5 0.5 0.5 0.32 0.5 0.44 0.08 0.5 0.02 0.5 0.5 0.5 0.5 0.08 	0.02 4.40129 	PatMove
135	0.02 0.5 0.14 0.44 0.23 0.02 0.5 0.5 0.5 0.5 0.5 0.02 0.5 0.38 0.5 0.26 0.5 0.5 0.5 0.32 0.5 0.44 0.08 0.5 0.02 0.5 0.5 0.5 0.5 0.08 	0.02 4.39198 	HJ_P_Move
136	0.02 0.5 0.14 0.44 0.2 0.02 0.5 0.5 0.5 0.5 0.5 0.02 0.5 0.38 0.5 0.26 0.5 0.5 0.5 0.32 0.5 0.44 0.08 0.5 0.02 0.5 0.5 0.5 0.5 0.08 	0.02 4.38267 	PatMove
137	0.02 0.5 0.14 0.44 0.17 0.02 0.5 0.5 0.5 0.5 0.5 0.02 0.5 0.38 0.5 0.26 0.5 0.5 0.5 0.32 0.5 0.44 0.08 0.5 0.02 0.5 0.5 0.5 0.5 0.08 	0.02 4.37336 	HJ_P_Move
138	0.02 0.5 0.14 0.44 0.14 0.02 0.5 0.5 0.5 0.5 0.5 0.02 0.5 0.38 0.5 0.26 0.5 0.5 0.5 0.32 0.5 0.44 0.08 0.5 0.02 0.5 0.5 0.5 0.5 0.08 	0.02 4.36405 	PatMove
139	0.02 0.5 0.14 0.44 0.14 0.02 0.5 0.5 0.5 0.47 0.5 0.02 0.5 0.38 0.5 0.26 0.5 0.5 0.5 0.32 0.5 0.44 0.08 0.5 0.02 0.5 0.5 0.5 0.5 0.08 	0.02 4.35474 	HJ_P_Move
140	0.02 0.5 0.14 0.44 0.14 0.02 0.5 0.5 0.5 0.44 0.5 0.02 0.5 0.38 0.5 0.26 0.5 0.5 0.5 0.32 0.5 0.44 0.08 0.5 0.02 0.5 0.5 0.5 0.5 0.08 	0.02 4.34543 	PatMove
141	0.02 0.5 0.14 0.44 0.14 0.02 0.5 0.5 0.5 0.41 0.5 0.02 0.5 0.38 0.5 0.26 0.5 0.5 0.5 0.32 0.5 0.44 0.08 0.5 0.02 0.5 0.5 0.5 0.5 0.08 	0.02 4.33611 	HJ_P_Move
142	0.02 0.5 0.14 0.44 0.14 0.02 0.5 0.5 0.5 0.38 0.5 0.02 0.5 0.38 0.5 0.26 0.5 0.5 0.5 0.32 0.5 0.44 0.08 0.5 0.02 0.5 0.5 0.5 0.5 0.08 	0.02 4.3268 	PatMove
143	0.02 0.5 0.14 0.44 0.14 0.02 0.5 0.5 0.5 0.35 0.5 0.02 0.5 0.38 0.5 0.26 0.5 0.5 0.5 0.32 0.5 0.44 0.08 0.5 0.02 0.5 0.5 0.5 0.5 0.08 	0.02 4.31749 	HJ_P_Move
144	0.02 0.5 0.14 0.44 0.14 0.02 0.5 0.5 0.5 0.32 0.5 0.02 0.5 0.38 0.5 0.26 0.5 0.5 0.5 0.32 0.5 0.44 0.08 0.5 0.02 0.5 0.5 0.5 0.5 0.08 	0.02 4.30818 	PatMove
145	0.02 0.5 0.14 0.44 0.14 0.02 0.5 0.5 0.5 0.29 0.5 0.02 0.5 0.38 0.5 0.26 0.5 0.5 0.5 0.32 0.5 0.44 0.08 0.5 0.02 0.5 0.5 0.5 0.5 0.08 	0.02 4.29887 	HJ_P_Move
146	0.02 0.5 0.14 0.44 0.14 0.02 0.5 0.5 0.5 0.26 0.5 0.02 0.5 0.38 0.5 0.26 0.5 0.5 0.5 0.32 0.5 0.44 0.08 0.5 0.02 0.5 0.5 0.5 0.5 0.08 	0.02 4.28956 	PatMove
147	0.02 0.5 0.14 0.44 0.14 0.02 0.5 0.5 0.5 0.23 0.5 0.02 0.5 0.38 0.5 0.26 0.5 0.5 0.5 0.32 0.5 0.44 0.08 0.5 0.02 0.5 0.5 0.5 0.5 0.08 	0.02 4.28025 	HJ_P_Move
148	0.02 0.5 0.14 0.44 0.14 0.02 0.5 0.5 0.5 0.2 0.5 0.02 0.5 0.38 0.5 0.26 0.5 0.5 0.5 0.32 0.5 0.44 0.08 0.5 0.02 0.5 0.5 0.5 0.5 0.08 	0.02 4.27094 	PatMove
149	0.02 0.5 0.14 0.44 0.14 0.02 0.5 0.5 0.5 0.17 0.5 0.02 0.5 0.38 0.5 0.26 0.5 0.5 0.5 0.32 0.5 0.44 0.08 0.5 0.02 0.5 0.5 0.5 0.5 0.08 	0.02 4.26163 	HJ_P_Move
150	0.02 0.5 0.14 0.44 0.14 0.02 0.5 0.5 0.5 0.14 0.5 0.02 0.5 0.38 0.5 0.26 0.5 0.5 0.5 0.32 0.5 0.44 0.08 0.5 0.02 0.5 0.5 0.5 0.5 0.08 	0.02 4.25232 	PatMove
151	0.02 0.5 0.14 0.44 0.14 0.02 0.5 0.5 0.5 0.11 0.5 0.02 0.5 0.38 0.5 0.26 0.5 0.5 0.5 0.32 0.5 0.44 0.08 0.5 0.02 0.5 0.5 0.5 0.5 0.08 	0.02 4.24301 	HJ_P_Move
152	0.02 0.5 0.14 0.44 0.14 0.02 0.5 0.5 0.5 0.08 0.5 0.02 0.5 0.38 0.5 0.26 0.5 0.5 0.5 0.32 0.5 0.44 0.08 0.5 0.02 0.5 0.5 0.5 0.5 0.08 	0.02 4.2337 	PatMove
153	0.02 0.5 0.14 0.44 0.14 0.02 0.5 0.5 0.5 0.08 0.5 0.02 0.5 0.38 0.5 0.26 0.5 0.5 0.5 0.32 0.5 0.44 0.08 0.5 0.02 0.47 0.5 0.5 0.5 0.08 	0.02 4.22439 	HJ_P_Move
154	0.02 0.5 0.14 0.44 0.14 0.02 0.5 0.5 0.5 0.08 0.5 0.02 0.5 0.38 0.5 0.26 0.5 0.5 0.5 0.32 0.5 0.44 0.08 0.5 0.02 0.44 0.5 0.5 0.5 0.08 	0.02 4.21508 	PatMove
155	0.02 0.5 0.14 0.44 0.14 0.02 0.5 0.5 0.5 0.05 0.5 0.02 0.5 0.38 0.5 0.26 0.5 0.5 0.5 0.32 0.5 0.44 0.08 0.5 0.02 0.44 0.5 0.5 0.5 0.08 	0.02 4.20577 	HJ_P_Move
156	0.02 0.5 0.14 0.44 0.14 0.02 0.5 0.5 0.5 0.02 0.5 0.02 0.5 0.38 0.5 0.26 0.5 0.5 0.5 0.32 0.5 0.44 0.08 0.5 0.02 0.44 0.5 0.5 0.5 0.08 	0.02 4.19646 	PatMove
157	0.02 0.5 0.14 0.44 0.14 0.02 0.5 0.5 0.5 0.02 0.5 0.02 0.5 0.38 0.5 0.26 0.5 0.5 0.5 0.29 0.5 0.44 0.08 0.5 0.02 0.44 0.5 0.5 0.5 0.08 	0.02 4.18715 	HJ_P_Move
158	0.02 0.5 0.14 0.44 0.14 0.02 0.5 0.5 0.5 0.02 0.5 0.02 0.5 0.38 0.5 0.26 0.5 0.5 0.5 0.26 0.5 0.44 0.08 0.5 0.02 0.44 0.5 0.5 0.5 0.08 	0.02 4.17784 	PatMove
159	0.02 0.5 0.14 0.44 0.11 0.02 0.5 0.5 0.5 0.02 0.5 0.02 0.5 0.38 0.5 0.26 0.5 0.5 0.5 0.26 0.5 0.44 0.08 0.5 0.02 0.44 0.5 0.5 0.5 0.08 	0.02 4.16852 	HJ_P_Move
160	0.02 0.5 0.14 0.44 0.08 0.02 0.5 0.5 0.5 0.02 0.5 0.02 0.5 0.38 0.5 0.26 0.5 0.5 0.5 0.26 0.5 0.44 0.08 0.5 0.02 0.44 0.5 0.5 0.5 0.08 	0.02 4.15921 	PatMove
161	0.02 0.5 0.14 0.44 0.08 0.02 0.5 0.5 0.5 0.02 0.47 0.02 0.5 0.38 0.5 0.26 0.5 0.5 0.5 0.26 0.5 0.44 0.08 0.5 0.02 0.44 0.5 0.5 0.5 0.08 	0.02 4.1499 	HJ_P_Move
162	0.02 0.5 0.14 0.44 0.08 0.02 0.5 0.5 0.5 0.02 0.44 0.02 0.5 0.38 0.5 0.26 0.5 0.5 0.5 0.26 0.5 0.44 0.08 0.5 0.02 0.44 0.5 0.5 0.5 0.08 	0.02 4.14059 	PatMove
163	0.02 0.5 0.14 0.44 0.08 0.02 0.5 0.5 0.5 0.02 0.44 0.02 0.5 0.38 0.5 0.26 0.5 0.5 0.5 0.23 0.5 0.44 0.08 0.5 0.02 0.44 0.5 0.5 0.5 0.08 	0.02 4.13128 	HJ_P_Move
164	0.02 0.5 0.14 0.44 0.08 0.02 0.5 0.5 0.5 0.02 0.44 0.02 0.5 0.38 0.5 0.26 0.5 0.5 0.5 0.2 0.5 0.44 0.08 0.5 0.02 0.44 0.5 0.5 0.5 0.08 	0.02 4.12197 	PatMove
165	0.02 0.5 0.14 0.44 0.08 0.02 0.5 0.5 0.5 0.02 0.44 0.02 0.5 0.38 0.5 0.26 0.5 0.5 0.5 0.17 0.5 0.44 0.08 0.5 0.02 0.44 0.5 0.5 0.5 0.08 	0.02 4.11266 	HJ_P_Move
166	0.02 0.5 0.14 0.44 0.08 0.02 0.5 0.5 0.5 0.02 0.44 0.02 0.5 0.38 0.5 0.26 0.5 0.5 0.5 0.14 0.5 0.44 0.08 0.5 0.02 0.44 0.5 0.5 0.5 0.08 	0.02 4.10335 	PatMove
167	0.02 0.5 0.14 0.44 0.08 0.02 0.5 0.5 0.5 0.02 0.44 0.02 0.5 0.38 0.5 0.26 0.5 0.5 0.5 0.11 0.5 0.44 0.08 0.5 0.02 0.44 0.5 0.5 0.5 0.08 	0.02 4.09404 	HJ_P_Move
168	0.02 0.5 0.14 0.44 0.08 0.02 0.5 0.5 0.5 0.02 0.44 0.02 0.5 0.38 0.5 0.26 0.5 0.5 0.5 0.08 0.5 0.44 0.08 0.5 0.02 0.44 0.5 0.5 0.5 0.08 	0.02 4.08473 	PatMove
169	0.02 0.5 0.14 0.44 0.08 0.02 0.5 0.5 0.5 0.02 0.41 0.02 0.5 0.38 0.5 0.26 0.5 0.5 0.5 0.08 0.5 0.44 0.08 0.5 0.02 0.44 0.5 0.5 0.5 0.08 	0.02 4.07542 	HJ_P_Move
170	0.02 0.5 0.14 0.44 0.08 0.02 0.5 0.5 0.5 0.02 0.38 0.02 0.5 0.38 0.5 0.26 0.5 0.5 0.5 0.08 0.5 0.44 0.08 0.5 0.02 0.44 0.5 0.5 0.5 0.08 	0.02 4.06611 	PatMove
171	0.02 0.5 0.14 0.44 0.08 0.02 0.5 0.5 0.5 0.02 0.38 0.02 0.5 0.38 0.5 0.26 0.5 0.5 0.5 0.05 0.5 0.44 0.08 0.5 0.02 0.44 0.5 0.5 0.5 0.08 	0.02 4.0568 	HJ_P_Move
172	0.02 0.5 0.14 0.44 0.08 0.02 0.5 0.5 0.5 0.02 0.38 0.02 0.5 0.38 0.5 0.26 0.5 0.5 0.5 0.02 0.5 0.44 0.08 0.5 0.02 0.44 0.5 0.5 0.5 0.08 	0.02 4.04749 	PatMove
173	0.02 0.5 0.11 0.44 0.08 0.02 0.5 0.5 0.5 0.02 0.38 0.02 0.5 0.38 0.5 0.26 0.5 0.5 0.5 0.02 0.5 0.44 0.08 0.5 0.02 0.44 0.5 0.5 0.5 0.08 	0.02 4.03818 	HJ_P_Move
174	0.02 0.5 0.08 0.44 0.08 0.02 0.5 0.5 0.5 0.02 0.38 0.02 0.5 0.38 0.5 0.26 0.5 0.5 0.5 0.02 0.5 0.44 0.08 0.5 0.02 0.44 0.5 0.5 0.5 0.08 	0.02 4.02887 	PatMove
175	0.02 0.5 0.08 0.44 0.08 0.02 0.5 0.5 0.5 0.02 0.38 0.02 0.5 0.38 0.5 0.26 0.5 0.5 0.5 0.02 0.47 0.44 0.08 0.5 0.02 0.44 0.5 0.5 0.5 0.08 	0.02 4.01956 	HJ_P_Move
